0 -1
0.01 -0.99682
0.02 -0.99363
0.03 -0.99045
0.04 -0.98727
0.05 -0.98408
0.06 -0.9809
0.07 -0.97772
0.08 -0.97454
0.09 -0.97135
0.1 -0.96817
0.11 -0.96499
0.12 -0.9618
0.13 -0.95862
0.14 -0.95544
0.15 -0.95225
0.16 -0.94907
0.17 -0.94589
0.18 -0.9427
0.19 -0.93952
0.2 -0.93634
0.21 -0.93315
0.22 -0.92997
0.23 -0.92679
0.24 -0.92361
0.25 -0.92042
0.26 -0.91724
0.27 -0.91406
0.28 -0.91087
0.29 -0.90769
0.3 -0.90451
0.31 -0.90132
0.32 -0.89814
0.33 -0.89496
0.34 -0.89177
0.35 -0.88859
0.36 -0.88541
0.37 -0.88223
0.38 -0.87904
0.39 -0.87586
0.4 -0.87268
0.41 -0.86949
0.42 -0.86631
0.43 -0.86313
0.44 -0.85994
0.45 -0.85676
0.46 -0.85358
0.47 -0.85039
0.48 -0.84721
0.49 -0.84403
0.5 -0.84085
0.51 -0.83766
0.52 -0.83448
0.53 -0.8313
0.54 -0.82811
0.55 -0.82493
0.56 -0.82175
0.57 -0.81856
0.58 -0.81538
0.59 -0.8122
0.6 -0.80901
0.61 -0.80583
0.62 -0.80265
0.63 -0.79946
0.64 -0.79628
0.65 -0.7931
0.66 -0.78992
0.67 -0.78673
0.68 -0.78355
0.69 -0.78037
0.7 -0.77718
0.71 -0.774
0.72 -0.77082
0.73 -0.76763
0.74 -0.76445
0.75 -0.76127
0.76 -0.75808
0.77 -0.7549
0.78 -0.75172
0.79 -0.74854
0.8 -0.74535
0.81 -0.74217
0.82 -0.73899
0.83 -0.7358
0.84 -0.73262
0.85 -0.72944
0.86 -0.72625
0.87 -0.72307
0.88 -0.71989
0.89 -0.7167
0.9 -0.71352
0.91 -0.71034
0.92 -0.70715
0.93 -0.70397
0.94 -0.70079
0.95 -0.69761
0.96 -0.69442
0.97 -0.69124
0.98 -0.68806
0.99 -0.68487
1 -0.68169
1.01 -0.67851
1.02 -0.67532
1.03 -0.67214
1.04 -0.66896
1.05 -0.66577
1.06 -0.66259
1.07 -0.65941
1.08 -0.65623
1.09 -0.65304
1.1 -0.64986
1.11 -0.64668
1.12 -0.64349
1.13 -0.64031
1.14 -0.63713
1.15 -0.63394
1.16 -0.63076
1.17 -0.62758
1.18 -0.62439
1.19 -0.62121
1.2 -0.61803
1.21 -0.61485
1.22 -0.61166
1.23 -0.60848
1.24 -0.6053
1.25 -0.60211
1.26 -0.59893
1.27 -0.59575
1.28 -0.59256
1.29 -0.58938
1.3 -0.5862
1.31 -0.58301
1.32 -0.57983
1.33 -0.57665
1.34 -0.57346
1.35 -0.57028
1.36 -0.5671
1.37 -0.56392
1.38 -0.56073
1.39 -0.55755
1.4 -0.55437
1.41 -0.55118
1.42 -0.548
1.43 -0.54482
1.44 -0.54163
1.45 -0.53845
1.46 -0.53527
1.47 -0.53208
1.48 -0.5289
1.49 -0.52572
1.5 -0.52254
1.51 -0.51935
1.52 -0.51617
1.53 -0.51299
1.54 -0.5098
1.55 -0.50662
1.56 -0.50344
1.57 -0.50025
1.58 -0.49707
1.59 -0.49389
1.6 -0.4907
1.61 -0.48752
1.62 -0.48434
1.63 -0.48115
1.64 -0.47797
1.65 -0.47479
1.66 -0.47161
1.67 -0.46842
1.68 -0.46524
1.69 -0.46206
1.7 -0.45887
1.71 -0.45569
1.72 -0.45251
1.73 -0.44932
1.74 -0.44614
1.75 -0.44296
1.76 -0.43977
1.77 -0.43659
1.78 -0.43341
1.79 -0.43023
1.8 -0.42704
1.81 -0.42386
1.82 -0.42068
1.83 -0.41749
1.84 -0.41431
1.85 -0.41113
1.86 -0.40794
1.87 -0.40476
1.88 -0.40158
1.89 -0.39839
1.9 -0.39521
1.91 -0.39203
1.92 -0.38885
1.93 -0.38566
1.94 -0.38248
1.95 -0.3793
1.96 -0.37611
1.97 -0.37293
1.98 -0.36975
1.99 -0.36656
2 -0.36338
2.01 -0.3602
2.02 -0.35701
2.03 -0.35383
2.04 -0.35065
2.05 -0.34746
2.06 -0.34428
2.07 -0.3411
2.08 -0.33792
2.09 -0.33473
2.1 -0.33155
2.11 -0.32837
2.12 -0.32518
2.13 -0.322
2.14 -0.31882
2.15 -0.31563
2.16 -0.31245
2.17 -0.30927
2.18 -0.30608
2.19 -0.3029
2.2 -0.29972
2.21 -0.29654
2.22 -0.29335
2.23 -0.29017
2.24 -0.28699
2.25 -0.2838
2.26 -0.28062
2.27 -0.27744
2.28 -0.27425
2.29 -0.27107
2.3 -0.26789
2.31 -0.2647
2.32 -0.26152
2.33 -0.25834
2.34 -0.25515
2.35 -0.25197
2.36 -0.24879
2.37 -0.24561
2.38 -0.24242
2.39 -0.23924
2.4 -0.23606
2.41 -0.23287
2.42 -0.22969
2.43 -0.22651
2.44 -0.22332
2.45 -0.22014
2.46 -0.21696
2.47 -0.21377
2.48 -0.21059
2.49 -0.20741
2.5 -0.20423
2.51 -0.20104
2.52 -0.19786
2.53 -0.19468
2.54 -0.19149
2.55 -0.18831
2.56 -0.18513
2.57 -0.18194
2.58 -0.17876
2.59 -0.17558
2.6 -0.17239
2.61 -0.16921
2.62 -0.16603
2.63 -0.16284
2.64 -0.15966
2.65 -0.15648
2.66 -0.1533
2.67 -0.15011
2.68 -0.14693
2.69 -0.14375
2.7 -0.14056
2.71 -0.13738
2.72 -0.1342
2.73 -0.13101
2.74 -0.12783
2.75 -0.12465
2.76 -0.12146
2.77 -0.11828
2.78 -0.1151
2.79 -0.11192
2.8 -0.10873
2.81 -0.10555
2.82 -0.10237
2.83 -0.099183
2.84 -0.096
2.85 -0.092817
2.86 -0.089634
2.87 -0.086451
2.88 -0.083268
2.89 -0.080084
2.9 -0.076901
2.91 -0.073718
2.92 -0.070535
2.93 -0.067352
2.94 -0.064169
2.95 -0.060986
2.96 -0.057803
2.97 -0.05462
2.98 -0.051437
2.99 -0.048253
3 -0.04507
3.01 -0.041887
3.02 -0.038704
3.03 -0.035521
3.04 -0.032338
3.05 -0.029155
3.06 -0.025972
3.07 -0.022789
3.08 -0.019606
3.09 -0.016422
3.1 -0.013239
3.11 -0.010056
3.12 -0.0068732
3.13 -0.0036901
3.14 -0.00050696
3.15 0.0026761
3.16 0.0058592
3.17 0.0090423
3.18 0.012225
3.19 0.015409
3.2 0.018592
3.21 0.021775
3.22 0.024958
3.23 0.028141
3.24 0.031324
3.25 0.034507
3.26 0.03769
3.27 0.040873
3.28 0.044056
3.29 0.04724
3.3 0.050423
3.31 0.053606
3.32 0.056789
3.33 0.059972
3.34 0.063155
3.35 0.066338
3.36 0.069521
3.37 0.072704
3.38 0.075887
3.39 0.079071
3.4 0.082254
3.41 0.085437
3.42 0.08862
3.43 0.091803
3.44 0.094986
3.45 0.098169
3.46 0.10135
3.47 0.10454
3.48 0.10772
3.49 0.1109
3.5 0.11408
3.51 0.11727
3.52 0.12045
3.53 0.12363
3.54 0.12682
3.55 0.13
3.56 0.13318
3.57 0.13637
3.58 0.13955
3.59 0.14273
3.6 0.14592
3.61 0.1491
3.62 0.15228
3.63 0.15546
3.64 0.15865
3.65 0.16183
3.66 0.16501
3.67 0.1682
3.68 0.17138
3.69 0.17456
3.7 0.17775
3.71 0.18093
3.72 0.18411
3.73 0.1873
3.74 0.19048
3.75 0.19366
3.76 0.19685
3.77 0.20003
3.78 0.20321
3.79 0.20639
3.8 0.20958
3.81 0.21276
3.82 0.21594
3.83 0.21913
3.84 0.22231
3.85 0.22549
3.86 0.22868
3.87 0.23186
3.88 0.23504
3.89 0.23823
3.9 0.24141
3.91 0.24459
3.92 0.24777
3.93 0.25096
3.94 0.25414
3.95 0.25732
3.96 0.26051
3.97 0.26369
3.98 0.26687
3.99 0.27006
4 0.27324
4.01 0.27642
4.02 0.27961
4.03 0.28279
4.04 0.28597
4.05 0.28916
4.06 0.29234
4.07 0.29552
4.08 0.2987
4.09 0.30189
4.1 0.30507
4.11 0.30825
4.12 0.31144
4.13 0.31462
4.14 0.3178
4.15 0.32099
4.16 0.32417
4.17 0.32735
4.18 0.33054
4.19 0.33372
4.2 0.3369
4.21 0.34008
4.22 0.34327
4.23 0.34645
4.24 0.34963
4.25 0.35282
4.26 0.356
4.27 0.35918
4.28 0.36237
4.29 0.36555
4.3 0.36873
4.31 0.37192
4.32 0.3751
4.33 0.37828
4.34 0.38146
4.35 0.38465
4.36 0.38783
4.37 0.39101
4.38 0.3942
4.39 0.39738
4.4 0.40056
4.41 0.40375
4.42 0.40693
4.43 0.41011
4.44 0.4133
4.45 0.41648
4.46 0.41966
4.47 0.42285
4.48 0.42603
4.49 0.42921
4.5 0.43239
4.51 0.43558
4.52 0.43876
4.53 0.44194
4.54 0.44513
4.55 0.44831
4.56 0.45149
4.57 0.45468
4.58 0.45786
4.59 0.46104
4.6 0.46423
4.61 0.46741
4.62 0.47059
4.63 0.47377
4.64 0.47696
4.65 0.48014
4.66 0.48332
4.67 0.48651
4.68 0.48969
4.69 0.49287
4.7 0.49606
4.71 0.49924
4.72 0.50242
4.73 0.50561
4.74 0.50879
4.75 0.51197
4.76 0.51516
4.77 0.51834
4.78 0.52152
4.79 0.5247
4.8 0.52789
4.81 0.53107
4.82 0.53425
4.83 0.53744
4.84 0.54062
4.85 0.5438
4.86 0.54699
4.87 0.55017
4.88 0.55335
4.89 0.55654
4.9 0.55972
4.91 0.5629
4.92 0.56608
4.93 0.56927
4.94 0.57245
4.95 0.57563
4.96 0.57882
4.97 0.582
4.98 0.58518
4.99 0.58837
5 0.59155
5.01 0.59473
5.02 0.59792
5.03 0.6011
5.04 0.60428
5.05 0.60746
5.06 0.61065
5.07 0.61383
5.08 0.61701
5.09 0.6202
5.1 0.62338
5.11 0.62656
5.12 0.62975
5.13 0.63293
5.14 0.63611
5.15 0.6393
5.16 0.64248
5.17 0.64566
5.18 0.64885
5.19 0.65203
5.2 0.65521
5.21 0.65839
5.22 0.66158
5.23 0.66476
5.24 0.66794
5.25 0.67113
5.26 0.67431
5.27 0.67749
5.28 0.68068
5.29 0.68386
5.3 0.68704
5.31 0.69023
5.32 0.69341
5.33 0.69659
5.34 0.69977
5.35 0.70296
5.36 0.70614
5.37 0.70932
5.38 0.71251
5.39 0.71569
5.4 0.71887
5.41 0.72206
5.42 0.72524
5.43 0.72842
5.44 0.73161
5.45 0.73479
5.46 0.73797
5.47 0.74116
5.48 0.74434
5.49 0.74752
5.5 0.7507
5.51 0.75389
5.52 0.75707
5.53 0.76025
5.54 0.76344
5.55 0.76662
5.56 0.7698
5.57 0.77299
5.58 0.77617
5.59 0.77935
5.6 0.78254
5.61 0.78572
5.62 0.7889
5.63 0.79208
5.64 0.79527
5.65 0.79845
5.66 0.80163
5.67 0.80482
5.68 0.808
5.69 0.81118
5.7 0.81437
5.71 0.81755
5.72 0.82073
5.73 0.82392
5.74 0.8271
5.75 0.83028
5.76 0.83346
5.77 0.83665
5.78 0.83983
5.79 0.84301
5.8 0.8462
5.81 0.84938
5.82 0.85256
5.83 0.85575
5.84 0.85893
5.85 0.86211
5.86 0.8653
5.87 0.86848
5.88 0.87166
5.89 0.87485
5.9 0.87803
5.91 0.88121
5.92 0.88439
5.93 0.88758
5.94 0.89076
5.95 0.89394
5.96 0.89713
5.97 0.90031
5.98 0.90349
5.99 0.90668
6 0.90986
6.01 0.91304
6.02 0.91623
6.03 0.91941
6.04 0.92259
6.05 0.92577
6.06 0.92896
6.07 0.93214
6.08 0.93532
6.09 0.93851
6.1 0.94169
6.11 0.94487
6.12 0.94806
6.13 0.95124
6.14 0.95442
6.15 0.95761
6.16 0.96079
6.17 0.96397
6.18 0.96716
6.19 0.97034
6.2 0.97352
6.21 0.9767
6.22 0.97989
6.23 0.98307
6.24 0.98625
6.25 0.98944
6.26 0.99262
6.27 0.9958
6.28 0.99899
6.29 0.99783
6.3 0.99465
6.31 0.99146
6.32 0.98828
6.33 0.9851
6.34 0.98192
6.35 0.97873
6.36 0.97555
6.37 0.97237
6.38 0.96918
6.39 0.966
6.4 0.96282
6.41 0.95963
6.42 0.95645
6.43 0.95327
6.44 0.95008
6.45 0.9469
6.46 0.94372
6.47 0.94054
6.48 0.93735
6.49 0.93417
6.5 0.93099
6.51 0.9278
6.52 0.92462
6.53 0.92144
6.54 0.91825
6.55 0.91507
6.56 0.91189
6.57 0.9087
6.58 0.90552
6.59 0.90234
6.6 0.89915
6.61 0.89597
6.62 0.89279
6.63 0.88961
6.64 0.88642
6.65 0.88324
6.66 0.88006
6.67 0.87687
6.68 0.87369
6.69 0.87051
6.7 0.86732
6.71 0.86414
6.72 0.86096
6.73 0.85777
6.74 0.85459
6.75 0.85141
6.76 0.84823
6.77 0.84504
6.78 0.84186
6.79 0.83868
6.8 0.83549
6.81 0.83231
6.82 0.82913
6.83 0.82594
6.84 0.82276
6.85 0.81958
6.86 0.81639
6.87 0.81321
6.88 0.81003
6.89 0.80684
6.9 0.80366
6.91 0.80048
6.92 0.7973
6.93 0.79411
6.94 0.79093
6.95 0.78775
6.96 0.78456
6.97 0.78138
6.98 0.7782
6.99 0.77501
7 0.77183
7.01 0.76865
7.02 0.76546
7.03 0.76228
7.04 0.7591
7.05 0.75592
7.06 0.75273
7.07 0.74955
7.08 0.74637
7.09 0.74318
7.1 0.74
7.11 0.73682
7.12 0.73363
7.13 0.73045
7.14 0.72727
7.15 0.72408
7.16 0.7209
7.17 0.71772
7.18 0.71454
7.19 0.71135
7.2 0.70817
7.21 0.70499
7.22 0.7018
7.23 0.69862
7.24 0.69544
7.25 0.69225
7.26 0.68907
7.27 0.68589
7.28 0.6827
7.29 0.67952
7.3 0.67634
7.31 0.67315
7.32 0.66997
7.33 0.66679
7.34 0.66361
7.35 0.66042
7.36 0.65724
7.37 0.65406
7.38 0.65087
7.39 0.64769
7.4 0.64451
7.41 0.64132
7.42 0.63814
7.43 0.63496
7.44 0.63177
7.45 0.62859
7.46 0.62541
7.47 0.62223
7.48 0.61904
7.49 0.61586
7.5 0.61268
7.51 0.60949
7.52 0.60631
7.53 0.60313
7.54 0.59994
7.55 0.59676
7.56 0.59358
7.57 0.59039
7.58 0.58721
7.59 0.58403
7.6 0.58084
7.61 0.57766
7.62 0.57448
7.63 0.5713
7.64 0.56811
7.65 0.56493
7.66 0.56175
7.67 0.55856
7.68 0.55538
7.69 0.5522
7.7 0.54901
7.71 0.54583
7.72 0.54265
7.73 0.53946
7.74 0.53628
7.75 0.5331
7.76 0.52992
7.77 0.52673
7.78 0.52355
7.79 0.52037
7.8 0.51718
7.81 0.514
7.82 0.51082
7.83 0.50763
7.84 0.50445
7.85 0.50127
7.86 0.49808
7.87 0.4949
7.88 0.49172
7.89 0.48853
7.9 0.48535
7.91 0.48217
7.92 0.47899
7.93 0.4758
7.94 0.47262
7.95 0.46944
7.96 0.46625
7.97 0.46307
7.98 0.45989
7.99 0.4567
8 0.45352
8.01 0.45034
8.02 0.44715
8.03 0.44397
8.04 0.44079
8.05 0.43761
8.06 0.43442
8.07 0.43124
8.08 0.42806
8.09 0.42487
8.1 0.42169
8.11 0.41851
8.12 0.41532
8.13 0.41214
8.14 0.40896
8.15 0.40577
8.16 0.40259
8.17 0.39941
8.18 0.39623
8.19 0.39304
8.2 0.38986
8.21 0.38668
8.22 0.38349
8.23 0.38031
8.24 0.37713
8.25 0.37394
8.26 0.37076
8.27 0.36758
8.28 0.36439
8.29 0.36121
8.3 0.35803
8.31 0.35484
8.32 0.35166
8.33 0.34848
8.34 0.3453
8.35 0.34211
8.36 0.33893
8.37 0.33575
8.38 0.33256
8.39 0.32938
8.4 0.3262
8.41 0.32301
8.42 0.31983
8.43 0.31665
8.44 0.31346
8.45 0.31028
8.46 0.3071
8.47 0.30392
8.48 0.30073
8.49 0.29755
8.5 0.29437
8.51 0.29118
8.52 0.288
8.53 0.28482
8.54 0.28163
8.55 0.27845
8.56 0.27527
8.57 0.27208
8.58 0.2689
8.59 0.26572
8.6 0.26253
8.61 0.25935
8.62 0.25617
8.63 0.25299
8.64 0.2498
8.65 0.24662
8.66 0.24344
8.67 0.24025
8.68 0.23707
8.69 0.23389
8.7 0.2307
8.71 0.22752
8.72 0.22434
8.73 0.22115
8.74 0.21797
8.75 0.21479
8.76 0.21161
8.77 0.20842
8.78 0.20524
8.79 0.20206
8.8 0.19887
8.81 0.19569
8.82 0.19251
8.83 0.18932
8.84 0.18614
8.85 0.18296
8.86 0.17977
8.87 0.17659
8.88 0.17341
8.89 0.17023
8.9 0.16704
8.91 0.16386
8.92 0.16068
8.93 0.15749
8.94 0.15431
8.95 0.15113
8.96 0.14794
8.97 0.14476
8.98 0.14158
8.99 0.13839
9 0.13521
9.01 0.13203
9.02 0.12884
9.03 0.12566
9.04 0.12248
9.05 0.1193
9.06 0.11611
9.07 0.11293
9.08 0.10975
9.09 0.10656
9.1 0.10338
9.11 0.1002
9.12 0.097014
9.13 0.093831
9.14 0.090648
9.15 0.087465
9.16 0.084281
9.17 0.081098
9.18 0.077915
9.19 0.074732
9.2 0.071549
9.21 0.068366
9.22 0.065183
9.23 0.062
9.24 0.058817
9.25 0.055634
9.26 0.05245
9.27 0.049267
9.28 0.046084
9.29 0.042901
9.3 0.039718
9.31 0.036535
9.32 0.033352
9.33 0.030169
9.34 0.026986
9.35 0.023803
9.36 0.020619
9.37 0.017436
9.38 0.014253
9.39 0.01107
9.4 0.0078871
9.41 0.004704
9.42 0.0015209
9.43 -0.0016622
9.44 -0.0048453
9.45 -0.0080284
9.46 -0.011212
9.47 -0.014395
9.48 -0.017578
9.49 -0.020761
9.5 -0.023944
9.51 -0.027127
9.52 -0.03031
9.53 -0.033493
9.54 -0.036676
9.55 -0.039859
9.56 -0.043043
9.57 -0.046226
9.58 -0.049409
9.59 -0.052592
9.6 -0.055775
9.61 -0.058958
9.62 -0.062141
9.63 -0.065324
9.64 -0.068507
9.65 -0.07169
9.66 -0.074874
9.67 -0.078057
9.68 -0.08124
9.69 -0.084423
9.7 -0.087606
9.71 -0.090789
9.72 -0.093972
9.73 -0.097155
9.74 -0.10034
9.75 -0.10352
9.76 -0.1067
9.77 -0.10989
9.78 -0.11307
9.79 -0.11625
9.8 -0.11944
9.81 -0.12262
9.82 -0.1258
9.83 -0.12899
9.84 -0.13217
9.85 -0.13535
9.86 -0.13854
9.87 -0.14172
9.88 -0.1449
9.89 -0.14808
9.9 -0.15127
9.91 -0.15445
9.92 -0.15763
9.93 -0.16082
9.94 -0.164
9.95 -0.16718
9.96 -0.17037
9.97 -0.17355
9.98 -0.17673
9.99 -0.17992
10 -0.1831
10.01 -0.18628
10.02 -0.18947
10.03 -0.19265
10.04 -0.19583
10.05 -0.19901
10.06 -0.2022
10.07 -0.20538
10.08 -0.20856
10.09 -0.21175
10.1 -0.21493
10.11 -0.21811
10.12 -0.2213
10.13 -0.22448
10.14 -0.22766
10.15 -0.23085
10.16 -0.23403
10.17 -0.23721
10.18 -0.24039
10.19 -0.24358
10.2 -0.24676
10.21 -0.24994
10.22 -0.25313
10.23 -0.25631
10.24 -0.25949
10.25 -0.26268
10.26 -0.26586
10.27 -0.26904
10.28 -0.27223
10.29 -0.27541
10.3 -0.27859
10.31 -0.28177
10.32 -0.28496
10.33 -0.28814
10.34 -0.29132
10.35 -0.29451
10.36 -0.29769
10.37 -0.30087
10.38 -0.30406
10.39 -0.30724
10.4 -0.31042
10.41 -0.31361
10.42 -0.31679
10.43 -0.31997
10.44 -0.32316
10.45 -0.32634
10.46 -0.32952
10.47 -0.3327
10.48 -0.33589
10.49 -0.33907
10.5 -0.34225
10.51 -0.34544
10.52 -0.34862
10.53 -0.3518
10.54 -0.35499
10.55 -0.35817
10.56 -0.36135
10.57 -0.36454
10.58 -0.36772
10.59 -0.3709
10.6 -0.37408
10.61 -0.37727
10.62 -0.38045
10.63 -0.38363
10.64 -0.38682
10.65 -0.39
10.66 -0.39318
10.67 -0.39637
10.68 -0.39955
10.69 -0.40273
10.7 -0.40592
10.71 -0.4091
10.72 -0.41228
10.73 -0.41547
10.74 -0.41865
10.75 -0.42183
10.76 -0.42501
10.77 -0.4282
10.78 -0.43138
10.79 -0.43456
10.8 -0.43775
10.81 -0.44093
10.82 -0.44411
10.83 -0.4473
10.84 -0.45048
10.85 -0.45366
10.86 -0.45685
10.87 -0.46003
10.88 -0.46321
10.89 -0.46639
10.9 -0.46958
10.91 -0.47276
10.92 -0.47594
10.93 -0.47913
10.94 -0.48231
10.95 -0.48549
10.96 -0.48868
10.97 -0.49186
10.98 -0.49504
10.99 -0.49823
11 -0.50141
11.01 -0.50459
11.02 -0.50777
11.03 -0.51096
11.04 -0.51414
11.05 -0.51732
11.06 -0.52051
11.07 -0.52369
11.08 -0.52687
11.09 -0.53006
11.1 -0.53324
11.11 -0.53642
11.12 -0.53961
11.13 -0.54279
11.14 -0.54597
11.15 -0.54916
11.16 -0.55234
11.17 -0.55552
11.18 -0.5587
11.19 -0.56189
11.2 -0.56507
11.21 -0.56825
11.22 -0.57144
11.23 -0.57462
11.24 -0.5778
11.25 -0.58099
11.26 -0.58417
11.27 -0.58735
11.28 -0.59054
11.29 -0.59372
11.3 -0.5969
11.31 -0.60008
11.32 -0.60327
11.33 -0.60645
11.34 -0.60963
11.35 -0.61282
11.36 -0.616
11.37 -0.61918
11.38 -0.62237
11.39 -0.62555
11.4 -0.62873
11.41 -0.63192
11.42 -0.6351
11.43 -0.63828
11.44 -0.64147
11.45 -0.64465
11.46 -0.64783
11.47 -0.65101
11.48 -0.6542
11.49 -0.65738
11.5 -0.66056
11.51 -0.66375
11.52 -0.66693
11.53 -0.67011
11.54 -0.6733
11.55 -0.67648
11.56 -0.67966
11.57 -0.68285
11.58 -0.68603
11.59 -0.68921
11.6 -0.69239
11.61 -0.69558
11.62 -0.69876
11.63 -0.70194
11.64 -0.70513
11.65 -0.70831
11.66 -0.71149
11.67 -0.71468
11.68 -0.71786
11.69 -0.72104
11.7 -0.72423
11.71 -0.72741
11.72 -0.73059
11.73 -0.73377
11.74 -0.73696
11.75 -0.74014
11.76 -0.74332
11.77 -0.74651
11.78 -0.74969
11.79 -0.75287
11.8 -0.75606
11.81 -0.75924
11.82 -0.76242
11.83 -0.76561
11.84 -0.76879
11.85 -0.77197
11.86 -0.77516
11.87 -0.77834
11.88 -0.78152
11.89 -0.7847
11.9 -0.78789
11.91 -0.79107
11.92 -0.79425
11.93 -0.79744
11.94 -0.80062
11.95 -0.8038
11.96 -0.80699
11.97 -0.81017
11.98 -0.81335
11.99 -0.81654
12 -0.81972
12.01 -0.8229
12.02 -0.82608
12.03 -0.82927
12.04 -0.83245
12.05 -0.83563
12.06 -0.83882
12.07 -0.842
12.08 -0.84518
12.09 -0.84837
12.1 -0.85155
12.11 -0.85473
12.12 -0.85792
12.13 -0.8611
12.14 -0.86428
12.15 -0.86747
12.16 -0.87065
12.17 -0.87383
12.18 -0.87701
12.19 -0.8802
12.2 -0.88338
12.21 -0.88656
12.22 -0.88975
12.23 -0.89293
12.24 -0.89611
12.25 -0.8993
12.26 -0.90248
12.27 -0.90566
12.28 -0.90885
12.29 -0.91203
12.3 -0.91521
12.31 -0.91839
12.32 -0.92158
12.33 -0.92476
12.34 -0.92794
12.35 -0.93113
12.36 -0.93431
12.37 -0.93749
12.38 -0.94068
12.39 -0.94386
12.4 -0.94704
12.41 -0.95023
12.42 -0.95341
12.43 -0.95659
12.44 -0.95977
12.45 -0.96296
12.46 -0.96614
12.47 -0.96932
12.48 -0.97251
12.49 -0.97569
12.5 -0.97887
12.51 -0.98206
12.52 -0.98524
12.53 -0.98842
12.54 -0.99161
12.55 -0.99479
12.56 -0.99797
12.57 -0.99884
12.58 -0.99566
12.59 -0.99248
12.6 -0.9893
12.61 -0.98611
12.62 -0.98293
12.63 -0.97975
12.64 -0.97656
12.65 -0.97338
12.66 -0.9702
12.67 -0.96701
12.68 -0.96383
12.69 -0.96065
12.7 -0.95746
12.71 -0.95428
12.72 -0.9511
12.73 -0.94792
12.74 -0.94473
12.75 -0.94155
12.76 -0.93837
12.77 -0.93518
12.78 -0.932
12.79 -0.92882
12.8 -0.92563
12.81 -0.92245
12.82 -0.91927
12.83 -0.91608
12.84 -0.9129
12.85 -0.90972
12.86 -0.90653
12.87 -0.90335
12.88 -0.90017
12.89 -0.89699
12.9 -0.8938
12.91 -0.89062
12.92 -0.88744
12.93 -0.88425
12.94 -0.88107
12.95 -0.87789
12.96 -0.8747
12.97 -0.87152
12.98 -0.86834
12.99 -0.86515
13 -0.86197
13.01 -0.85879
13.02 -0.85561
13.03 -0.85242
13.04 -0.84924
13.05 -0.84606
13.06 -0.84287
13.07 -0.83969
13.08 -0.83651
13.09 -0.83332
13.1 -0.83014
13.11 -0.82696
13.12 -0.82377
13.13 -0.82059
13.14 -0.81741
13.15 -0.81422
13.16 -0.81104
13.17 -0.80786
13.18 -0.80468
13.19 -0.80149
13.2 -0.79831
13.21 -0.79513
13.22 -0.79194
13.23 -0.78876
13.24 -0.78558
13.25 -0.78239
13.26 -0.77921
13.27 -0.77603
13.28 -0.77284
13.29 -0.76966
13.3 -0.76648
13.31 -0.7633
13.32 -0.76011
13.33 -0.75693
13.34 -0.75375
13.35 -0.75056
13.36 -0.74738
13.37 -0.7442
13.38 -0.74101
13.39 -0.73783
13.4 -0.73465
13.41 -0.73146
13.42 -0.72828
13.43 -0.7251
13.44 -0.72192
13.45 -0.71873
13.46 -0.71555
13.47 -0.71237
13.48 -0.70918
13.49 -0.706
13.5 -0.70282
13.51 -0.69963
13.52 -0.69645
13.53 -0.69327
13.54 -0.69008
13.55 -0.6869
13.56 -0.68372
13.57 -0.68053
13.58 -0.67735
13.59 -0.67417
13.6 -0.67099
13.61 -0.6678
13.62 -0.66462
13.63 -0.66144
13.64 -0.65825
13.65 -0.65507
13.66 -0.65189
13.67 -0.6487
13.68 -0.64552
13.69 -0.64234
13.7 -0.63915
13.71 -0.63597
13.72 -0.63279
13.73 -0.62961
13.74 -0.62642
13.75 -0.62324
13.76 -0.62006
13.77 -0.61687
13.78 -0.61369
13.79 -0.61051
13.8 -0.60732
13.81 -0.60414
13.82 -0.60096
13.83 -0.59777
13.84 -0.59459
13.85 -0.59141
13.86 -0.58822
13.87 -0.58504
13.88 -0.58186
13.89 -0.57868
13.9 -0.57549
13.91 -0.57231
13.92 -0.56913
13.93 -0.56594
13.94 -0.56276
13.95 -0.55958
13.96 -0.55639
13.97 -0.55321
13.98 -0.55003
13.99 -0.54684
14 -0.54366
14.01 -0.54048
14.02 -0.5373
14.03 -0.53411
14.04 -0.53093
14.05 -0.52775
14.06 -0.52456
14.07 -0.52138
14.08 -0.5182
14.09 -0.51501
14.1 -0.51183
14.11 -0.50865
14.12 -0.50546
14.13 -0.50228
14.14 -0.4991
14.15 -0.49592
14.16 -0.49273
14.17 -0.48955
14.18 -0.48637
14.19 -0.48318
14.2 -0.48
14.21 -0.47682
14.22 -0.47363
14.23 -0.47045
14.24 -0.46727
14.25 -0.46408
14.26 -0.4609
14.27 -0.45772
14.28 -0.45453
14.29 -0.45135
14.3 -0.44817
14.31 -0.44499
14.32 -0.4418
14.33 -0.43862
14.34 -0.43544
14.35 -0.43225
14.36 -0.42907
14.37 -0.42589
14.38 -0.4227
14.39 -0.41952
14.4 -0.41634
14.41 -0.41315
14.42 -0.40997
14.43 -0.40679
14.44 -0.40361
14.45 -0.40042
14.46 -0.39724
14.47 -0.39406
14.48 -0.39087
14.49 -0.38769
14.5 -0.38451
14.51 -0.38132
14.52 -0.37814
14.53 -0.37496
14.54 -0.37177
14.55 -0.36859
14.56 -0.36541
14.57 -0.36222
14.58 -0.35904
14.59 -0.35586
14.6 -0.35268
14.61 -0.34949
14.62 -0.34631
14.63 -0.34313
14.64 -0.33994
14.65 -0.33676
14.66 -0.33358
14.67 -0.33039
14.68 -0.32721
14.69 -0.32403
14.7 -0.32084
14.71 -0.31766
14.72 -0.31448
14.73 -0.3113
14.74 -0.30811
14.75 -0.30493
14.76 -0.30175
14.77 -0.29856
14.78 -0.29538
14.79 -0.2922
14.8 -0.28901
14.81 -0.28583
14.82 -0.28265
14.83 -0.27946
14.84 -0.27628
14.85 -0.2731
14.86 -0.26992
14.87 -0.26673
14.88 -0.26355
14.89 -0.26037
14.9 -0.25718
14.91 -0.254
14.92 -0.25082
14.93 -0.24763
14.94 -0.24445
14.95 -0.24127
14.96 -0.23808
14.97 -0.2349
14.98 -0.23172
14.99 -0.22853
15 -0.22535
15.01 -0.22217
15.02 -0.21899
15.03 -0.2158
15.04 -0.21262
15.05 -0.20944
15.06 -0.20625
15.07 -0.20307
15.08 -0.19989
15.09 -0.1967
15.1 -0.19352
15.11 -0.19034
15.12 -0.18715
15.13 -0.18397
15.14 -0.18079
15.15 -0.17761
15.16 -0.17442
15.17 -0.17124
15.18 -0.16806
15.19 -0.16487
15.2 -0.16169
15.21 -0.15851
15.22 -0.15532
15.23 -0.15214
15.24 -0.14896
15.25 -0.14577
15.26 -0.14259
15.27 -0.13941
15.28 -0.13622
15.29 -0.13304
15.3 -0.12986
15.31 -0.12668
15.32 -0.12349
15.33 -0.12031
15.34 -0.11713
15.35 -0.11394
15.36 -0.11076
15.37 -0.10758
15.38 -0.10439
15.39 -0.10121
15.4 -0.098028
15.41 -0.094845
15.42 -0.091662
15.43 -0.088478
15.44 -0.085295
15.45 -0.082112
15.46 -0.078929
15.47 -0.075746
15.48 -0.072563
15.49 -0.06938
15.5 -0.066197
15.51 -0.063014
15.52 -0.059831
15.53 -0.056647
15.54 -0.053464
15.55 -0.050281
15.56 -0.047098
15.57 -0.043915
15.58 -0.040732
15.59 -0.037549
15.6 -0.034366
15.61 -0.031183
15.62 -0.028
15.63 -0.024816
15.64 -0.021633
15.65 -0.01845
15.66 -0.015267
15.67 -0.012084
15.68 -0.008901
15.69 -0.0057179
15.7 -0.0025348
15.71 0.00064831
15.72 0.0038314
15.73 0.0070145
15.74 0.010198
15.75 0.013381
15.76 0.016564
15.77 0.019747
15.78 0.02293
15.79 0.026113
15.8 0.029296
15.81 0.032479
15.82 0.035662
15.83 0.038845
15.84 0.042029
15.85 0.045212
15.86 0.048395
15.87 0.051578
15.88 0.054761
15.89 0.057944
15.9 0.061127
15.91 0.06431
15.92 0.067493
15.93 0.070676
15.94 0.07386
15.95 0.077043
15.96 0.080226
15.97 0.083409
15.98 0.086592
15.99 0.089775
16 0.092958
16.01 0.096141
16.02 0.099324
16.03 0.10251
16.04 0.10569
16.05 0.10887
16.06 0.11206
16.07 0.11524
16.08 0.11842
16.09 0.12161
16.1 0.12479
16.11 0.12797
16.12 0.13116
16.13 0.13434
16.14 0.13752
16.15 0.1407
16.16 0.14389
16.17 0.14707
16.18 0.15025
16.19 0.15344
16.2 0.15662
16.21 0.1598
16.22 0.16299
16.23 0.16617
16.24 0.16935
16.25 0.17254
16.26 0.17572
16.27 0.1789
16.28 0.18208
16.29 0.18527
16.3 0.18845
16.31 0.19163
16.32 0.19482
16.33 0.198
16.34 0.20118
16.35 0.20437
16.36 0.20755
16.37 0.21073
16.38 0.21392
16.39 0.2171
16.4 0.22028
16.41 0.22347
16.42 0.22665
16.43 0.22983
16.44 0.23301
16.45 0.2362
16.46 0.23938
16.47 0.24256
16.48 0.24575
16.49 0.24893
16.5 0.25211
16.51 0.2553
16.52 0.25848
16.53 0.26166
16.54 0.26485
16.55 0.26803
16.56 0.27121
16.57 0.27439
16.58 0.27758
16.59 0.28076
16.6 0.28394
16.61 0.28713
16.62 0.29031
16.63 0.29349
16.64 0.29668
16.65 0.29986
16.66 0.30304
16.67 0.30623
16.68 0.30941
16.69 0.31259
16.7 0.31578
16.71 0.31896
16.72 0.32214
16.73 0.32532
16.74 0.32851
16.75 0.33169
16.76 0.33487
16.77 0.33806
16.78 0.34124
16.79 0.34442
16.8 0.34761
16.81 0.35079
16.82 0.35397
16.83 0.35716
16.84 0.36034
16.85 0.36352
16.86 0.3667
16.87 0.36989
16.88 0.37307
16.89 0.37625
16.9 0.37944
16.91 0.38262
16.92 0.3858
16.93 0.38899
16.94 0.39217
16.95 0.39535
16.96 0.39854
16.97 0.40172
16.98 0.4049
16.99 0.40808
17 0.41127
17.01 0.41445
17.02 0.41763
17.03 0.42082
17.04 0.424
17.05 0.42718
17.06 0.43037
17.07 0.43355
17.08 0.43673
17.09 0.43992
17.1 0.4431
17.11 0.44628
17.12 0.44947
17.13 0.45265
17.14 0.45583
17.15 0.45901
17.16 0.4622
17.17 0.46538
17.18 0.46856
17.19 0.47175
17.2 0.47493
17.21 0.47811
17.22 0.4813
17.23 0.48448
17.24 0.48766
17.25 0.49085
17.26 0.49403
17.27 0.49721
17.28 0.50039
17.29 0.50358
17.3 0.50676
17.31 0.50994
17.32 0.51313
17.33 0.51631
17.34 0.51949
17.35 0.52268
17.36 0.52586
17.37 0.52904
17.38 0.53223
17.39 0.53541
17.4 0.53859
17.41 0.54178
17.42 0.54496
17.43 0.54814
17.44 0.55132
17.45 0.55451
17.46 0.55769
17.47 0.56087
17.48 0.56406
17.49 0.56724
17.5 0.57042
17.51 0.57361
17.52 0.57679
17.53 0.57997
17.54 0.58316
17.55 0.58634
17.56 0.58952
17.57 0.5927
17.58 0.59589
17.59 0.59907
17.6 0.60225
17.61 0.60544
17.62 0.60862
17.63 0.6118
17.64 0.61499
17.65 0.61817
17.66 0.62135
17.67 0.62454
17.68 0.62772
17.69 0.6309
17.7 0.63408
17.71 0.63727
17.72 0.64045
17.73 0.64363
17.74 0.64682
17.75 0.65
17.76 0.65318
17.77 0.65637
17.78 0.65955
17.79 0.66273
17.8 0.66592
17.81 0.6691
17.82 0.67228
17.83 0.67547
17.84 0.67865
17.85 0.68183
17.86 0.68501
17.87 0.6882
17.88 0.69138
17.89 0.69456
17.9 0.69775
17.91 0.70093
17.92 0.70411
17.93 0.7073
17.94 0.71048
17.95 0.71366
17.96 0.71685
17.97 0.72003
17.98 0.72321
17.99 0.72639
18 0.72958
18.01 0.73276
18.02 0.73594
18.03 0.73913
18.04 0.74231
18.05 0.74549
18.06 0.74868
18.07 0.75186
18.08 0.75504
18.09 0.75823
18.1 0.76141
18.11 0.76459
18.12 0.76778
18.13 0.77096
18.14 0.77414
18.15 0.77732
18.16 0.78051
18.17 0.78369
18.18 0.78687
18.19 0.79006
18.2 0.79324
18.21 0.79642
18.22 0.79961
18.23 0.80279
18.24 0.80597
18.25 0.80916
18.26 0.81234
18.27 0.81552
18.28 0.8187
18.29 0.82189
18.3 0.82507
18.31 0.82825
18.32 0.83144
18.33 0.83462
18.34 0.8378
18.35 0.84099
18.36 0.84417
18.37 0.84735
18.38 0.85054
18.39 0.85372
18.4 0.8569
18.41 0.86009
18.42 0.86327
18.43 0.86645
18.44 0.86963
18.45 0.87282
18.46 0.876
18.47 0.87918
18.48 0.88237
18.49 0.88555
18.5 0.88873
18.51 0.89192
18.52 0.8951
18.53 0.89828
18.54 0.90147
18.55 0.90465
18.56 0.90783
18.57 0.91101
18.58 0.9142
18.59 0.91738
18.6 0.92056
18.61 0.92375
18.62 0.92693
18.63 0.93011
18.64 0.9333
18.65 0.93648
18.66 0.93966
18.67 0.94285
18.68 0.94603
18.69 0.94921
18.7 0.95239
18.71 0.95558
18.72 0.95876
18.73 0.96194
18.74 0.96513
18.75 0.96831
18.76 0.97149
18.77 0.97468
18.78 0.97786
18.79 0.98104
18.8 0.98423
18.81 0.98741
18.82 0.99059
18.83 0.99378
18.84 0.99696
18.85 0.99986
18.86 0.99668
18.87 0.99349
18.88 0.99031
18.89 0.98713
18.9 0.98394
18.91 0.98076
18.92 0.97758
18.93 0.97439
18.94 0.97121
18.95 0.96803
18.96 0.96484
18.97 0.96166
18.98 0.95848
18.99 0.9553
19 0.95211
19.01 0.94893
19.02 0.94575
19.03 0.94256
19.04 0.93938
19.05 0.9362
19.06 0.93301
19.07 0.92983
19.08 0.92665
19.09 0.92346
19.1 0.92028
19.11 0.9171
19.12 0.91391
19.13 0.91073
19.14 0.90755
19.15 0.90437
19.16 0.90118
19.17 0.898
19.18 0.89482
19.19 0.89163
19.2 0.88845
19.21 0.88527
19.22 0.88208
19.23 0.8789
19.24 0.87572
19.25 0.87253
19.26 0.86935
19.27 0.86617
19.28 0.86299
19.29 0.8598
19.3 0.85662
19.31 0.85344
19.32 0.85025
19.33 0.84707
19.34 0.84389
19.35 0.8407
19.36 0.83752
19.37 0.83434
19.38 0.83115
19.39 0.82797
19.4 0.82479
19.41 0.82161
19.42 0.81842
19.43 0.81524
19.44 0.81206
19.45 0.80887
19.46 0.80569
19.47 0.80251
19.48 0.79932
19.49 0.79614
19.5 0.79296
19.51 0.78977
19.52 0.78659
19.53 0.78341
19.54 0.78022
19.55 0.77704
19.56 0.77386
19.57 0.77068
19.58 0.76749
19.59 0.76431
19.6 0.76113
19.61 0.75794
19.62 0.75476
19.63 0.75158
19.64 0.74839
19.65 0.74521
19.66 0.74203
19.67 0.73884
19.68 0.73566
19.69 0.73248
19.7 0.7293
19.71 0.72611
19.72 0.72293
19.73 0.71975
19.74 0.71656
19.75 0.71338
19.76 0.7102
19.77 0.70701
19.78 0.70383
19.79 0.70065
19.8 0.69746
19.81 0.69428
19.82 0.6911
19.83 0.68791
19.84 0.68473
19.85 0.68155
19.86 0.67837
19.87 0.67518
19.88 0.672
19.89 0.66882
19.9 0.66563
19.91 0.66245
19.92 0.65927
19.93 0.65608
19.94 0.6529
19.95 0.64972
19.96 0.64653
19.97 0.64335
19.98 0.64017
19.99 0.63699
20 0.6338
20.01 0.63062
20.02 0.62744
20.03 0.62425
20.04 0.62107
20.05 0.61789
20.06 0.6147
20.07 0.61152
20.08 0.60834
20.09 0.60515
20.1 0.60197
20.11 0.59879
20.12 0.59561
20.13 0.59242
20.14 0.58924
20.15 0.58606
20.16 0.58287
20.17 0.57969
20.18 0.57651
20.19 0.57332
20.2 0.57014
20.21 0.56696
20.22 0.56377
20.23 0.56059
20.24 0.55741
20.25 0.55422
20.26 0.55104
20.27 0.54786
20.28 0.54468
20.29 0.54149
20.3 0.53831
20.31 0.53513
20.32 0.53194
20.33 0.52876
20.34 0.52558
20.35 0.52239
20.36 0.51921
20.37 0.51603
20.38 0.51284
20.39 0.50966
20.4 0.50648
20.41 0.5033
20.42 0.50011
20.43 0.49693
20.44 0.49375
20.45 0.49056
20.46 0.48738
20.47 0.4842
20.48 0.48101
20.49 0.47783
20.5 0.47465
20.51 0.47146
20.52 0.46828
20.53 0.4651
20.54 0.46191
20.55 0.45873
20.56 0.45555
20.57 0.45237
20.58 0.44918
20.59 0.446
20.6 0.44282
20.61 0.43963
20.62 0.43645
20.63 0.43327
20.64 0.43008
20.65 0.4269
20.66 0.42372
20.67 0.42053
20.68 0.41735
20.69 0.41417
20.7 0.41099
20.71 0.4078
20.72 0.40462
20.73 0.40144
20.74 0.39825
20.75 0.39507
20.76 0.39189
20.77 0.3887
20.78 0.38552
20.79 0.38234
20.8 0.37915
20.81 0.37597
20.82 0.37279
20.83 0.36961
20.84 0.36642
20.85 0.36324
20.86 0.36006
20.87 0.35687
20.88 0.35369
20.89 0.35051
20.9 0.34732
20.91 0.34414
20.92 0.34096
20.93 0.33777
20.94 0.33459
20.95 0.33141
20.96 0.32822
20.97 0.32504
20.98 0.32186
20.99 0.31868
21 0.31549
21.01 0.31231
21.02 0.30913
21.03 0.30594
21.04 0.30276
21.05 0.29958
21.06 0.29639
21.07 0.29321
21.08 0.29003
21.09 0.28684
21.1 0.28366
21.11 0.28048
21.12 0.2773
21.13 0.27411
21.14 0.27093
21.15 0.26775
21.16 0.26456
21.17 0.26138
21.18 0.2582
21.19 0.25501
21.2 0.25183
21.21 0.24865
21.22 0.24546
21.23 0.24228
21.24 0.2391
21.25 0.23591
21.26 0.23273
21.27 0.22955
21.28 0.22637
21.29 0.22318
21.3 0.22
21.31 0.21682
21.32 0.21363
21.33 0.21045
21.34 0.20727
21.35 0.20408
21.36 0.2009
21.37 0.19772
21.38 0.19453
21.39 0.19135
21.4 0.18817
21.41 0.18499
21.42 0.1818
21.43 0.17862
21.44 0.17544
21.45 0.17225
21.46 0.16907
21.47 0.16589
21.48 0.1627
21.49 0.15952
21.5 0.15634
21.51 0.15315
21.52 0.14997
21.53 0.14679
21.54 0.14361
21.55 0.14042
21.56 0.13724
21.57 0.13406
21.58 0.13087
21.59 0.12769
21.6 0.12451
21.61 0.12132
21.62 0.11814
21.63 0.11496
21.64 0.11177
21.65 0.10859
21.66 0.10541
21.67 0.10222
21.68 0.099042
21.69 0.095859
21.7 0.092675
21.71 0.089492
21.72 0.086309
21.73 0.083126
21.74 0.079943
21.75 0.07676
21.76 0.073577
21.77 0.070394
21.78 0.067211
21.79 0.064028
21.8 0.060844
21.81 0.057661
21.82 0.054478
21.83 0.051295
21.84 0.048112
21.85 0.044929
21.86 0.041746
21.87 0.038563
21.88 0.03538
21.89 0.032197
21.9 0.029013
21.91 0.02583
21.92 0.022647
21.93 0.019464
21.94 0.016281
21.95 0.013098
21.96 0.0099149
21.97 0.0067318
21.98 0.0035487
21.99 0.0003656
22 -0.0028175
22.01 -0.0060006
22.02 -0.0091837
22.03 -0.012367
22.04 -0.01555
22.05 -0.018733
22.06 -0.021916
22.07 -0.025099
22.08 -0.028282
22.09 -0.031465
22.1 -0.034648
22.11 -0.037832
22.12 -0.041015
22.13 -0.044198
22.14 -0.047381
22.15 -0.050564
22.16 -0.053747
22.17 -0.05693
22.18 -0.060113
22.19 -0.063296
22.2 -0.066479
22.21 -0.069663
22.22 -0.072846
22.23 -0.076029
22.24 -0.079212
22.25 -0.082395
22.26 -0.085578
22.27 -0.088761
22.28 -0.091944
22.29 -0.095127
22.3 -0.09831
22.31 -0.10149
22.32 -0.10468
22.33 -0.10786
22.34 -0.11104
22.35 -0.11423
22.36 -0.11741
22.37 -0.12059
22.38 -0.12378
22.39 -0.12696
22.4 -0.13014
22.41 -0.13332
22.42 -0.13651
22.43 -0.13969
22.44 -0.14287
22.45 -0.14606
22.46 -0.14924
22.47 -0.15242
22.48 -0.15561
22.49 -0.15879
22.5 -0.16197
22.51 -0.16516
22.52 -0.16834
22.53 -0.17152
22.54 -0.1747
22.55 -0.17789
22.56 -0.18107
22.57 -0.18425
22.58 -0.18744
22.59 -0.19062
22.6 -0.1938
22.61 -0.19699
22.62 -0.20017
22.63 -0.20335
22.64 -0.20654
22.65 -0.20972
22.66 -0.2129
22.67 -0.21609
22.68 -0.21927
22.69 -0.22245
22.7 -0.22563
22.71 -0.22882
22.72 -0.232
22.73 -0.23518
22.74 -0.23837
22.75 -0.24155
22.76 -0.24473
22.77 -0.24792
22.78 -0.2511
22.79 -0.25428
22.8 -0.25747
22.81 -0.26065
22.82 -0.26383
22.83 -0.26701
22.84 -0.2702
22.85 -0.27338
22.86 -0.27656
22.87 -0.27975
22.88 -0.28293
22.89 -0.28611
22.9 -0.2893
22.91 -0.29248
22.92 -0.29566
22.93 -0.29885
22.94 -0.30203
22.95 -0.30521
22.96 -0.30839
22.97 -0.31158
22.98 -0.31476
22.99 -0.31794
23 -0.32113
23.01 -0.32431
23.02 -0.32749
23.03 -0.33068
23.04 -0.33386
23.05 -0.33704
23.06 -0.34023
23.07 -0.34341
23.08 -0.34659
23.09 -0.34978
23.1 -0.35296
23.11 -0.35614
23.12 -0.35932
23.13 -0.36251
23.14 -0.36569
23.15 -0.36887
23.16 -0.37206
23.17 -0.37524
23.18 -0.37842
23.19 -0.38161
23.2 -0.38479
23.21 -0.38797
23.22 -0.39116
23.23 -0.39434
23.24 -0.39752
23.25 -0.4007
23.26 -0.40389
23.27 -0.40707
23.28 -0.41025
23.29 -0.41344
23.3 -0.41662
23.31 -0.4198
23.32 -0.42299
23.33 -0.42617
23.34 -0.42935
23.35 -0.43254
23.36 -0.43572
23.37 -0.4389
23.38 -0.44209
23.39 -0.44527
23.4 -0.44845
23.41 -0.45163
23.42 -0.45482
23.43 -0.458
23.44 -0.46118
23.45 -0.46437
23.46 -0.46755
23.47 -0.47073
23.48 -0.47392
23.49 -0.4771
23.5 -0.48028
23.51 -0.48347
23.52 -0.48665
23.53 -0.48983
23.54 -0.49301
23.55 -0.4962
23.56 -0.49938
23.57 -0.50256
23.58 -0.50575
23.59 -0.50893
23.6 -0.51211
23.61 -0.5153
23.62 -0.51848
23.63 -0.52166
23.64 -0.52485
23.65 -0.52803
23.66 -0.53121
23.67 -0.5344
23.68 -0.53758
23.69 -0.54076
23.7 -0.54394
23.71 -0.54713
23.72 -0.55031
23.73 -0.55349
23.74 -0.55668
23.75 -0.55986
23.76 -0.56304
23.77 -0.56623
23.78 -0.56941
23.79 -0.57259
23.8 -0.57578
23.81 -0.57896
23.82 -0.58214
23.83 -0.58532
23.84 -0.58851
23.85 -0.59169
23.86 -0.59487
23.87 -0.59806
23.88 -0.60124
23.89 -0.60442
23.9 -0.60761
23.91 -0.61079
23.92 -0.61397
23.93 -0.61716
23.94 -0.62034
23.95 -0.62352
23.96 -0.6267
23.97 -0.62989
23.98 -0.63307
23.99 -0.63625
24 -0.63944
24.01 -0.64262
24.02 -0.6458
24.03 -0.64899
24.04 -0.65217
24.05 -0.65535
24.06 -0.65854
24.07 -0.66172
24.08 -0.6649
24.09 -0.66809
24.1 -0.67127
24.11 -0.67445
24.12 -0.67763
24.13 -0.68082
24.14 -0.684
24.15 -0.68718
24.16 -0.69037
24.17 -0.69355
24.18 -0.69673
24.19 -0.69992
24.2 -0.7031
24.21 -0.70628
24.22 -0.70947
24.23 -0.71265
24.24 -0.71583
24.25 -0.71901
24.26 -0.7222
24.27 -0.72538
24.28 -0.72856
24.29 -0.73175
24.3 -0.73493
24.31 -0.73811
24.32 -0.7413
24.33 -0.74448
24.34 -0.74766
24.35 -0.75085
24.36 -0.75403
24.37 -0.75721
24.38 -0.7604
24.39 -0.76358
24.4 -0.76676
24.41 -0.76994
24.42 -0.77313
24.43 -0.77631
24.44 -0.77949
24.45 -0.78268
24.46 -0.78586
24.47 -0.78904
24.48 -0.79223
24.49 -0.79541
24.5 -0.79859
24.51 -0.80178
24.52 -0.80496
24.53 -0.80814
24.54 -0.81132
24.55 -0.81451
24.56 -0.81769
24.57 -0.82087
24.58 -0.82406
24.59 -0.82724
24.6 -0.83042
24.61 -0.83361
24.62 -0.83679
24.63 -0.83997
24.64 -0.84316
24.65 -0.84634
24.66 -0.84952
24.67 -0.8527
24.68 -0.85589
24.69 -0.85907
24.7 -0.86225
24.71 -0.86544
24.72 -0.86862
24.73 -0.8718
24.74 -0.87499
24.75 -0.87817
24.76 -0.88135
24.77 -0.88454
24.78 -0.88772
24.79 -0.8909
24.8 -0.89409
24.81 -0.89727
24.82 -0.90045
24.83 -0.90363
24.84 -0.90682
24.85 -0.91
24.86 -0.91318
24.87 -0.91637
24.88 -0.91955
24.89 -0.92273
24.9 -0.92592
24.91 -0.9291
24.92 -0.93228
24.93 -0.93547
24.94 -0.93865
24.95 -0.94183
24.96 -0.94501
24.97 -0.9482
24.98 -0.95138
24.99 -0.95456
25 -0.95775
25.01 -0.96093
25.02 -0.96411
25.03 -0.9673
25.04 -0.97048
25.05 -0.97366
25.06 -0.97685
25.07 -0.98003
25.08 -0.98321
25.09 -0.9864
25.1 -0.98958
25.11 -0.99276
25.12 -0.99594
25.13 -0.99913
25.14 -0.99769
25.15 -0.99451
25.16 -0.99132
25.17 -0.98814
25.18 -0.98496
25.19 -0.98177
25.2 -0.97859
25.21 -0.97541
25.22 -0.97222
25.23 -0.96904
25.24 -0.96586
25.25 -0.96268
25.26 -0.95949
25.27 -0.95631
25.28 -0.95313
25.29 -0.94994
25.3 -0.94676
25.31 -0.94358
25.32 -0.94039
25.33 -0.93721
25.34 -0.93403
25.35 -0.93084
25.36 -0.92766
25.37 -0.92448
25.38 -0.9213
25.39 -0.91811
25.4 -0.91493
25.41 -0.91175
25.42 -0.90856
25.43 -0.90538
25.44 -0.9022
25.45 -0.89901
25.46 -0.89583
25.47 -0.89265
25.48 -0.88946
25.49 -0.88628
25.5 -0.8831
25.51 -0.87991
25.52 -0.87673
25.53 -0.87355
25.54 -0.87037
25.55 -0.86718
25.56 -0.864
25.57 -0.86082
25.58 -0.85763
25.59 -0.85445
25.6 -0.85127
25.61 -0.84808
25.62 -0.8449
25.63 -0.84172
25.64 -0.83853
25.65 -0.83535
25.66 -0.83217
25.67 -0.82899
25.68 -0.8258
25.69 -0.82262
25.7 -0.81944
25.71 -0.81625
25.72 -0.81307
25.73 -0.80989
25.74 -0.8067
25.75 -0.80352
25.76 -0.80034
25.77 -0.79715
25.78 -0.79397
25.79 -0.79079
25.8 -0.7876
25.81 -0.78442
25.82 -0.78124
25.83 -0.77806
25.84 -0.77487
25.85 -0.77169
25.86 -0.76851
25.87 -0.76532
25.88 -0.76214
25.89 -0.75896
25.9 -0.75577
25.91 -0.75259
25.92 -0.74941
25.93 -0.74622
25.94 -0.74304
25.95 -0.73986
25.96 -0.73668
25.97 -0.73349
25.98 -0.73031
25.99 -0.72713
26 -0.72394
26.01 -0.72076
26.02 -0.71758
26.03 -0.71439
26.04 -0.71121
26.05 -0.70803
26.06 -0.70484
26.07 -0.70166
26.08 -0.69848
26.09 -0.6953
26.1 -0.69211
26.11 -0.68893
26.12 -0.68575
26.13 -0.68256
26.14 -0.67938
26.15 -0.6762
26.16 -0.67301
26.17 -0.66983
26.18 -0.66665
26.19 -0.66346
26.2 -0.66028
26.21 -0.6571
26.22 -0.65391
26.23 -0.65073
26.24 -0.64755
26.25 -0.64437
26.26 -0.64118
26.27 -0.638
26.28 -0.63482
26.29 -0.63163
26.3 -0.62845
26.31 -0.62527
26.32 -0.62208
26.33 -0.6189
26.34 -0.61572
26.35 -0.61253
26.36 -0.60935
26.37 -0.60617
26.38 -0.60299
26.39 -0.5998
26.4 -0.59662
26.41 -0.59344
26.42 -0.59025
26.43 -0.58707
26.44 -0.58389
26.45 -0.5807
26.46 -0.57752
26.47 -0.57434
26.48 -0.57115
26.49 -0.56797
26.5 -0.56479
26.51 -0.5616
26.52 -0.55842
26.53 -0.55524
26.54 -0.55206
26.55 -0.54887
26.56 -0.54569
26.57 -0.54251
26.58 -0.53932
26.59 -0.53614
26.6 -0.53296
26.61 -0.52977
26.62 -0.52659
26.63 -0.52341
26.64 -0.52022
26.65 -0.51704
26.66 -0.51386
26.67 -0.51068
26.68 -0.50749
26.69 -0.50431
26.7 -0.50113
26.71 -0.49794
26.72 -0.49476
26.73 -0.49158
26.74 -0.48839
26.75 -0.48521
26.76 -0.48203
26.77 -0.47884
26.78 -0.47566
26.79 -0.47248
26.8 -0.4693
26.81 -0.46611
26.82 -0.46293
26.83 -0.45975
26.84 -0.45656
26.85 -0.45338
26.86 -0.4502
26.87 -0.44701
26.88 -0.44383
26.89 -0.44065
26.9 -0.43746
26.91 -0.43428
26.92 -0.4311
26.93 -0.42791
26.94 -0.42473
26.95 -0.42155
26.96 -0.41837
26.97 -0.41518
26.98 -0.412
26.99 -0.40882
27 -0.40563
27.01 -0.40245
27.02 -0.39927
27.03 -0.39608
27.04 -0.3929
27.05 -0.38972
27.06 -0.38653
27.07 -0.38335
27.08 -0.38017
27.09 -0.37699
27.1 -0.3738
27.11 -0.37062
27.12 -0.36744
27.13 -0.36425
27.14 -0.36107
27.15 -0.35789
27.16 -0.3547
27.17 -0.35152
27.18 -0.34834
27.19 -0.34515
27.2 -0.34197
27.21 -0.33879
27.22 -0.3356
27.23 -0.33242
27.24 -0.32924
27.25 -0.32606
27.26 -0.32287
27.27 -0.31969
27.28 -0.31651
27.29 -0.31332
27.3 -0.31014
27.31 -0.30696
27.32 -0.30377
27.33 -0.30059
27.34 -0.29741
27.35 -0.29422
27.36 -0.29104
27.37 -0.28786
27.38 -0.28468
27.39 -0.28149
27.4 -0.27831
27.41 -0.27513
27.42 -0.27194
27.43 -0.26876
27.44 -0.26558
27.45 -0.26239
27.46 -0.25921
27.47 -0.25603
27.48 -0.25284
27.49 -0.24966
27.5 -0.24648
27.51 -0.2433
27.52 -0.24011
27.53 -0.23693
27.54 -0.23375
27.55 -0.23056
27.56 -0.22738
27.57 -0.2242
27.58 -0.22101
27.59 -0.21783
27.6 -0.21465
27.61 -0.21146
27.62 -0.20828
27.63 -0.2051
27.64 -0.20191
27.65 -0.19873
27.66 -0.19555
27.67 -0.19237
27.68 -0.18918
27.69 -0.186
27.7 -0.18282
27.71 -0.17963
27.72 -0.17645
27.73 -0.17327
27.74 -0.17008
27.75 -0.1669
27.76 -0.16372
27.77 -0.16053
27.78 -0.15735
27.79 -0.15417
27.8 -0.15099
27.81 -0.1478
27.82 -0.14462
27.83 -0.14144
27.84 -0.13825
27.85 -0.13507
27.86 -0.13189
27.87 -0.1287
27.88 -0.12552
27.89 -0.12234
27.9 -0.11915
27.91 -0.11597
27.92 -0.11279
27.93 -0.1096
27.94 -0.10642
27.95 -0.10324
27.96 -0.10006
27.97 -0.096872
27.98 -0.093689
27.99 -0.090506
28 -0.087323
28.01 -0.08414
28.02 -0.080957
28.03 -0.077774
28.04 -0.074591
28.05 -0.071408
28.06 -0.068225
28.07 -0.065041
28.08 -0.061858
28.09 -0.058675
28.1 -0.055492
28.11 -0.052309
28.12 -0.049126
28.13 -0.045943
28.14 -0.04276
28.15 -0.039577
28.16 -0.036394
28.17 -0.033211
28.18 -0.030027
28.19 -0.026844
28.2 -0.023661
28.21 -0.020478
28.22 -0.017295
28.23 -0.014112
28.24 -0.010929
28.25 -0.0077457
28.26 -0.0045626
28.27 -0.0013795
28.28 0.0018036
28.29 0.0049867
28.3 0.0081698
28.31 0.011353
28.32 0.014536
28.33 0.017719
28.34 0.020902
28.35 0.024085
28.36 0.027268
28.37 0.030451
28.38 0.033635
28.39 0.036818
28.4 0.040001
28.41 0.043184
28.42 0.046367
28.43 0.04955
28.44 0.052733
28.45 0.055916
28.46 0.059099
28.47 0.062282
28.48 0.065466
28.49 0.068649
28.5 0.071832
28.51 0.075015
28.52 0.078198
28.53 0.081381
28.54 0.084564
28.55 0.087747
28.56 0.09093
28.57 0.094113
28.58 0.097297
28.59 0.10048
28.6 0.10366
28.61 0.10685
28.62 0.11003
28.63 0.11321
28.64 0.1164
28.65 0.11958
28.66 0.12276
28.67 0.12594
28.68 0.12913
28.69 0.13231
28.7 0.13549
28.71 0.13868
28.72 0.14186
28.73 0.14504
28.74 0.14823
28.75 0.15141
28.76 0.15459
28.77 0.15778
28.78 0.16096
28.79 0.16414
28.8 0.16732
28.81 0.17051
28.82 0.17369
28.83 0.17687
28.84 0.18006
28.85 0.18324
28.86 0.18642
28.87 0.18961
28.88 0.19279
28.89 0.19597
28.9 0.19916
28.91 0.20234
28.92 0.20552
28.93 0.20871
28.94 0.21189
28.95 0.21507
28.96 0.21825
28.97 0.22144
28.98 0.22462
28.99 0.2278
29 0.23099
29.01 0.23417
29.02 0.23735
29.03 0.24054
29.04 0.24372
29.05 0.2469
29.06 0.25009
29.07 0.25327
29.08 0.25645
29.09 0.25963
29.1 0.26282
29.11 0.266
29.12 0.26918
29.13 0.27237
29.14 0.27555
29.15 0.27873
29.16 0.28192
29.17 0.2851
29.18 0.28828
29.19 0.29147
29.2 0.29465
29.21 0.29783
29.22 0.30101
29.23 0.3042
29.24 0.30738
29.25 0.31056
29.26 0.31375
29.27 0.31693
29.28 0.32011
29.29 0.3233
29.3 0.32648
29.31 0.32966
29.32 0.33285
29.33 0.33603
29.34 0.33921
29.35 0.3424
29.36 0.34558
29.37 0.34876
29.38 0.35194
29.39 0.35513
29.4 0.35831
29.41 0.36149
29.42 0.36468
29.43 0.36786
29.44 0.37104
29.45 0.37423
29.46 0.37741
29.47 0.38059
29.48 0.38378
29.49 0.38696
29.5 0.39014
29.51 0.39332
29.52 0.39651
29.53 0.39969
29.54 0.40287
29.55 0.40606
29.56 0.40924
29.57 0.41242
29.58 0.41561
29.59 0.41879
29.6 0.42197
29.61 0.42516
29.62 0.42834
29.63 0.43152
29.64 0.43471
29.65 0.43789
29.66 0.44107
29.67 0.44425
29.68 0.44744
29.69 0.45062
29.7 0.4538
29.71 0.45699
29.72 0.46017
29.73 0.46335
29.74 0.46654
29.75 0.46972
29.76 0.4729
29.77 0.47609
29.78 0.47927
29.79 0.48245
29.8 0.48563
29.81 0.48882
29.82 0.492
29.83 0.49518
29.84 0.49837
29.85 0.50155
29.86 0.50473
29.87 0.50792
29.88 0.5111
29.89 0.51428
29.9 0.51747
29.91 0.52065
29.92 0.52383
29.93 0.52701
29.94 0.5302
29.95 0.53338
29.96 0.53656
29.97 0.53975
29.98 0.54293
29.99 0.54611
30 0.5493
