0 0.9
0.01 0.9
0.02 0.9
0.03 0.9
0.04 0.9
0.05 0.9
0.06 0.9
0.07 0.9
0.08 0.9
0.09 0.9
0.1 0.9
0.11 0.9
0.12 0.9
0.13 0.9
0.14 0.9
0.15 0.9
0.16 0.9
0.17 0.9
0.18 0.9
0.19 0.9
0.2 0.9
0.21 0.9
0.22 0.9
0.23 0.9
0.24 0.9
0.25 0.9
0.26 0.9
0.27 0.9
0.28 0.9
0.29 0.9
0.3 0.9
0.31 0.9
0.32 0.9
0.33 0.9
0.34 0.9
0.35 0.9
0.36 0.9
0.37 0.9
0.38 0.9
0.39 0.9
0.4 0.9
0.41 0.9
0.42 0.9
0.43 0.9
0.44 0.9
0.45 0.9
0.46 0.9
0.47 0.9
0.48 0.9
0.49 0.9
0.5 0.9
0.51 0.9
0.52 0.9
0.53 0.9
0.54 0.9
0.55 0.9
0.56 0.9
0.57 0.9
0.58 0.9
0.59 0.9
0.6 0.9
0.61 0.9
0.62 0.9
0.63 0.9
0.64 0.9
0.65 0.9
0.66 0.9
0.67 0.9
0.68 0.9
0.69 0.9
0.7 0.9
0.71 0.9
0.72 0.9
0.73 0.9
0.74 0.9
0.75 0.9
0.76 0.9
0.77 0.9
0.78 0.9
0.79 0.9
0.8 0.9
0.81 0.9
0.82 0.9
0.83 0.9
0.84 0.9
0.85 0.9
0.86 0.9
0.87 0.9
0.88 0.9
0.89 0.9
0.9 0.9
0.91 0.9
0.92 0.9
0.93 0.9
0.94 0.9
0.95 0.9
0.96 0.9
0.97 0.9
0.98 0.9
0.99 0.9
1 0.9
1.01 0.9
1.02 0.9
1.03 0.9
1.04 0.9
1.05 0.9
1.06 0.9
1.07 0.9
1.08 0.9
1.09 0.9
1.1 0.9
1.11 0.9
1.12 0.9
1.13 0.9
1.14 0.9
1.15 0.9
1.16 0.9
1.17 0.9
1.18 0.9
1.19 0.9
1.2 0.9
1.21 0.9
1.22 0.9
1.23 0.9
1.24 0.9
1.25 0.9
1.26 0.9
1.27 0.9
1.28 0.9
1.29 0.9
1.3 0.9
1.31 0.9
1.32 0.9
1.33 0.9
1.34 0.9
1.35 0.9
1.36 0.9
1.37 0.9
1.38 0.9
1.39 0.9
1.4 0.9
1.41 0.9
1.42 0.9
1.43 0.9
1.44 0.9
1.45 0.9
1.46 0.9
1.47 0.9
1.48 0.9
1.49 0.9
1.5 0.9
1.51 0.9
1.52 0.9
1.53 0.9
1.54 0.9
1.55 0.9
1.56 0.9
1.57 0.9
1.58 -0.9
1.59 -0.9
1.6 -0.9
1.61 -0.9
1.62 -0.9
1.63 -0.9
1.64 -0.9
1.65 -0.9
1.66 -0.9
1.67 -0.9
1.68 -0.9
1.69 -0.9
1.7 -0.9
1.71 -0.9
1.72 -0.9
1.73 -0.9
1.74 -0.9
1.75 -0.9
1.76 -0.9
1.77 -0.9
1.78 -0.9
1.79 -0.9
1.8 -0.9
1.81 -0.9
1.82 -0.9
1.83 -0.9
1.84 -0.9
1.85 -0.9
1.86 -0.9
1.87 -0.9
1.88 -0.9
1.89 -0.9
1.9 -0.9
1.91 -0.9
1.92 -0.9
1.93 -0.9
1.94 -0.9
1.95 -0.9
1.96 -0.9
1.97 -0.9
1.98 -0.9
1.99 -0.9
2 -0.9
2.01 -0.9
2.02 -0.9
2.03 -0.9
2.04 -0.9
2.05 -0.9
2.06 -0.9
2.07 -0.9
2.08 -0.9
2.09 -0.9
2.1 -0.9
2.11 -0.9
2.12 -0.9
2.13 -0.9
2.14 -0.9
2.15 -0.9
2.16 -0.9
2.17 -0.9
2.18 -0.9
2.19 -0.9
2.2 -0.9
2.21 -0.9
2.22 -0.9
2.23 -0.9
2.24 -0.9
2.25 -0.9
2.26 -0.9
2.27 -0.9
2.28 -0.9
2.29 -0.9
2.3 -0.9
2.31 -0.9
2.32 -0.9
2.33 -0.9
2.34 -0.9
2.35 -0.9
2.36 -0.9
2.37 -0.9
2.38 -0.9
2.39 -0.9
2.4 -0.9
2.41 -0.9
2.42 -0.9
2.43 -0.9
2.44 -0.9
2.45 -0.9
2.46 -0.9
2.47 -0.9
2.48 -0.9
2.49 -0.9
2.5 -0.9
2.51 -0.9
2.52 -0.9
2.53 -0.9
2.54 -0.9
2.55 -0.9
2.56 -0.9
2.57 -0.9
2.58 -0.9
2.59 -0.9
2.6 -0.9
2.61 -0.9
2.62 -0.9
2.63 -0.9
2.64 -0.9
2.65 -0.9
2.66 -0.9
2.67 -0.9
2.68 -0.9
2.69 -0.9
2.7 -0.9
2.71 -0.9
2.72 -0.9
2.73 -0.9
2.74 -0.9
2.75 -0.9
2.76 -0.9
2.77 -0.9
2.78 -0.9
2.79 -0.9
2.8 -0.9
2.81 -0.9
2.82 -0.9
2.83 -0.9
2.84 -0.9
2.85 -0.9
2.86 -0.9
2.87 -0.9
2.88 -0.9
2.89 -0.9
2.9 -0.9
2.91 -0.9
2.92 -0.9
2.93 -0.9
2.94 -0.9
2.95 -0.9
2.96 -0.9
2.97 -0.9
2.98 -0.9
2.99 -0.9
3 -0.9
3.01 -0.9
3.02 -0.9
3.03 -0.9
3.04 -0.9
3.05 -0.9
3.06 -0.9
3.07 -0.9
3.08 -0.9
3.09 -0.9
3.1 -0.9
3.11 -0.9
3.12 -0.9
3.13 -0.9
3.14 -0.9
3.15 0.9
3.16 0.9
3.17 0.9
3.18 0.9
3.19 0.9
3.2 0.9
3.21 0.9
3.22 0.9
3.23 0.9
3.24 0.9
3.25 0.9
3.26 0.9
3.27 0.9
3.28 0.9
3.29 0.9
3.3 0.9
3.31 0.9
3.32 0.9
3.33 0.9
3.34 0.9
3.35 0.9
3.36 0.9
3.37 0.9
3.38 0.9
3.39 0.9
3.4 0.9
3.41 0.9
3.42 0.9
3.43 0.9
3.44 0.9
3.45 0.9
3.46 0.9
3.47 0.9
3.48 0.9
3.49 0.9
3.5 0.9
3.51 0.9
3.52 0.9
3.53 0.9
3.54 0.9
3.55 0.9
3.56 0.9
3.57 0.9
3.58 0.9
3.59 0.9
3.6 0.9
3.61 0.9
3.62 0.9
3.63 0.9
3.64 0.9
3.65 0.9
3.66 0.9
3.67 0.9
3.68 0.9
3.69 0.9
3.7 0.9
3.71 0.9
3.72 0.9
3.73 0.9
3.74 0.9
3.75 0.9
3.76 0.9
3.77 0.9
3.78 0.9
3.79 0.9
3.8 0.9
3.81 0.9
3.82 0.9
3.83 0.9
3.84 0.9
3.85 0.9
3.86 0.9
3.87 0.9
3.88 0.9
3.89 0.9
3.9 0.9
3.91 0.9
3.92 0.9
3.93 0.9
3.94 0.9
3.95 0.9
3.96 0.9
3.97 0.9
3.98 0.9
3.99 0.9
4 0.9
4.01 0.9
4.02 0.9
4.03 0.9
4.04 0.9
4.05 0.9
4.06 0.9
4.07 0.9
4.08 0.9
4.09 0.9
4.1 0.9
4.11 0.9
4.12 0.9
4.13 0.9
4.14 0.9
4.15 0.9
4.16 0.9
4.17 0.9
4.18 0.9
4.19 0.9
4.2 0.9
4.21 0.9
4.22 0.9
4.23 0.9
4.24 0.9
4.25 0.9
4.26 0.9
4.27 0.9
4.28 0.9
4.29 0.9
4.3 0.9
4.31 0.9
4.32 0.9
4.33 0.9
4.34 0.9
4.35 0.9
4.36 0.9
4.37 0.9
4.38 0.9
4.39 0.9
4.4 0.9
4.41 0.9
4.42 0.9
4.43 0.9
4.44 0.9
4.45 0.9
4.46 0.9
4.47 0.9
4.48 0.9
4.49 0.9
4.5 0.9
4.51 0.9
4.52 0.9
4.53 0.9
4.54 0.9
4.55 0.9
4.56 0.9
4.57 0.9
4.58 0.9
4.59 0.9
4.6 0.9
4.61 0.9
4.62 0.9
4.63 0.9
4.64 0.9
4.65 0.9
4.66 0.9
4.67 0.9
4.68 0.9
4.69 0.9
4.7 0.9
4.71 0.9
4.72 -0.9
4.73 -0.9
4.74 -0.9
4.75 -0.9
4.76 -0.9
4.77 -0.9
4.78 -0.9
4.79 -0.9
4.8 -0.9
4.81 -0.9
4.82 -0.9
4.83 -0.9
4.84 -0.9
4.85 -0.9
4.86 -0.9
4.87 -0.9
4.88 -0.9
4.89 -0.9
4.9 -0.9
4.91 -0.9
4.92 -0.9
4.93 -0.9
4.94 -0.9
4.95 -0.9
4.96 -0.9
4.97 -0.9
4.98 -0.9
4.99 -0.9
5 -0.9
5.01 -0.9
5.02 -0.9
5.03 -0.9
5.04 -0.9
5.05 -0.9
5.06 -0.9
5.07 -0.9
5.08 -0.9
5.09 -0.9
5.1 -0.9
5.11 -0.9
5.12 -0.9
5.13 -0.9
5.14 -0.9
5.15 -0.9
5.16 -0.9
5.17 -0.9
5.18 -0.9
5.19 -0.9
5.2 -0.9
5.21 -0.9
5.22 -0.9
5.23 -0.9
5.24 -0.9
5.25 -0.9
5.26 -0.9
5.27 -0.9
5.28 -0.9
5.29 -0.9
5.3 -0.9
5.31 -0.9
5.32 -0.9
5.33 -0.9
5.34 -0.9
5.35 -0.9
5.36 -0.9
5.37 -0.9
5.38 -0.9
5.39 -0.9
5.4 -0.9
5.41 -0.9
5.42 -0.9
5.43 -0.9
5.44 -0.9
5.45 -0.9
5.46 -0.9
5.47 -0.9
5.48 -0.9
5.49 -0.9
5.5 -0.9
5.51 -0.9
5.52 -0.9
5.53 -0.9
5.54 -0.9
5.55 -0.9
5.56 -0.9
5.57 -0.9
5.58 -0.9
5.59 -0.9
5.6 -0.9
5.61 -0.9
5.62 -0.9
5.63 -0.9
5.64 -0.9
5.65 -0.9
5.66 -0.9
5.67 -0.9
5.68 -0.9
5.69 -0.9
5.7 -0.9
5.71 -0.9
5.72 -0.9
5.73 -0.9
5.74 -0.9
5.75 -0.9
5.76 -0.9
5.77 -0.9
5.78 -0.9
5.79 -0.9
5.8 -0.9
5.81 -0.9
5.82 -0.9
5.83 -0.9
5.84 -0.9
5.85 -0.9
5.86 -0.9
5.87 -0.9
5.88 -0.9
5.89 -0.9
5.9 -0.9
5.91 -0.9
5.92 -0.9
5.93 -0.9
5.94 -0.9
5.95 -0.9
5.96 -0.9
5.97 -0.9
5.98 -0.9
5.99 -0.9
6 -0.9
6.01 -0.9
6.02 -0.9
6.03 -0.9
6.04 -0.9
6.05 -0.9
6.06 -0.9
6.07 -0.9
6.08 -0.9
6.09 -0.9
6.1 -0.9
6.11 -0.9
6.12 -0.9
6.13 -0.9
6.14 -0.9
6.15 -0.9
6.16 -0.9
6.17 -0.9
6.18 -0.9
6.19 -0.9
6.2 -0.9
6.21 -0.9
6.22 -0.9
6.23 -0.9
6.24 -0.9
6.25 -0.9
6.26 -0.9
6.27 -0.9
6.28 -0.9
6.29 0.9
6.3 0.9
6.31 0.9
6.32 0.9
6.33 0.9
6.34 0.9
6.35 0.9
6.36 0.9
6.37 0.9
6.38 0.9
6.39 0.9
6.4 0.9
6.41 0.9
6.42 0.9
6.43 0.9
6.44 0.9
6.45 0.9
6.46 0.9
6.47 0.9
6.48 0.9
6.49 0.9
6.5 0.9
6.51 0.9
6.52 0.9
6.53 0.9
6.54 0.9
6.55 0.9
6.56 0.9
6.57 0.9
6.58 0.9
6.59 0.9
6.6 0.9
6.61 0.9
6.62 0.9
6.63 0.9
6.64 0.9
6.65 0.9
6.66 0.9
6.67 0.9
6.68 0.9
6.69 0.9
6.7 0.9
6.71 0.9
6.72 0.9
6.73 0.9
6.74 0.9
6.75 0.9
6.76 0.9
6.77 0.9
6.78 0.9
6.79 0.9
6.8 0.9
6.81 0.9
6.82 0.9
6.83 0.9
6.84 0.9
6.85 0.9
6.86 0.9
6.87 0.9
6.88 0.9
6.89 0.9
6.9 0.9
6.91 0.9
6.92 0.9
6.93 0.9
6.94 0.9
6.95 0.9
6.96 0.9
6.97 0.9
6.98 0.9
6.99 0.9
7 0.9
7.01 0.9
7.02 0.9
7.03 0.9
7.04 0.9
7.05 0.9
7.06 0.9
7.07 0.9
7.08 0.9
7.09 0.9
7.1 0.9
7.11 0.9
7.12 0.9
7.13 0.9
7.14 0.9
7.15 0.9
7.16 0.9
7.17 0.9
7.18 0.9
7.19 0.9
7.2 0.9
7.21 0.9
7.22 0.9
7.23 0.9
7.24 0.9
7.25 0.9
7.26 0.9
7.27 0.9
7.28 0.9
7.29 0.9
7.3 0.9
7.31 0.9
7.32 0.9
7.33 0.9
7.34 0.9
7.35 0.9
7.36 0.9
7.37 0.9
7.38 0.9
7.39 0.9
7.4 0.9
7.41 0.9
7.42 0.9
7.43 0.9
7.44 0.9
7.45 0.9
7.46 0.9
7.47 0.9
7.48 0.9
7.49 0.9
7.5 0.9
7.51 0.9
7.52 0.9
7.53 0.9
7.54 0.9
7.55 0.9
7.56 0.9
7.57 0.9
7.58 0.9
7.59 0.9
7.6 0.9
7.61 0.9
7.62 0.9
7.63 0.9
7.64 0.9
7.65 0.9
7.66 0.9
7.67 0.9
7.68 0.9
7.69 0.9
7.7 0.9
7.71 0.9
7.72 0.9
7.73 0.9
7.74 0.9
7.75 0.9
7.76 0.9
7.77 0.9
7.78 0.9
7.79 0.9
7.8 0.9
7.81 0.9
7.82 0.9
7.83 0.9
7.84 0.9
7.85 0.9
7.86 -0.9
7.87 -0.9
7.88 -0.9
7.89 -0.9
7.9 -0.9
7.91 -0.9
7.92 -0.9
7.93 -0.9
7.94 -0.9
7.95 -0.9
7.96 -0.9
7.97 -0.9
7.98 -0.9
7.99 -0.9
8 -0.9
8.01 -0.9
8.02 -0.9
8.03 -0.9
8.04 -0.9
8.05 -0.9
8.06 -0.9
8.07 -0.9
8.08 -0.9
8.09 -0.9
8.1 -0.9
8.11 -0.9
8.12 -0.9
8.13 -0.9
8.14 -0.9
8.15 -0.9
8.16 -0.9
8.17 -0.9
8.18 -0.9
8.19 -0.9
8.2 -0.9
8.21 -0.9
8.22 -0.9
8.23 -0.9
8.24 -0.9
8.25 -0.9
8.26 -0.9
8.27 -0.9
8.28 -0.9
8.29 -0.9
8.3 -0.9
8.31 -0.9
8.32 -0.9
8.33 -0.9
8.34 -0.9
8.35 -0.9
8.36 -0.9
8.37 -0.9
8.38 -0.9
8.39 -0.9
8.4 -0.9
8.41 -0.9
8.42 -0.9
8.43 -0.9
8.44 -0.9
8.45 -0.9
8.46 -0.9
8.47 -0.9
8.48 -0.9
8.49 -0.9
8.5 -0.9
8.51 -0.9
8.52 -0.9
8.53 -0.9
8.54 -0.9
8.55 -0.9
8.56 -0.9
8.57 -0.9
8.58 -0.9
8.59 -0.9
8.6 -0.9
8.61 -0.9
8.62 -0.9
8.63 -0.9
8.64 -0.9
8.65 -0.9
8.66 -0.9
8.67 -0.9
8.68 -0.9
8.69 -0.9
8.7 -0.9
8.71 -0.9
8.72 -0.9
8.73 -0.9
8.74 -0.9
8.75 -0.9
8.76 -0.9
8.77 -0.9
8.78 -0.9
8.79 -0.9
8.8 -0.9
8.81 -0.9
8.82 -0.9
8.83 -0.9
8.84 -0.9
8.85 -0.9
8.86 -0.9
8.87 -0.9
8.88 -0.9
8.89 -0.9
8.9 -0.9
8.91 -0.9
8.92 -0.9
8.93 -0.9
8.94 -0.9
8.95 -0.9
8.96 -0.9
8.97 -0.9
8.98 -0.9
8.99 -0.9
9 -0.9
9.01 -0.9
9.02 -0.9
9.03 -0.9
9.04 -0.9
9.05 -0.9
9.06 -0.9
9.07 -0.9
9.08 -0.9
9.09 -0.9
9.1 -0.9
9.11 -0.9
9.12 -0.9
9.13 -0.9
9.14 -0.9
9.15 -0.9
9.16 -0.9
9.17 -0.9
9.18 -0.9
9.19 -0.9
9.2 -0.9
9.21 -0.9
9.22 -0.9
9.23 -0.9
9.24 -0.9
9.25 -0.9
9.26 -0.9
9.27 -0.9
9.28 -0.9
9.29 -0.9
9.3 -0.9
9.31 -0.9
9.32 -0.9
9.33 -0.9
9.34 -0.9
9.35 -0.9
9.36 -0.9
9.37 -0.9
9.38 -0.9
9.39 -0.9
9.4 -0.9
9.41 -0.9
9.42 -0.9
9.43 0.9
9.44 0.9
9.45 0.9
9.46 0.9
9.47 0.9
9.48 0.9
9.49 0.9
9.5 0.9
9.51 0.9
9.52 0.9
9.53 0.9
9.54 0.9
9.55 0.9
9.56 0.9
9.57 0.9
9.58 0.9
9.59 0.9
9.6 0.9
9.61 0.9
9.62 0.9
9.63 0.9
9.64 0.9
9.65 0.9
9.66 0.9
9.67 0.9
9.68 0.9
9.69 0.9
9.7 0.9
9.71 0.9
9.72 0.9
9.73 0.9
9.74 0.9
9.75 0.9
9.76 0.9
9.77 0.9
9.78 0.9
9.79 0.9
9.8 0.9
9.81 0.9
9.82 0.9
9.83 0.9
9.84 0.9
9.85 0.9
9.86 0.9
9.87 0.9
9.88 0.9
9.89 0.9
9.9 0.9
9.91 0.9
9.92 0.9
9.93 0.9
9.94 0.9
9.95 0.9
9.96 0.9
9.97 0.9
9.98 0.9
9.99 0.9
10 0.9
10.01 0.9
10.02 0.9
10.03 0.9
10.04 0.9
10.05 0.9
10.06 0.9
10.07 0.9
10.08 0.9
10.09 0.9
10.1 0.9
10.11 0.9
10.12 0.9
10.13 0.9
10.14 0.9
10.15 0.9
10.16 0.9
10.17 0.9
10.18 0.9
10.19 0.9
10.2 0.9
10.21 0.9
10.22 0.9
10.23 0.9
10.24 0.9
10.25 0.9
10.26 0.9
10.27 0.9
10.28 0.9
10.29 0.9
10.3 0.9
10.31 0.9
10.32 0.9
10.33 0.9
10.34 0.9
10.35 0.9
10.36 0.9
10.37 0.9
10.38 0.9
10.39 0.9
10.4 0.9
10.41 0.9
10.42 0.9
10.43 0.9
10.44 0.9
10.45 0.9
10.46 0.9
10.47 0.9
10.48 0.9
10.49 0.9
10.5 0.9
10.51 0.9
10.52 0.9
10.53 0.9
10.54 0.9
10.55 0.9
10.56 0.9
10.57 0.9
10.58 0.9
10.59 0.9
10.6 0.9
10.61 0.9
10.62 0.9
10.63 0.9
10.64 0.9
10.65 0.9
10.66 0.9
10.67 0.9
10.68 0.9
10.69 0.9
10.7 0.9
10.71 0.9
10.72 0.9
10.73 0.9
10.74 0.9
10.75 0.9
10.76 0.9
10.77 0.9
10.78 0.9
10.79 0.9
10.8 0.9
10.81 0.9
10.82 0.9
10.83 0.9
10.84 0.9
10.85 0.9
10.86 0.9
10.87 0.9
10.88 0.9
10.89 0.9
10.9 0.9
10.91 0.9
10.92 0.9
10.93 0.9
10.94 0.9
10.95 0.9
10.96 0.9
10.97 0.9
10.98 0.9
10.99 0.9
11 -0.9
11.01 -0.9
11.02 -0.9
11.03 -0.9
11.04 -0.9
11.05 -0.9
11.06 -0.9
11.07 -0.9
11.08 -0.9
11.09 -0.9
11.1 -0.9
11.11 -0.9
11.12 -0.9
11.13 -0.9
11.14 -0.9
11.15 -0.9
11.16 -0.9
11.17 -0.9
11.18 -0.9
11.19 -0.9
11.2 -0.9
11.21 -0.9
11.22 -0.9
11.23 -0.9
11.24 -0.9
11.25 -0.9
11.26 -0.9
11.27 -0.9
11.28 -0.9
11.29 -0.9
11.3 -0.9
11.31 -0.9
11.32 -0.9
11.33 -0.9
11.34 -0.9
11.35 -0.9
11.36 -0.9
11.37 -0.9
11.38 -0.9
11.39 -0.9
11.4 -0.9
11.41 -0.9
11.42 -0.9
11.43 -0.9
11.44 -0.9
11.45 -0.9
11.46 -0.9
11.47 -0.9
11.48 -0.9
11.49 -0.9
11.5 -0.9
11.51 -0.9
11.52 -0.9
11.53 -0.9
11.54 -0.9
11.55 -0.9
11.56 -0.9
11.57 -0.9
11.58 -0.9
11.59 -0.9
11.6 -0.9
11.61 -0.9
11.62 -0.9
11.63 -0.9
11.64 -0.9
11.65 -0.9
11.66 -0.9
11.67 -0.9
11.68 -0.9
11.69 -0.9
11.7 -0.9
11.71 -0.9
11.72 -0.9
11.73 -0.9
11.74 -0.9
11.75 -0.9
11.76 -0.9
11.77 -0.9
11.78 -0.9
11.79 -0.9
11.8 -0.9
11.81 -0.9
11.82 -0.9
11.83 -0.9
11.84 -0.9
11.85 -0.9
11.86 -0.9
11.87 -0.9
11.88 -0.9
11.89 -0.9
11.9 -0.9
11.91 -0.9
11.92 -0.9
11.93 -0.9
11.94 -0.9
11.95 -0.9
11.96 -0.9
11.97 -0.9
11.98 -0.9
11.99 -0.9
12 -0.9
12.01 -0.9
12.02 -0.9
12.03 -0.9
12.04 -0.9
12.05 -0.9
12.06 -0.9
12.07 -0.9
12.08 -0.9
12.09 -0.9
12.1 -0.9
12.11 -0.9
12.12 -0.9
12.13 -0.9
12.14 -0.9
12.15 -0.9
12.16 -0.9
12.17 -0.9
12.18 -0.9
12.19 -0.9
12.2 -0.9
12.21 -0.9
12.22 -0.9
12.23 -0.9
12.24 -0.9
12.25 -0.9
12.26 -0.9
12.27 -0.9
12.28 -0.9
12.29 -0.9
12.3 -0.9
12.31 -0.9
12.32 -0.9
12.33 -0.9
12.34 -0.9
12.35 -0.9
12.36 -0.9
12.37 -0.9
12.38 -0.9
12.39 -0.9
12.4 -0.9
12.41 -0.9
12.42 -0.9
12.43 -0.9
12.44 -0.9
12.45 -0.9
12.46 -0.9
12.47 -0.9
12.48 -0.9
12.49 -0.9
12.5 -0.9
12.51 -0.9
12.52 -0.9
12.53 -0.9
12.54 -0.9
12.55 -0.9
12.56 -0.9
12.57 0.9
12.58 0.9
12.59 0.9
12.6 0.9
12.61 0.9
12.62 0.9
12.63 0.9
12.64 0.9
12.65 0.9
12.66 0.9
12.67 0.9
12.68 0.9
12.69 0.9
12.7 0.9
12.71 0.9
12.72 0.9
12.73 0.9
12.74 0.9
12.75 0.9
12.76 0.9
12.77 0.9
12.78 0.9
12.79 0.9
12.8 0.9
12.81 0.9
12.82 0.9
12.83 0.9
12.84 0.9
12.85 0.9
12.86 0.9
12.87 0.9
12.88 0.9
12.89 0.9
12.9 0.9
12.91 0.9
12.92 0.9
12.93 0.9
12.94 0.9
12.95 0.9
12.96 0.9
12.97 0.9
12.98 0.9
12.99 0.9
13 0.9
13.01 0.9
13.02 0.9
13.03 0.9
13.04 0.9
13.05 0.9
13.06 0.9
13.07 0.9
13.08 0.9
13.09 0.9
13.1 0.9
13.11 0.9
13.12 0.9
13.13 0.9
13.14 0.9
13.15 0.9
13.16 0.9
13.17 0.9
13.18 0.9
13.19 0.9
13.2 0.9
13.21 0.9
13.22 0.9
13.23 0.9
13.24 0.9
13.25 0.9
13.26 0.9
13.27 0.9
13.28 0.9
13.29 0.9
13.3 0.9
13.31 0.9
13.32 0.9
13.33 0.9
13.34 0.9
13.35 0.9
13.36 0.9
13.37 0.9
13.38 0.9
13.39 0.9
13.4 0.9
13.41 0.9
13.42 0.9
13.43 0.9
13.44 0.9
13.45 0.9
13.46 0.9
13.47 0.9
13.48 0.9
13.49 0.9
13.5 0.9
13.51 0.9
13.52 0.9
13.53 0.9
13.54 0.9
13.55 0.9
13.56 0.9
13.57 0.9
13.58 0.9
13.59 0.9
13.6 0.9
13.61 0.9
13.62 0.9
13.63 0.9
13.64 0.9
13.65 0.9
13.66 0.9
13.67 0.9
13.68 0.9
13.69 0.9
13.7 0.9
13.71 0.9
13.72 0.9
13.73 0.9
13.74 0.9
13.75 0.9
13.76 0.9
13.77 0.9
13.78 0.9
13.79 0.9
13.8 0.9
13.81 0.9
13.82 0.9
13.83 0.9
13.84 0.9
13.85 0.9
13.86 0.9
13.87 0.9
13.88 0.9
13.89 0.9
13.9 0.9
13.91 0.9
13.92 0.9
13.93 0.9
13.94 0.9
13.95 0.9
13.96 0.9
13.97 0.9
13.98 0.9
13.99 0.9
14 0.9
14.01 0.9
14.02 0.9
14.03 0.9
14.04 0.9
14.05 0.9
14.06 0.9
14.07 0.9
14.08 0.9
14.09 0.9
14.1 0.9
14.11 0.9
14.12 0.9
14.13 0.9
14.14 -0.9
14.15 -0.9
14.16 -0.9
14.17 -0.9
14.18 -0.9
14.19 -0.9
14.2 -0.9
14.21 -0.9
14.22 -0.9
14.23 -0.9
14.24 -0.9
14.25 -0.9
14.26 -0.9
14.27 -0.9
14.28 -0.9
14.29 -0.9
14.3 -0.9
14.31 -0.9
14.32 -0.9
14.33 -0.9
14.34 -0.9
14.35 -0.9
14.36 -0.9
14.37 -0.9
14.38 -0.9
14.39 -0.9
14.4 -0.9
14.41 -0.9
14.42 -0.9
14.43 -0.9
14.44 -0.9
14.45 -0.9
14.46 -0.9
14.47 -0.9
14.48 -0.9
14.49 -0.9
14.5 -0.9
14.51 -0.9
14.52 -0.9
14.53 -0.9
14.54 -0.9
14.55 -0.9
14.56 -0.9
14.57 -0.9
14.58 -0.9
14.59 -0.9
14.6 -0.9
14.61 -0.9
14.62 -0.9
14.63 -0.9
14.64 -0.9
14.65 -0.9
14.66 -0.9
14.67 -0.9
14.68 -0.9
14.69 -0.9
14.7 -0.9
14.71 -0.9
14.72 -0.9
14.73 -0.9
14.74 -0.9
14.75 -0.9
14.76 -0.9
14.77 -0.9
14.78 -0.9
14.79 -0.9
14.8 -0.9
14.81 -0.9
14.82 -0.9
14.83 -0.9
14.84 -0.9
14.85 -0.9
14.86 -0.9
14.87 -0.9
14.88 -0.9
14.89 -0.9
14.9 -0.9
14.91 -0.9
14.92 -0.9
14.93 -0.9
14.94 -0.9
14.95 -0.9
14.96 -0.9
14.97 -0.9
14.98 -0.9
14.99 -0.9
15 -0.9
15.01 -0.9
15.02 -0.9
15.03 -0.9
15.04 -0.9
15.05 -0.9
15.06 -0.9
15.07 -0.9
15.08 -0.9
15.09 -0.9
15.1 -0.9
15.11 -0.9
15.12 -0.9
15.13 -0.9
15.14 -0.9
15.15 -0.9
15.16 -0.9
15.17 -0.9
15.18 -0.9
15.19 -0.9
15.2 -0.9
15.21 -0.9
15.22 -0.9
15.23 -0.9
15.24 -0.9
15.25 -0.9
15.26 -0.9
15.27 -0.9
15.28 -0.9
15.29 -0.9
15.3 -0.9
15.31 -0.9
15.32 -0.9
15.33 -0.9
15.34 -0.9
15.35 -0.9
15.36 -0.9
15.37 -0.9
15.38 -0.9
15.39 -0.9
15.4 -0.9
15.41 -0.9
15.42 -0.9
15.43 -0.9
15.44 -0.9
15.45 -0.9
15.46 -0.9
15.47 -0.9
15.48 -0.9
15.49 -0.9
15.5 -0.9
15.51 -0.9
15.52 -0.9
15.53 -0.9
15.54 -0.9
15.55 -0.9
15.56 -0.9
15.57 -0.9
15.58 -0.9
15.59 -0.9
15.6 -0.9
15.61 -0.9
15.62 -0.9
15.63 -0.9
15.64 -0.9
15.65 -0.9
15.66 -0.9
15.67 -0.9
15.68 -0.9
15.69 -0.9
15.7 -0.9
15.71 0.9
15.72 0.9
15.73 0.9
15.74 0.9
15.75 0.9
15.76 0.9
15.77 0.9
15.78 0.9
15.79 0.9
15.8 0.9
15.81 0.9
15.82 0.9
15.83 0.9
15.84 0.9
15.85 0.9
15.86 0.9
15.87 0.9
15.88 0.9
15.89 0.9
15.9 0.9
15.91 0.9
15.92 0.9
15.93 0.9
15.94 0.9
15.95 0.9
15.96 0.9
15.97 0.9
15.98 0.9
15.99 0.9
16 0.9
16.01 0.9
16.02 0.9
16.03 0.9
16.04 0.9
16.05 0.9
16.06 0.9
16.07 0.9
16.08 0.9
16.09 0.9
16.1 0.9
16.11 0.9
16.12 0.9
16.13 0.9
16.14 0.9
16.15 0.9
16.16 0.9
16.17 0.9
16.18 0.9
16.19 0.9
16.2 0.9
16.21 0.9
16.22 0.9
16.23 0.9
16.24 0.9
16.25 0.9
16.26 0.9
16.27 0.9
16.28 0.9
16.29 0.9
16.3 0.9
16.31 0.9
16.32 0.9
16.33 0.9
16.34 0.9
16.35 0.9
16.36 0.9
16.37 0.9
16.38 0.9
16.39 0.9
16.4 0.9
16.41 0.9
16.42 0.9
16.43 0.9
16.44 0.9
16.45 0.9
16.46 0.9
16.47 0.9
16.48 0.9
16.49 0.9
16.5 0.9
16.51 0.9
16.52 0.9
16.53 0.9
16.54 0.9
16.55 0.9
16.56 0.9
16.57 0.9
16.58 0.9
16.59 0.9
16.6 0.9
16.61 0.9
16.62 0.9
16.63 0.9
16.64 0.9
16.65 0.9
16.66 0.9
16.67 0.9
16.68 0.9
16.69 0.9
16.7 0.9
16.71 0.9
16.72 0.9
16.73 0.9
16.74 0.9
16.75 0.9
16.76 0.9
16.77 0.9
16.78 0.9
16.79 0.9
16.8 0.9
16.81 0.9
16.82 0.9
16.83 0.9
16.84 0.9
16.85 0.9
16.86 0.9
16.87 0.9
16.88 0.9
16.89 0.9
16.9 0.9
16.91 0.9
16.92 0.9
16.93 0.9
16.94 0.9
16.95 0.9
16.96 0.9
16.97 0.9
16.98 0.9
16.99 0.9
17 0.9
17.01 0.9
17.02 0.9
17.03 0.9
17.04 0.9
17.05 0.9
17.06 0.9
17.07 0.9
17.08 0.9
17.09 0.9
17.1 0.9
17.11 0.9
17.12 0.9
17.13 0.9
17.14 0.9
17.15 0.9
17.16 0.9
17.17 0.9
17.18 0.9
17.19 0.9
17.2 0.9
17.21 0.9
17.22 0.9
17.23 0.9
17.24 0.9
17.25 0.9
17.26 0.9
17.27 0.9
17.28 -0.9
17.29 -0.9
17.3 -0.9
17.31 -0.9
17.32 -0.9
17.33 -0.9
17.34 -0.9
17.35 -0.9
17.36 -0.9
17.37 -0.9
17.38 -0.9
17.39 -0.9
17.4 -0.9
17.41 -0.9
17.42 -0.9
17.43 -0.9
17.44 -0.9
17.45 -0.9
17.46 -0.9
17.47 -0.9
17.48 -0.9
17.49 -0.9
17.5 -0.9
17.51 -0.9
17.52 -0.9
17.53 -0.9
17.54 -0.9
17.55 -0.9
17.56 -0.9
17.57 -0.9
17.58 -0.9
17.59 -0.9
17.6 -0.9
17.61 -0.9
17.62 -0.9
17.63 -0.9
17.64 -0.9
17.65 -0.9
17.66 -0.9
17.67 -0.9
17.68 -0.9
17.69 -0.9
17.7 -0.9
17.71 -0.9
17.72 -0.9
17.73 -0.9
17.74 -0.9
17.75 -0.9
17.76 -0.9
17.77 -0.9
17.78 -0.9
17.79 -0.9
17.8 -0.9
17.81 -0.9
17.82 -0.9
17.83 -0.9
17.84 -0.9
17.85 -0.9
17.86 -0.9
17.87 -0.9
17.88 -0.9
17.89 -0.9
17.9 -0.9
17.91 -0.9
17.92 -0.9
17.93 -0.9
17.94 -0.9
17.95 -0.9
17.96 -0.9
17.97 -0.9
17.98 -0.9
17.99 -0.9
18 -0.9
18.01 -0.9
18.02 -0.9
18.03 -0.9
18.04 -0.9
18.05 -0.9
18.06 -0.9
18.07 -0.9
18.08 -0.9
18.09 -0.9
18.1 -0.9
18.11 -0.9
18.12 -0.9
18.13 -0.9
18.14 -0.9
18.15 -0.9
18.16 -0.9
18.17 -0.9
18.18 -0.9
18.19 -0.9
18.2 -0.9
18.21 -0.9
18.22 -0.9
18.23 -0.9
18.24 -0.9
18.25 -0.9
18.26 -0.9
18.27 -0.9
18.28 -0.9
18.29 -0.9
18.3 -0.9
18.31 -0.9
18.32 -0.9
18.33 -0.9
18.34 -0.9
18.35 -0.9
18.36 -0.9
18.37 -0.9
18.38 -0.9
18.39 -0.9
18.4 -0.9
18.41 -0.9
18.42 -0.9
18.43 -0.9
18.44 -0.9
18.45 -0.9
18.46 -0.9
18.47 -0.9
18.48 -0.9
18.49 -0.9
18.5 -0.9
18.51 -0.9
18.52 -0.9
18.53 -0.9
18.54 -0.9
18.55 -0.9
18.56 -0.9
18.57 -0.9
18.58 -0.9
18.59 -0.9
18.6 -0.9
18.61 -0.9
18.62 -0.9
18.63 -0.9
18.64 -0.9
18.65 -0.9
18.66 -0.9
18.67 -0.9
18.68 -0.9
18.69 -0.9
18.7 -0.9
18.71 -0.9
18.72 -0.9
18.73 -0.9
18.74 -0.9
18.75 -0.9
18.76 -0.9
18.77 -0.9
18.78 -0.9
18.79 -0.9
18.8 -0.9
18.81 -0.9
18.82 -0.9
18.83 -0.9
18.84 -0.9
18.85 0.9
18.86 0.9
18.87 0.9
18.88 0.9
18.89 0.9
18.9 0.9
18.91 0.9
18.92 0.9
18.93 0.9
18.94 0.9
18.95 0.9
18.96 0.9
18.97 0.9
18.98 0.9
18.99 0.9
19 0.9
19.01 0.9
19.02 0.9
19.03 0.9
19.04 0.9
19.05 0.9
19.06 0.9
19.07 0.9
19.08 0.9
19.09 0.9
19.1 0.9
19.11 0.9
19.12 0.9
19.13 0.9
19.14 0.9
19.15 0.9
19.16 0.9
19.17 0.9
19.18 0.9
19.19 0.9
19.2 0.9
19.21 0.9
19.22 0.9
19.23 0.9
19.24 0.9
19.25 0.9
19.26 0.9
19.27 0.9
19.28 0.9
19.29 0.9
19.3 0.9
19.31 0.9
19.32 0.9
19.33 0.9
19.34 0.9
19.35 0.9
19.36 0.9
19.37 0.9
19.38 0.9
19.39 0.9
19.4 0.9
19.41 0.9
19.42 0.9
19.43 0.9
19.44 0.9
19.45 0.9
19.46 0.9
19.47 0.9
19.48 0.9
19.49 0.9
19.5 0.9
19.51 0.9
19.52 0.9
19.53 0.9
19.54 0.9
19.55 0.9
19.56 0.9
19.57 0.9
19.58 0.9
19.59 0.9
19.6 0.9
19.61 0.9
19.62 0.9
19.63 0.9
19.64 0.9
19.65 0.9
19.66 0.9
19.67 0.9
19.68 0.9
19.69 0.9
19.7 0.9
19.71 0.9
19.72 0.9
19.73 0.9
19.74 0.9
19.75 0.9
19.76 0.9
19.77 0.9
19.78 0.9
19.79 0.9
19.8 0.9
19.81 0.9
19.82 0.9
19.83 0.9
19.84 0.9
19.85 0.9
19.86 0.9
19.87 0.9
19.88 0.9
19.89 0.9
19.9 0.9
19.91 0.9
19.92 0.9
19.93 0.9
19.94 0.9
19.95 0.9
19.96 0.9
19.97 0.9
19.98 0.9
19.99 0.9
20 0.9
20.01 0.9
20.02 0.9
20.03 0.9
20.04 0.9
20.05 0.9
20.06 0.9
20.07 0.9
20.08 0.9
20.09 0.9
20.1 0.9
20.11 0.9
20.12 0.9
20.13 0.9
20.14 0.9
20.15 0.9
20.16 0.9
20.17 0.9
20.18 0.9
20.19 0.9
20.2 0.9
20.21 0.9
20.22 0.9
20.23 0.9
20.24 0.9
20.25 0.9
20.26 0.9
20.27 0.9
20.28 0.9
20.29 0.9
20.3 0.9
20.31 0.9
20.32 0.9
20.33 0.9
20.34 0.9
20.35 0.9
20.36 0.9
20.37 0.9
20.38 0.9
20.39 0.9
20.4 0.9
20.41 0.9
20.42 0.9
20.43 -0.9
20.44 -0.9
20.45 -0.9
20.46 -0.9
20.47 -0.9
20.48 -0.9
20.49 -0.9
20.5 -0.9
20.51 -0.9
20.52 -0.9
20.53 -0.9
20.54 -0.9
20.55 -0.9
20.56 -0.9
20.57 -0.9
20.58 -0.9
20.59 -0.9
20.6 -0.9
20.61 -0.9
20.62 -0.9
20.63 -0.9
20.64 -0.9
20.65 -0.9
20.66 -0.9
20.67 -0.9
20.68 -0.9
20.69 -0.9
20.7 -0.9
20.71 -0.9
20.72 -0.9
20.73 -0.9
20.74 -0.9
20.75 -0.9
20.76 -0.9
20.77 -0.9
20.78 -0.9
20.79 -0.9
20.8 -0.9
20.81 -0.9
20.82 -0.9
20.83 -0.9
20.84 -0.9
20.85 -0.9
20.86 -0.9
20.87 -0.9
20.88 -0.9
20.89 -0.9
20.9 -0.9
20.91 -0.9
20.92 -0.9
20.93 -0.9
20.94 -0.9
20.95 -0.9
20.96 -0.9
20.97 -0.9
20.98 -0.9
20.99 -0.9
21 -0.9
21.01 -0.9
21.02 -0.9
21.03 -0.9
21.04 -0.9
21.05 -0.9
21.06 -0.9
21.07 -0.9
21.08 -0.9
21.09 -0.9
21.1 -0.9
21.11 -0.9
21.12 -0.9
21.13 -0.9
21.14 -0.9
21.15 -0.9
21.16 -0.9
21.17 -0.9
21.18 -0.9
21.19 -0.9
21.2 -0.9
21.21 -0.9
21.22 -0.9
21.23 -0.9
21.24 -0.9
21.25 -0.9
21.26 -0.9
21.27 -0.9
21.28 -0.9
21.29 -0.9
21.3 -0.9
21.31 -0.9
21.32 -0.9
21.33 -0.9
21.34 -0.9
21.35 -0.9
21.36 -0.9
21.37 -0.9
21.38 -0.9
21.39 -0.9
21.4 -0.9
21.41 -0.9
21.42 -0.9
21.43 -0.9
21.44 -0.9
21.45 -0.9
21.46 -0.9
21.47 -0.9
21.48 -0.9
21.49 -0.9
21.5 -0.9
21.51 -0.9
21.52 -0.9
21.53 -0.9
21.54 -0.9
21.55 -0.9
21.56 -0.9
21.57 -0.9
21.58 -0.9
21.59 -0.9
21.6 -0.9
21.61 -0.9
21.62 -0.9
21.63 -0.9
21.64 -0.9
21.65 -0.9
21.66 -0.9
21.67 -0.9
21.68 -0.9
21.69 -0.9
21.7 -0.9
21.71 -0.9
21.72 -0.9
21.73 -0.9
21.74 -0.9
21.75 -0.9
21.76 -0.9
21.77 -0.9
21.78 -0.9
21.79 -0.9
21.8 -0.9
21.81 -0.9
21.82 -0.9
21.83 -0.9
21.84 -0.9
21.85 -0.9
21.86 -0.9
21.87 -0.9
21.88 -0.9
21.89 -0.9
21.9 -0.9
21.91 -0.9
21.92 -0.9
21.93 -0.9
21.94 -0.9
21.95 -0.9
21.96 -0.9
21.97 -0.9
21.98 -0.9
21.99 -0.9
22 0.9
22.01 0.9
22.02 0.9
22.03 0.9
22.04 0.9
22.05 0.9
22.06 0.9
22.07 0.9
22.08 0.9
22.09 0.9
22.1 0.9
22.11 0.9
22.12 0.9
22.13 0.9
22.14 0.9
22.15 0.9
22.16 0.9
22.17 0.9
22.18 0.9
22.19 0.9
22.2 0.9
22.21 0.9
22.22 0.9
22.23 0.9
22.24 0.9
22.25 0.9
22.26 0.9
22.27 0.9
22.28 0.9
22.29 0.9
22.3 0.9
22.31 0.9
22.32 0.9
22.33 0.9
22.34 0.9
22.35 0.9
22.36 0.9
22.37 0.9
22.38 0.9
22.39 0.9
22.4 0.9
22.41 0.9
22.42 0.9
22.43 0.9
22.44 0.9
22.45 0.9
22.46 0.9
22.47 0.9
22.48 0.9
22.49 0.9
22.5 0.9
22.51 0.9
22.52 0.9
22.53 0.9
22.54 0.9
22.55 0.9
22.56 0.9
22.57 0.9
22.58 0.9
22.59 0.9
22.6 0.9
22.61 0.9
22.62 0.9
22.63 0.9
22.64 0.9
22.65 0.9
22.66 0.9
22.67 0.9
22.68 0.9
22.69 0.9
22.7 0.9
22.71 0.9
22.72 0.9
22.73 0.9
22.74 0.9
22.75 0.9
22.76 0.9
22.77 0.9
22.78 0.9
22.79 0.9
22.8 0.9
22.81 0.9
22.82 0.9
22.83 0.9
22.84 0.9
22.85 0.9
22.86 0.9
22.87 0.9
22.88 0.9
22.89 0.9
22.9 0.9
22.91 0.9
22.92 0.9
22.93 0.9
22.94 0.9
22.95 0.9
22.96 0.9
22.97 0.9
22.98 0.9
22.99 0.9
23 0.9
23.01 0.9
23.02 0.9
23.03 0.9
23.04 0.9
23.05 0.9
23.06 0.9
23.07 0.9
23.08 0.9
23.09 0.9
23.1 0.9
23.11 0.9
23.12 0.9
23.13 0.9
23.14 0.9
23.15 0.9
23.16 0.9
23.17 0.9
23.18 0.9
23.19 0.9
23.2 0.9
23.21 0.9
23.22 0.9
23.23 0.9
23.24 0.9
23.25 0.9
23.26 0.9
23.27 0.9
23.28 0.9
23.29 0.9
23.3 0.9
23.31 0.9
23.32 0.9
23.33 0.9
23.34 0.9
23.35 0.9
23.36 0.9
23.37 0.9
23.38 0.9
23.39 0.9
23.4 0.9
23.41 0.9
23.42 0.9
23.43 0.9
23.44 0.9
23.45 0.9
23.46 0.9
23.47 0.9
23.48 0.9
23.49 0.9
23.5 0.9
23.51 0.9
23.52 0.9
23.53 0.9
23.54 0.9
23.55 0.9
23.56 0.9
23.57 -0.9
23.58 -0.9
23.59 -0.9
23.6 -0.9
23.61 -0.9
23.62 -0.9
23.63 -0.9
23.64 -0.9
23.65 -0.9
23.66 -0.9
23.67 -0.9
23.68 -0.9
23.69 -0.9
23.7 -0.9
23.71 -0.9
23.72 -0.9
23.73 -0.9
23.74 -0.9
23.75 -0.9
23.76 -0.9
23.77 -0.9
23.78 -0.9
23.79 -0.9
23.8 -0.9
23.81 -0.9
23.82 -0.9
23.83 -0.9
23.84 -0.9
23.85 -0.9
23.86 -0.9
23.87 -0.9
23.88 -0.9
23.89 -0.9
23.9 -0.9
23.91 -0.9
23.92 -0.9
23.93 -0.9
23.94 -0.9
23.95 -0.9
23.96 -0.9
23.97 -0.9
23.98 -0.9
23.99 -0.9
24 -0.9
24.01 -0.9
24.02 -0.9
24.03 -0.9
24.04 -0.9
24.05 -0.9
24.06 -0.9
24.07 -0.9
24.08 -0.9
24.09 -0.9
24.1 -0.9
24.11 -0.9
24.12 -0.9
24.13 -0.9
24.14 -0.9
24.15 -0.9
24.16 -0.9
24.17 -0.9
24.18 -0.9
24.19 -0.9
24.2 -0.9
24.21 -0.9
24.22 -0.9
24.23 -0.9
24.24 -0.9
24.25 -0.9
24.26 -0.9
24.27 -0.9
24.28 -0.9
24.29 -0.9
24.3 -0.9
24.31 -0.9
24.32 -0.9
24.33 -0.9
24.34 -0.9
24.35 -0.9
24.36 -0.9
24.37 -0.9
24.38 -0.9
24.39 -0.9
24.4 -0.9
24.41 -0.9
24.42 -0.9
24.43 -0.9
24.44 -0.9
24.45 -0.9
24.46 -0.9
24.47 -0.9
24.48 -0.9
24.49 -0.9
24.5 -0.9
24.51 -0.9
24.52 -0.9
24.53 -0.9
24.54 -0.9
24.55 -0.9
24.56 -0.9
24.57 -0.9
24.58 -0.9
24.59 -0.9
24.6 -0.9
24.61 -0.9
24.62 -0.9
24.63 -0.9
24.64 -0.9
24.65 -0.9
24.66 -0.9
24.67 -0.9
24.68 -0.9
24.69 -0.9
24.7 -0.9
24.71 -0.9
24.72 -0.9
24.73 -0.9
24.74 -0.9
24.75 -0.9
24.76 -0.9
24.77 -0.9
24.78 -0.9
24.79 -0.9
24.8 -0.9
24.81 -0.9
24.82 -0.9
24.83 -0.9
24.84 -0.9
24.85 -0.9
24.86 -0.9
24.87 -0.9
24.88 -0.9
24.89 -0.9
24.9 -0.9
24.91 -0.9
24.92 -0.9
24.93 -0.9
24.94 -0.9
24.95 -0.9
24.96 -0.9
24.97 -0.9
24.98 -0.9
24.99 -0.9
25 -0.9
25.01 -0.9
25.02 -0.9
25.03 -0.9
25.04 -0.9
25.05 -0.9
25.06 -0.9
25.07 -0.9
25.08 -0.9
25.09 -0.9
25.1 -0.9
25.11 -0.9
25.12 -0.9
25.13 -0.9
25.14 0.9
25.15 0.9
25.16 0.9
25.17 0.9
25.18 0.9
25.19 0.9
25.2 0.9
25.21 0.9
25.22 0.9
25.23 0.9
25.24 0.9
25.25 0.9
25.26 0.9
25.27 0.9
25.28 0.9
25.29 0.9
25.3 0.9
25.31 0.9
25.32 0.9
25.33 0.9
25.34 0.9
25.35 0.9
25.36 0.9
25.37 0.9
25.38 0.9
25.39 0.9
25.4 0.9
25.41 0.9
25.42 0.9
25.43 0.9
25.44 0.9
25.45 0.9
25.46 0.9
25.47 0.9
25.48 0.9
25.49 0.9
25.5 0.9
25.51 0.9
25.52 0.9
25.53 0.9
25.54 0.9
25.55 0.9
25.56 0.9
25.57 0.9
25.58 0.9
25.59 0.9
25.6 0.9
25.61 0.9
25.62 0.9
25.63 0.9
25.64 0.9
25.65 0.9
25.66 0.9
25.67 0.9
25.68 0.9
25.69 0.9
25.7 0.9
25.71 0.9
25.72 0.9
25.73 0.9
25.74 0.9
25.75 0.9
25.76 0.9
25.77 0.9
25.78 0.9
25.79 0.9
25.8 0.9
25.81 0.9
25.82 0.9
25.83 0.9
25.84 0.9
25.85 0.9
25.86 0.9
25.87 0.9
25.88 0.9
25.89 0.9
25.9 0.9
25.91 0.9
25.92 0.9
25.93 0.9
25.94 0.9
25.95 0.9
25.96 0.9
25.97 0.9
25.98 0.9
25.99 0.9
26 0.9
26.01 0.9
26.02 0.9
26.03 0.9
26.04 0.9
26.05 0.9
26.06 0.9
26.07 0.9
26.08 0.9
26.09 0.9
26.1 0.9
26.11 0.9
26.12 0.9
26.13 0.9
26.14 0.9
26.15 0.9
26.16 0.9
26.17 0.9
26.18 0.9
26.19 0.9
26.2 0.9
26.21 0.9
26.22 0.9
26.23 0.9
26.24 0.9
26.25 0.9
26.26 0.9
26.27 0.9
26.28 0.9
26.29 0.9
26.3 0.9
26.31 0.9
26.32 0.9
26.33 0.9
26.34 0.9
26.35 0.9
26.36 0.9
26.37 0.9
26.38 0.9
26.39 0.9
26.4 0.9
26.41 0.9
26.42 0.9
26.43 0.9
26.44 0.9
26.45 0.9
26.46 0.9
26.47 0.9
26.48 0.9
26.49 0.9
26.5 0.9
26.51 0.9
26.52 0.9
26.53 0.9
26.54 0.9
26.55 0.9
26.56 0.9
26.57 0.9
26.58 0.9
26.59 0.9
26.6 0.9
26.61 0.9
26.62 0.9
26.63 0.9
26.64 0.9
26.65 0.9
26.66 0.9
26.67 0.9
26.68 0.9
26.69 0.9
26.7 0.9
26.71 -0.9
26.72 -0.9
26.73 -0.9
26.74 -0.9
26.75 -0.9
26.76 -0.9
26.77 -0.9
26.78 -0.9
26.79 -0.9
26.8 -0.9
26.81 -0.9
26.82 -0.9
26.83 -0.9
26.84 -0.9
26.85 -0.9
26.86 -0.9
26.87 -0.9
26.88 -0.9
26.89 -0.9
26.9 -0.9
26.91 -0.9
26.92 -0.9
26.93 -0.9
26.94 -0.9
26.95 -0.9
26.96 -0.9
26.97 -0.9
26.98 -0.9
26.99 -0.9
27 -0.9
27.01 -0.9
27.02 -0.9
27.03 -0.9
27.04 -0.9
27.05 -0.9
27.06 -0.9
27.07 -0.9
27.08 -0.9
27.09 -0.9
27.1 -0.9
27.11 -0.9
27.12 -0.9
27.13 -0.9
27.14 -0.9
27.15 -0.9
27.16 -0.9
27.17 -0.9
27.18 -0.9
27.19 -0.9
27.2 -0.9
27.21 -0.9
27.22 -0.9
27.23 -0.9
27.24 -0.9
27.25 -0.9
27.26 -0.9
27.27 -0.9
27.28 -0.9
27.29 -0.9
27.3 -0.9
27.31 -0.9
27.32 -0.9
27.33 -0.9
27.34 -0.9
27.35 -0.9
27.36 -0.9
27.37 -0.9
27.38 -0.9
27.39 -0.9
27.4 -0.9
27.41 -0.9
27.42 -0.9
27.43 -0.9
27.44 -0.9
27.45 -0.9
27.46 -0.9
27.47 -0.9
27.48 -0.9
27.49 -0.9
27.5 -0.9
27.51 -0.9
27.52 -0.9
27.53 -0.9
27.54 -0.9
27.55 -0.9
27.56 -0.9
27.57 -0.9
27.58 -0.9
27.59 -0.9
27.6 -0.9
27.61 -0.9
27.62 -0.9
27.63 -0.9
27.64 -0.9
27.65 -0.9
27.66 -0.9
27.67 -0.9
27.68 -0.9
27.69 -0.9
27.7 -0.9
27.71 -0.9
27.72 -0.9
27.73 -0.9
27.74 -0.9
27.75 -0.9
27.76 -0.9
27.77 -0.9
27.78 -0.9
27.79 -0.9
27.8 -0.9
27.81 -0.9
27.82 -0.9
27.83 -0.9
27.84 -0.9
27.85 -0.9
27.86 -0.9
27.87 -0.9
27.88 -0.9
27.89 -0.9
27.9 -0.9
27.91 -0.9
27.92 -0.9
27.93 -0.9
27.94 -0.9
27.95 -0.9
27.96 -0.9
27.97 -0.9
27.98 -0.9
27.99 -0.9
28 -0.9
28.01 -0.9
28.02 -0.9
28.03 -0.9
28.04 -0.9
28.05 -0.9
28.06 -0.9
28.07 -0.9
28.08 -0.9
28.09 -0.9
28.1 -0.9
28.11 -0.9
28.12 -0.9
28.13 -0.9
28.14 -0.9
28.15 -0.9
28.16 -0.9
28.17 -0.9
28.18 -0.9
28.19 -0.9
28.2 -0.9
28.21 -0.9
28.22 -0.9
28.23 -0.9
28.24 -0.9
28.25 -0.9
28.26 -0.9
28.27 -0.9
28.28 0.9
28.29 0.9
28.3 0.9
28.31 0.9
28.32 0.9
28.33 0.9
28.34 0.9
28.35 0.9
28.36 0.9
28.37 0.9
28.38 0.9
28.39 0.9
28.4 0.9
28.41 0.9
28.42 0.9
28.43 0.9
28.44 0.9
28.45 0.9
28.46 0.9
28.47 0.9
28.48 0.9
28.49 0.9
28.5 0.9
28.51 0.9
28.52 0.9
28.53 0.9
28.54 0.9
28.55 0.9
28.56 0.9
28.57 0.9
28.58 0.9
28.59 0.9
28.6 0.9
28.61 0.9
28.62 0.9
28.63 0.9
28.64 0.9
28.65 0.9
28.66 0.9
28.67 0.9
28.68 0.9
28.69 0.9
28.7 0.9
28.71 0.9
28.72 0.9
28.73 0.9
28.74 0.9
28.75 0.9
28.76 0.9
28.77 0.9
28.78 0.9
28.79 0.9
28.8 0.9
28.81 0.9
28.82 0.9
28.83 0.9
28.84 0.9
28.85 0.9
28.86 0.9
28.87 0.9
28.88 0.9
28.89 0.9
28.9 0.9
28.91 0.9
28.92 0.9
28.93 0.9
28.94 0.9
28.95 0.9
28.96 0.9
28.97 0.9
28.98 0.9
28.99 0.9
29 0.9
29.01 0.9
29.02 0.9
29.03 0.9
29.04 0.9
29.05 0.9
29.06 0.9
29.07 0.9
29.08 0.9
29.09 0.9
29.1 0.9
29.11 0.9
29.12 0.9
29.13 0.9
29.14 0.9
29.15 0.9
29.16 0.9
29.17 0.9
29.18 0.9
29.19 0.9
29.2 0.9
29.21 0.9
29.22 0.9
29.23 0.9
29.24 0.9
29.25 0.9
29.26 0.9
29.27 0.9
29.28 0.9
29.29 0.9
29.3 0.9
29.31 0.9
29.32 0.9
29.33 0.9
29.34 0.9
29.35 0.9
29.36 0.9
29.37 0.9
29.38 0.9
29.39 0.9
29.4 0.9
29.41 0.9
29.42 0.9
29.43 0.9
29.44 0.9
29.45 0.9
29.46 0.9
29.47 0.9
29.48 0.9
29.49 0.9
29.5 0.9
29.51 0.9
29.52 0.9
29.53 0.9
29.54 0.9
29.55 0.9
29.56 0.9
29.57 0.9
29.58 0.9
29.59 0.9
29.6 0.9
29.61 0.9
29.62 0.9
29.63 0.9
29.64 0.9
29.65 0.9
29.66 0.9
29.67 0.9
29.68 0.9
29.69 0.9
29.7 0.9
29.71 0.9
29.72 0.9
29.73 0.9
29.74 0.9
29.75 0.9
29.76 0.9
29.77 0.9
29.78 0.9
29.79 0.9
29.8 0.9
29.81 0.9
29.82 0.9
29.83 0.9
29.84 0.9
29.85 -0.9
29.86 -0.9
29.87 -0.9
29.88 -0.9
29.89 -0.9
29.9 -0.9
29.91 -0.9
29.92 -0.9
29.93 -0.9
29.94 -0.9
29.95 -0.9
29.96 -0.9
29.97 -0.9
29.98 -0.9
29.99 -0.9
30 -0.9
