0 0.98828
0.01 0.96282
0.02 0.93735
0.03 0.91189
0.04 0.88642
0.05 0.86096
0.06 0.83549
0.07 0.81003
0.08 0.78456
0.09 0.7591
0.1 0.73363
0.11 0.70817
0.12 0.6827
0.13 0.65724
0.14 0.63177
0.15 0.60631
0.16 0.58084
0.17 0.55538
0.18 0.52992
0.19 0.50445
0.2 0.47899
0.21 0.45352
0.22 0.42806
0.23 0.40259
0.24 0.37713
0.25 0.35166
0.26 0.3262
0.27 0.30073
0.28 0.27527
0.29 0.2498
0.3 0.22434
0.31 0.19887
0.32 0.17341
0.33 0.14794
0.34 0.12248
0.35 0.097014
0.36 0.071549
0.37 0.046084
0.38 0.020619
0.39 -0.0048453
0.4 -0.03031
0.41 -0.055775
0.42 -0.08124
0.43 -0.1067
0.44 -0.13217
0.45 -0.15763
0.46 -0.1831
0.47 -0.20856
0.48 -0.23403
0.49 -0.25949
0.5 -0.28496
0.51 -0.31042
0.52 -0.33589
0.53 -0.36135
0.54 -0.38682
0.55 -0.41228
0.56 -0.43775
0.57 -0.46321
0.58 -0.48868
0.59 -0.51414
0.6 -0.53961
0.61 -0.56507
0.62 -0.59054
0.63 -0.616
0.64 -0.64147
0.65 -0.66693
0.66 -0.69239
0.67 -0.71786
0.68 -0.74332
0.69 -0.76879
0.7 -0.79425
0.71 -0.81972
0.72 -0.84518
0.73 -0.87065
0.74 -0.89611
0.75 -0.92158
0.76 -0.94704
0.77 -0.97251
0.78 -0.99797
0.79 -0.97656
0.8 -0.9511
0.81 -0.92563
0.82 -0.90017
0.83 -0.8747
0.84 -0.84924
0.85 -0.82377
0.86 -0.79831
0.87 -0.77284
0.88 -0.74738
0.89 -0.72192
0.9 -0.69645
0.91 -0.67099
0.92 -0.64552
0.93 -0.62006
0.94 -0.59459
0.95 -0.56913
0.96 -0.54366
0.97 -0.5182
0.98 -0.49273
0.99 -0.46727
1 -0.4418
1.01 -0.41634
1.02 -0.39087
1.03 -0.36541
1.04 -0.33994
1.05 -0.31448
1.06 -0.28901
1.07 -0.26355
1.08 -0.23808
1.09 -0.21262
1.1 -0.18715
1.11 -0.16169
1.12 -0.13622
1.13 -0.11076
1.14 -0.085295
1.15 -0.059831
1.16 -0.034366
1.17 -0.008901
1.18 0.016564
1.19 0.042029
1.2 0.067493
1.21 0.092958
1.22 0.11842
1.23 0.14389
1.24 0.16935
1.25 0.19482
1.26 0.22028
1.27 0.24575
1.28 0.27121
1.29 0.29668
1.3 0.32214
1.31 0.34761
1.32 0.37307
1.33 0.39854
1.34 0.424
1.35 0.44947
1.36 0.47493
1.37 0.50039
1.38 0.52586
1.39 0.55132
1.4 0.57679
1.41 0.60225
1.42 0.62772
1.43 0.65318
1.44 0.67865
1.45 0.70411
1.46 0.72958
1.47 0.75504
1.48 0.78051
1.49 0.80597
1.5 0.83144
1.51 0.8569
1.52 0.88237
1.53 0.90783
1.54 0.9333
1.55 0.95876
1.56 0.98423
1.57 0.99031
1.58 0.96484
1.59 0.93938
1.6 0.91391
1.61 0.88845
1.62 0.86299
1.63 0.83752
1.64 0.81206
1.65 0.78659
1.66 0.76113
1.67 0.73566
1.68 0.7102
1.69 0.68473
1.7 0.65927
1.71 0.6338
1.72 0.60834
1.73 0.58287
1.74 0.55741
1.75 0.53194
1.76 0.50648
1.77 0.48101
1.78 0.45555
1.79 0.43008
1.8 0.40462
1.81 0.37915
1.82 0.35369
1.83 0.32822
1.84 0.30276
1.85 0.2773
1.86 0.25183
1.87 0.22637
1.88 0.2009
1.89 0.17544
1.9 0.14997
1.91 0.12451
1.92 0.099042
1.93 0.073577
1.94 0.048112
1.95 0.022647
1.96 -0.0028175
1.97 -0.028282
1.98 -0.053747
1.99 -0.079212
2 -0.10468
2.01 -0.13014
2.02 -0.15561
2.03 -0.18107
2.04 -0.20654
2.05 -0.232
2.06 -0.25747
2.07 -0.28293
2.08 -0.30839
2.09 -0.33386
2.1 -0.35932
2.11 -0.38479
2.12 -0.41025
2.13 -0.43572
2.14 -0.46118
2.15 -0.48665
2.16 -0.51211
2.17 -0.53758
2.18 -0.56304
2.19 -0.58851
2.2 -0.61397
2.21 -0.63944
2.22 -0.6649
2.23 -0.69037
2.24 -0.71583
2.25 -0.7413
2.26 -0.76676
2.27 -0.79223
2.28 -0.81769
2.29 -0.84316
2.3 -0.86862
2.31 -0.89409
2.32 -0.91955
2.33 -0.94501
2.34 -0.97048
2.35 -0.99594
2.36 -0.97859
2.37 -0.95313
2.38 -0.92766
2.39 -0.9022
2.4 -0.87673
2.41 -0.85127
2.42 -0.8258
2.43 -0.80034
2.44 -0.77487
2.45 -0.74941
2.46 -0.72394
2.47 -0.69848
2.48 -0.67301
2.49 -0.64755
2.5 -0.62208
2.51 -0.59662
2.52 -0.57115
2.53 -0.54569
2.54 -0.52022
2.55 -0.49476
2.56 -0.4693
2.57 -0.44383
2.58 -0.41837
2.59 -0.3929
2.6 -0.36744
2.61 -0.34197
2.62 -0.31651
2.63 -0.29104
2.64 -0.26558
2.65 -0.24011
2.66 -0.21465
2.67 -0.18918
2.68 -0.16372
2.69 -0.13825
2.7 -0.11279
2.71 -0.087323
2.72 -0.061858
2.73 -0.036394
2.74 -0.010929
2.75 0.014536
2.76 0.040001
2.77 0.065466
2.78 0.09093
2.79 0.1164
2.8 0.14186
2.81 0.16732
2.82 0.19279
2.83 0.21825
2.84 0.24372
2.85 0.26918
2.86 0.29465
2.87 0.32011
2.88 0.34558
2.89 0.37104
2.9 0.39651
2.91 0.42197
2.92 0.44744
2.93 0.4729
2.94 0.49837
2.95 0.52383
2.96 0.5493
2.97 0.57476
2.98 0.60023
2.99 0.62569
3 0.65116
3.01 0.67662
3.02 0.70209
3.03 0.72755
3.04 0.75301
3.05 0.77848
3.06 0.80394
3.07 0.82941
3.08 0.85487
3.09 0.88034
3.1 0.9058
3.11 0.93127
3.12 0.95673
3.13 0.9822
3.14 0.99234
3.15 0.96687
3.16 0.94141
3.17 0.91594
3.18 0.89048
3.19 0.86501
3.2 0.83955
3.21 0.81408
3.22 0.78862
3.23 0.76315
3.24 0.73769
3.25 0.71222
3.26 0.68676
3.27 0.66129
3.28 0.63583
3.29 0.61037
3.3 0.5849
3.31 0.55944
3.32 0.53397
3.33 0.50851
3.34 0.48304
3.35 0.45758
3.36 0.43211
3.37 0.40665
3.38 0.38118
3.39 0.35572
3.4 0.33025
3.41 0.30479
3.42 0.27932
3.43 0.25386
3.44 0.22839
3.45 0.20293
3.46 0.17746
3.47 0.152
3.48 0.12653
3.49 0.10107
3.5 0.075605
3.51 0.05014
3.52 0.024675
3.53 -0.00078967
3.54 -0.026254
3.55 -0.051719
3.56 -0.077184
3.57 -0.10265
3.58 -0.12811
3.59 -0.15358
3.6 -0.17904
3.61 -0.20451
3.62 -0.22997
3.63 -0.25544
3.64 -0.2809
3.65 -0.30637
3.66 -0.33183
3.67 -0.3573
3.68 -0.38276
3.69 -0.40823
3.7 -0.43369
3.71 -0.45916
3.72 -0.48462
3.73 -0.51009
3.74 -0.53555
3.75 -0.56102
3.76 -0.58648
3.77 -0.61194
3.78 -0.63741
3.79 -0.66287
3.8 -0.68834
3.81 -0.7138
3.82 -0.73927
3.83 -0.76473
3.84 -0.7902
3.85 -0.81566
3.86 -0.84113
3.87 -0.86659
3.88 -0.89206
3.89 -0.91752
3.9 -0.94299
3.91 -0.96845
3.92 -0.99392
3.93 -0.98062
3.94 -0.95515
3.95 -0.92969
3.96 -0.90422
3.97 -0.87876
3.98 -0.85329
3.99 -0.82783
4 -0.80237
4.01 -0.7769
4.02 -0.75144
4.03 -0.72597
4.04 -0.70051
4.05 -0.67504
4.06 -0.64958
4.07 -0.62411
4.08 -0.59865
4.09 -0.57318
4.1 -0.54772
4.11 -0.52225
4.12 -0.49679
4.13 -0.47132
4.14 -0.44586
4.15 -0.42039
4.16 -0.39493
4.17 -0.36946
4.18 -0.344
4.19 -0.31853
4.2 -0.29307
4.21 -0.2676
4.22 -0.24214
4.23 -0.21667
4.24 -0.19121
4.25 -0.16575
4.26 -0.14028
4.27 -0.11482
4.28 -0.089351
4.29 -0.063886
4.3 -0.038421
4.31 -0.012957
4.32 0.012508
4.33 0.037973
4.34 0.063438
4.35 0.088903
4.36 0.11437
4.37 0.13983
4.38 0.1653
4.39 0.19076
4.4 0.21623
4.41 0.24169
4.42 0.26716
4.43 0.29262
4.44 0.31809
4.45 0.34355
4.46 0.36902
4.47 0.39448
4.48 0.41994
4.49 0.44541
4.5 0.47087
4.51 0.49634
4.52 0.5218
4.53 0.54727
4.54 0.57273
4.55 0.5982
4.56 0.62366
4.57 0.64913
4.58 0.67459
4.59 0.70006
4.6 0.72552
4.61 0.75099
4.62 0.77645
4.63 0.80192
4.64 0.82738
4.65 0.85285
4.66 0.87831
4.67 0.90378
4.68 0.92924
4.69 0.95471
4.7 0.98017
4.71 0.99437
4.72 0.9689
4.73 0.94344
4.74 0.91797
4.75 0.89251
4.76 0.86704
4.77 0.84158
4.78 0.81611
4.79 0.79065
4.8 0.76518
4.81 0.73972
4.82 0.71425
4.83 0.68879
4.84 0.66332
4.85 0.63786
4.86 0.61239
4.87 0.58693
4.88 0.56146
4.89 0.536
4.9 0.51053
4.91 0.48507
4.92 0.4596
4.93 0.43414
4.94 0.40867
4.95 0.38321
4.96 0.35775
4.97 0.33228
4.98 0.30682
4.99 0.28135
5 0.25589
5.01 0.23042
5.02 0.20496
5.03 0.17949
5.04 0.15403
5.05 0.12856
5.06 0.1031
5.07 0.077633
5.08 0.052168
5.09 0.026703
5.1 0.0012382
5.11 -0.024227
5.12 -0.049691
5.13 -0.075156
5.14 -0.10062
5.15 -0.12609
5.16 -0.15155
5.17 -0.17702
5.18 -0.20248
5.19 -0.22794
5.2 -0.25341
5.21 -0.27887
5.22 -0.30434
5.23 -0.3298
5.24 -0.35527
5.25 -0.38073
5.26 -0.4062
5.27 -0.43166
5.28 -0.45713
5.29 -0.48259
5.3 -0.50806
5.31 -0.53352
5.32 -0.55899
5.33 -0.58445
5.34 -0.60992
5.35 -0.63538
5.36 -0.66085
5.37 -0.68631
5.38 -0.71178
5.39 -0.73724
5.4 -0.76271
5.41 -0.78817
5.42 -0.81364
5.43 -0.8391
5.44 -0.86456
5.45 -0.89003
5.46 -0.91549
5.47 -0.94096
5.48 -0.96642
5.49 -0.99189
5.5 -0.98265
5.51 -0.95718
5.52 -0.93172
5.53 -0.90625
5.54 -0.88079
5.55 -0.85532
5.56 -0.82986
5.57 -0.80439
5.58 -0.77893
5.59 -0.75346
5.6 -0.728
5.61 -0.70253
5.62 -0.67707
5.63 -0.6516
5.64 -0.62614
5.65 -0.60067
5.66 -0.57521
5.67 -0.54975
5.68 -0.52428
5.69 -0.49882
5.7 -0.47335
5.71 -0.44789
5.72 -0.42242
5.73 -0.39696
5.74 -0.37149
5.75 -0.34603
5.76 -0.32056
5.77 -0.2951
5.78 -0.26963
5.79 -0.24417
5.8 -0.2187
5.81 -0.19324
5.82 -0.16777
5.83 -0.14231
5.84 -0.11684
5.85 -0.091379
5.86 -0.065914
5.87 -0.040449
5.88 -0.014984
5.89 0.01048
5.9 0.035945
5.91 0.06141
5.92 0.086875
5.93 0.11234
5.94 0.1378
5.95 0.16327
5.96 0.18873
5.97 0.2142
5.98 0.23966
5.99 0.26513
6 0.29059
6.01 0.31606
6.02 0.34152
6.03 0.36699
6.04 0.39245
6.05 0.41792
6.06 0.44338
6.07 0.46885
6.08 0.49431
6.09 0.51978
6.1 0.54524
6.11 0.57071
6.12 0.59617
6.13 0.62164
6.14 0.6471
6.15 0.67256
6.16 0.69803
6.17 0.72349
6.18 0.74896
6.19 0.77442
6.2 0.79989
6.21 0.82535
6.22 0.85082
6.23 0.87628
6.24 0.90175
6.25 0.92721
6.26 0.95268
6.27 0.97814
6.28 0.99639
6.29 0.97093
6.3 0.94546
6.31 0.92
6.32 0.89453
6.33 0.86907
6.34 0.8436
6.35 0.81814
6.36 0.79267
6.37 0.76721
6.38 0.74174
6.39 0.71628
6.4 0.69082
6.41 0.66535
6.42 0.63989
6.43 0.61442
6.44 0.58896
6.45 0.56349
6.46 0.53803
6.47 0.51256
6.48 0.4871
6.49 0.46163
6.5 0.43617
6.51 0.4107
6.52 0.38524
6.53 0.35977
6.54 0.33431
6.55 0.30884
6.56 0.28338
6.57 0.25791
6.58 0.23245
6.59 0.20698
6.6 0.18152
6.61 0.15605
6.62 0.13059
6.63 0.10513
6.64 0.07966
6.65 0.054196
6.66 0.028731
6.67 0.003266
6.68 -0.022199
6.69 -0.047664
6.7 -0.073128
6.71 -0.098593
6.72 -0.12406
6.73 -0.14952
6.74 -0.17499
6.75 -0.20045
6.76 -0.22592
6.77 -0.25138
6.78 -0.27685
6.79 -0.30231
6.8 -0.32778
6.81 -0.35324
6.82 -0.37871
6.83 -0.40417
6.84 -0.42964
6.85 -0.4551
6.86 -0.48057
6.87 -0.50603
6.88 -0.53149
6.89 -0.55696
6.9 -0.58242
6.91 -0.60789
6.92 -0.63335
6.93 -0.65882
6.94 -0.68428
6.95 -0.70975
6.96 -0.73521
6.97 -0.76068
6.98 -0.78614
6.99 -0.81161
7 -0.83707
7.01 -0.86254
7.02 -0.888
7.03 -0.91347
7.04 -0.93893
7.05 -0.9644
7.06 -0.98986
7.07 -0.98467
7.08 -0.95921
7.09 -0.93374
7.1 -0.90828
7.11 -0.88282
7.12 -0.85735
7.13 -0.83189
7.14 -0.80642
7.15 -0.78096
7.16 -0.75549
7.17 -0.73003
7.18 -0.70456
7.19 -0.6791
7.2 -0.65363
7.21 -0.62817
7.22 -0.6027
7.23 -0.57724
7.24 -0.55177
7.25 -0.52631
7.26 -0.50084
7.27 -0.47538
7.28 -0.44991
7.29 -0.42445
7.3 -0.39898
7.31 -0.37352
7.32 -0.34805
7.33 -0.32259
7.34 -0.29713
7.35 -0.27166
7.36 -0.2462
7.37 -0.22073
7.38 -0.19527
7.39 -0.1698
7.4 -0.14434
7.41 -0.11887
7.42 -0.093407
7.43 -0.067942
7.44 -0.042477
7.45 -0.017012
7.46 0.0084525
7.47 0.033917
7.48 0.059382
7.49 0.084847
7.5 0.11031
7.51 0.13578
7.52 0.16124
7.53 0.18671
7.54 0.21217
7.55 0.23764
7.56 0.2631
7.57 0.28857
7.58 0.31403
7.59 0.33949
7.6 0.36496
7.61 0.39042
7.62 0.41589
7.63 0.44135
7.64 0.46682
7.65 0.49228
7.66 0.51775
7.67 0.54321
7.68 0.56868
7.69 0.59414
7.7 0.61961
7.71 0.64507
7.72 0.67054
7.73 0.696
7.74 0.72147
7.75 0.74693
7.76 0.7724
7.77 0.79786
7.78 0.82333
7.79 0.84879
7.8 0.87426
7.81 0.89972
7.82 0.92518
7.83 0.95065
7.84 0.97611
7.85 0.99842
7.86 0.97296
7.87 0.94749
7.88 0.92203
7.89 0.89656
7.9 0.8711
7.91 0.84563
7.92 0.82017
7.93 0.7947
7.94 0.76924
7.95 0.74377
7.96 0.71831
7.97 0.69284
7.98 0.66738
7.99 0.64191
8 0.61645
8.01 0.59098
8.02 0.56552
8.03 0.54005
8.04 0.51459
8.05 0.48912
8.06 0.46366
8.07 0.4382
8.08 0.41273
8.09 0.38727
8.1 0.3618
8.11 0.33634
8.12 0.31087
8.13 0.28541
8.14 0.25994
8.15 0.23448
8.16 0.20901
8.17 0.18355
8.18 0.15808
8.19 0.13262
8.2 0.10715
8.21 0.081688
8.22 0.056223
8.23 0.030759
8.24 0.0052938
8.25 -0.020171
8.26 -0.045636
8.27 -0.071101
8.28 -0.096565
8.29 -0.12203
8.3 -0.14749
8.31 -0.17296
8.32 -0.19842
8.33 -0.22389
8.34 -0.24935
8.35 -0.27482
8.36 -0.30028
8.37 -0.32575
8.38 -0.35121
8.39 -0.37668
8.4 -0.40214
8.41 -0.42761
8.42 -0.45307
8.43 -0.47854
8.44 -0.504
8.45 -0.52947
8.46 -0.55493
8.47 -0.5804
8.48 -0.60586
8.49 -0.63133
8.5 -0.65679
8.51 -0.68226
8.52 -0.70772
8.53 -0.73319
8.54 -0.75865
8.55 -0.78411
8.56 -0.80958
8.57 -0.83504
8.58 -0.86051
8.59 -0.88597
8.6 -0.91144
8.61 -0.9369
8.62 -0.96237
8.63 -0.98783
8.64 -0.9867
8.65 -0.96124
8.66 -0.93577
8.67 -0.91031
8.68 -0.88484
8.69 -0.85938
8.7 -0.83391
8.71 -0.80845
8.72 -0.78298
8.73 -0.75752
8.74 -0.73205
8.75 -0.70659
8.76 -0.68112
8.77 -0.65566
8.78 -0.6302
8.79 -0.60473
8.8 -0.57927
8.81 -0.5538
8.82 -0.52834
8.83 -0.50287
8.84 -0.47741
8.85 -0.45194
8.86 -0.42648
8.87 -0.40101
8.88 -0.37555
8.89 -0.35008
8.9 -0.32462
8.91 -0.29915
8.92 -0.27369
8.93 -0.24822
8.94 -0.22276
8.95 -0.19729
8.96 -0.17183
8.97 -0.14636
8.98 -0.1209
8.99 -0.095435
9 -0.06997
9.01 -0.044505
9.02 -0.01904
9.03 0.0064247
9.04 0.031889
9.05 0.057354
9.06 0.082819
9.07 0.10828
9.08 0.13375
9.09 0.15921
9.1 0.18468
9.11 0.21014
9.12 0.23561
9.13 0.26107
9.14 0.28654
9.15 0.312
9.16 0.33747
9.17 0.36293
9.18 0.3884
9.19 0.41386
9.2 0.43933
9.21 0.46479
9.22 0.49026
9.23 0.51572
9.24 0.54119
9.25 0.56665
9.26 0.59211
9.27 0.61758
9.28 0.64304
9.29 0.66851
9.3 0.69397
9.31 0.71944
9.32 0.7449
9.33 0.77037
9.34 0.79583
9.35 0.8213
9.36 0.84676
9.37 0.87223
9.38 0.89769
9.39 0.92316
9.4 0.94862
9.41 0.97409
9.42 0.99955
9.43 0.97498
9.44 0.94952
9.45 0.92405
9.46 0.89859
9.47 0.87312
9.48 0.84766
9.49 0.82219
9.5 0.79673
9.51 0.77127
9.52 0.7458
9.53 0.72034
9.54 0.69487
9.55 0.66941
9.56 0.64394
9.57 0.61848
9.58 0.59301
9.59 0.56755
9.6 0.54208
9.61 0.51662
9.62 0.49115
9.63 0.46569
9.64 0.44022
9.65 0.41476
9.66 0.38929
9.67 0.36383
9.68 0.33836
9.69 0.3129
9.7 0.28743
9.71 0.26197
9.72 0.2365
9.73 0.21104
9.74 0.18558
9.75 0.16011
9.76 0.13465
9.77 0.10918
9.78 0.083716
9.79 0.058251
9.8 0.032786
9.81 0.0073217
9.82 -0.018143
9.83 -0.043608
9.84 -0.069073
9.85 -0.094538
9.86 -0.12
9.87 -0.14547
9.88 -0.17093
9.89 -0.1964
9.9 -0.22186
9.91 -0.24733
9.92 -0.27279
9.93 -0.29826
9.94 -0.32372
9.95 -0.34919
9.96 -0.37465
9.97 -0.40012
9.98 -0.42558
9.99 -0.45104
10 -0.47651
10.01 -0.50197
10.02 -0.52744
10.03 -0.5529
10.04 -0.57837
10.05 -0.60383
10.06 -0.6293
10.07 -0.65476
10.08 -0.68023
10.09 -0.70569
10.1 -0.73116
10.11 -0.75662
10.12 -0.78209
10.13 -0.80755
10.14 -0.83302
10.15 -0.85848
10.16 -0.88395
10.17 -0.90941
10.18 -0.93488
10.19 -0.96034
10.2 -0.98581
10.21 -0.98873
10.22 -0.96327
10.23 -0.9378
10.24 -0.91234
10.25 -0.88687
10.26 -0.86141
10.27 -0.83594
10.28 -0.81048
10.29 -0.78501
10.3 -0.75955
10.31 -0.73408
10.32 -0.70862
10.33 -0.68315
10.34 -0.65769
10.35 -0.63222
10.36 -0.60676
10.37 -0.58129
10.38 -0.55583
10.39 -0.53036
10.4 -0.5049
10.41 -0.47943
10.42 -0.45397
10.43 -0.4285
10.44 -0.40304
10.45 -0.37758
10.46 -0.35211
10.47 -0.32665
10.48 -0.30118
10.49 -0.27572
10.5 -0.25025
10.51 -0.22479
10.52 -0.19932
10.53 -0.17386
10.54 -0.14839
10.55 -0.12293
10.56 -0.097462
10.57 -0.071998
10.58 -0.046533
10.59 -0.021068
10.6 0.0043968
10.61 0.029862
10.62 0.055326
10.63 0.080791
10.64 0.10626
10.65 0.13172
10.66 0.15719
10.67 0.18265
10.68 0.20812
10.69 0.23358
10.7 0.25904
10.71 0.28451
10.72 0.30997
10.73 0.33544
10.74 0.3609
10.75 0.38637
10.76 0.41183
10.77 0.4373
10.78 0.46276
10.79 0.48823
10.8 0.51369
10.81 0.53916
10.82 0.56462
10.83 0.59009
10.84 0.61555
10.85 0.64102
10.86 0.66648
10.87 0.69195
10.88 0.71741
10.89 0.74288
10.9 0.76834
10.91 0.79381
10.92 0.81927
10.93 0.84473
10.94 0.8702
10.95 0.89566
10.96 0.92113
10.97 0.94659
10.98 0.97206
10.99 0.99752
11 0.97701
11.01 0.95155
11.02 0.92608
11.03 0.90062
11.04 0.87515
11.05 0.84969
11.06 0.82422
11.07 0.79876
11.08 0.77329
11.09 0.74783
11.1 0.72236
11.11 0.6969
11.12 0.67143
11.13 0.64597
11.14 0.6205
11.15 0.59504
11.16 0.56957
11.17 0.54411
11.18 0.51865
11.19 0.49318
11.2 0.46772
11.21 0.44225
11.22 0.41679
11.23 0.39132
11.24 0.36586
11.25 0.34039
11.26 0.31493
11.27 0.28946
11.28 0.264
11.29 0.23853
11.3 0.21307
11.31 0.1876
11.32 0.16214
11.33 0.13667
11.34 0.11121
11.35 0.085744
11.36 0.060279
11.37 0.034814
11.38 0.0093495
11.39 -0.016115
11.4 -0.04158
11.41 -0.067045
11.42 -0.09251
11.43 -0.11797
11.44 -0.14344
11.45 -0.1689
11.46 -0.19437
11.47 -0.21983
11.48 -0.2453
11.49 -0.27076
11.5 -0.29623
11.51 -0.32169
11.52 -0.34716
11.53 -0.37262
11.54 -0.39809
11.55 -0.42355
11.56 -0.44902
11.57 -0.47448
11.58 -0.49995
11.59 -0.52541
11.6 -0.55088
11.61 -0.57634
11.62 -0.60181
11.63 -0.62727
11.64 -0.65274
11.65 -0.6782
11.66 -0.70366
11.67 -0.72913
11.68 -0.75459
11.69 -0.78006
11.7 -0.80552
11.71 -0.83099
11.72 -0.85645
11.73 -0.88192
11.74 -0.90738
11.75 -0.93285
11.76 -0.95831
11.77 -0.98378
11.78 -0.99076
11.79 -0.96529
11.8 -0.93983
11.81 -0.91436
11.82 -0.8889
11.83 -0.86343
11.84 -0.83797
11.85 -0.8125
11.86 -0.78704
11.87 -0.76157
11.88 -0.73611
11.89 -0.71065
11.9 -0.68518
11.91 -0.65972
11.92 -0.63425
11.93 -0.60879
11.94 -0.58332
11.95 -0.55786
11.96 -0.53239
11.97 -0.50693
11.98 -0.48146
11.99 -0.456
12 -0.43053
12.01 -0.40507
12.02 -0.3796
12.03 -0.35414
12.04 -0.32867
12.05 -0.30321
12.06 -0.27774
12.07 -0.25228
12.08 -0.22681
12.09 -0.20135
12.1 -0.17588
12.11 -0.15042
12.12 -0.12495
12.13 -0.09949
12.14 -0.074025
12.15 -0.048561
12.16 -0.023096
12.17 0.002369
12.18 0.027834
12.19 0.053299
12.2 0.078763
12.21 0.10423
12.22 0.12969
12.23 0.15516
12.24 0.18062
12.25 0.20609
12.26 0.23155
12.27 0.25702
12.28 0.28248
12.29 0.30795
12.3 0.33341
12.31 0.35888
12.32 0.38434
12.33 0.40981
12.34 0.43527
12.35 0.46074
12.36 0.4862
12.37 0.51166
12.38 0.53713
12.39 0.56259
12.4 0.58806
12.41 0.61352
12.42 0.63899
12.43 0.66445
12.44 0.68992
12.45 0.71538
12.46 0.74085
12.47 0.76631
12.48 0.79178
12.49 0.81724
12.5 0.84271
12.51 0.86817
12.52 0.89364
12.53 0.9191
12.54 0.94457
12.55 0.97003
12.56 0.9955
12.57 0.97904
12.58 0.95357
12.59 0.92811
12.6 0.90264
12.61 0.87718
12.62 0.85172
12.63 0.82625
12.64 0.80079
12.65 0.77532
12.66 0.74986
12.67 0.72439
12.68 0.69893
12.69 0.67346
12.7 0.648
12.71 0.62253
12.72 0.59707
12.73 0.5716
12.74 0.54614
12.75 0.52067
12.76 0.49521
12.77 0.46974
12.78 0.44428
12.79 0.41881
12.8 0.39335
12.81 0.36788
12.82 0.34242
12.83 0.31695
12.84 0.29149
12.85 0.26603
12.86 0.24056
12.87 0.2151
12.88 0.18963
12.89 0.16417
12.9 0.1387
12.91 0.11324
12.92 0.087772
12.93 0.062307
12.94 0.036842
12.95 0.011377
12.96 -0.014087
12.97 -0.039552
12.98 -0.065017
12.99 -0.090482
13 -0.11595
13.01 -0.14141
13.02 -0.16688
13.03 -0.19234
13.04 -0.21781
13.05 -0.24327
13.06 -0.26874
13.07 -0.2942
13.08 -0.31966
13.09 -0.34513
13.1 -0.37059
13.11 -0.39606
13.12 -0.42152
13.13 -0.44699
13.14 -0.47245
13.15 -0.49792
13.16 -0.52338
13.17 -0.54885
13.18 -0.57431
13.19 -0.59978
13.2 -0.62524
13.21 -0.65071
13.22 -0.67617
13.23 -0.70164
13.24 -0.7271
13.25 -0.75257
13.26 -0.77803
13.27 -0.8035
13.28 -0.82896
13.29 -0.85443
13.3 -0.87989
13.31 -0.90536
13.32 -0.93082
13.33 -0.95628
13.34 -0.98175
13.35 -0.99279
13.36 -0.96732
13.37 -0.94186
13.38 -0.91639
13.39 -0.89093
13.4 -0.86546
13.41 -0.84
13.42 -0.81453
13.43 -0.78907
13.44 -0.7636
13.45 -0.73814
13.46 -0.71267
13.47 -0.68721
13.48 -0.66174
13.49 -0.63628
13.5 -0.61081
13.51 -0.58535
13.52 -0.55988
13.53 -0.53442
13.54 -0.50895
13.55 -0.48349
13.56 -0.45803
13.57 -0.43256
13.58 -0.4071
13.59 -0.38163
13.6 -0.35617
13.61 -0.3307
13.62 -0.30524
13.63 -0.27977
13.64 -0.25431
13.65 -0.22884
13.66 -0.20338
13.67 -0.17791
13.68 -0.15245
13.69 -0.12698
13.7 -0.10152
13.71 -0.076053
13.72 -0.050588
13.73 -0.025124
13.74 0.00034117
13.75 0.025806
13.76 0.051271
13.77 0.076736
13.78 0.1022
13.79 0.12767
13.8 0.15313
13.81 0.17859
13.82 0.20406
13.83 0.22952
13.84 0.25499
13.85 0.28045
13.86 0.30592
13.87 0.33138
13.88 0.35685
13.89 0.38231
13.9 0.40778
13.91 0.43324
13.92 0.45871
13.93 0.48417
13.94 0.50964
13.95 0.5351
13.96 0.56057
13.97 0.58603
13.98 0.6115
13.99 0.63696
14 0.66243
14.01 0.68789
14.02 0.71336
14.03 0.73882
14.04 0.76428
14.05 0.78975
14.06 0.81521
14.07 0.84068
14.08 0.86614
14.09 0.89161
14.1 0.91707
14.11 0.94254
14.12 0.968
14.13 0.99347
14.14 0.98107
14.15 0.9556
14.16 0.93014
14.17 0.90467
14.18 0.87921
14.19 0.85374
14.2 0.82828
14.21 0.80281
14.22 0.77735
14.23 0.75188
14.24 0.72642
14.25 0.70095
14.26 0.67549
14.27 0.65002
14.28 0.62456
14.29 0.5991
14.3 0.57363
14.31 0.54817
14.32 0.5227
14.33 0.49724
14.34 0.47177
14.35 0.44631
14.36 0.42084
14.37 0.39538
14.38 0.36991
14.39 0.34445
14.4 0.31898
14.41 0.29352
14.42 0.26805
14.43 0.24259
14.44 0.21712
14.45 0.19166
14.46 0.16619
14.47 0.14073
14.48 0.11526
14.49 0.0898
14.5 0.064335
14.51 0.03887
14.52 0.013405
14.53 -0.01206
14.54 -0.037524
14.55 -0.062989
14.56 -0.088454
14.57 -0.11392
14.58 -0.13938
14.59 -0.16485
14.6 -0.19031
14.61 -0.21578
14.62 -0.24124
14.63 -0.26671
14.64 -0.29217
14.65 -0.31764
14.66 -0.3431
14.67 -0.36857
14.68 -0.39403
14.69 -0.4195
14.7 -0.44496
14.71 -0.47043
14.72 -0.49589
14.73 -0.52136
14.74 -0.54682
14.75 -0.57229
14.76 -0.59775
14.77 -0.62321
14.78 -0.64868
14.79 -0.67414
14.8 -0.69961
14.81 -0.72507
14.82 -0.75054
14.83 -0.776
14.84 -0.80147
14.85 -0.82693
14.86 -0.8524
14.87 -0.87786
14.88 -0.90333
14.89 -0.92879
14.9 -0.95426
14.91 -0.97972
14.92 -0.99481
14.93 -0.96935
14.94 -0.94388
14.95 -0.91842
14.96 -0.89295
14.97 -0.86749
14.98 -0.84202
14.99 -0.81656
15 -0.7911
15.01 -0.76563
15.02 -0.74017
15.03 -0.7147
15.04 -0.68924
15.05 -0.66377
15.06 -0.63831
15.07 -0.61284
15.08 -0.58738
15.09 -0.56191
15.1 -0.53645
15.11 -0.51098
15.12 -0.48552
15.13 -0.46005
15.14 -0.43459
15.15 -0.40912
15.16 -0.38366
15.17 -0.35819
15.18 -0.33273
15.19 -0.30726
15.2 -0.2818
15.21 -0.25633
15.22 -0.23087
15.23 -0.2054
15.24 -0.17994
15.25 -0.15448
15.26 -0.12901
15.27 -0.10355
15.28 -0.078081
15.29 -0.052616
15.3 -0.027151
15.31 -0.0016867
15.32 0.023778
15.33 0.049243
15.34 0.074708
15.35 0.10017
15.36 0.12564
15.37 0.1511
15.38 0.17657
15.39 0.20203
15.4 0.2275
15.41 0.25296
15.42 0.27843
15.43 0.30389
15.44 0.32936
15.45 0.35482
15.46 0.38029
15.47 0.40575
15.48 0.43121
15.49 0.45668
15.5 0.48214
15.51 0.50761
15.52 0.53307
15.53 0.55854
15.54 0.584
15.55 0.60947
15.56 0.63493
15.57 0.6604
15.58 0.68586
15.59 0.71133
15.6 0.73679
15.61 0.76226
15.62 0.78772
15.63 0.81319
15.64 0.83865
15.65 0.86412
15.66 0.88958
15.67 0.91505
15.68 0.94051
15.69 0.96598
15.7 0.99144
15.71 0.9831
15.72 0.95763
15.73 0.93217
15.74 0.9067
15.75 0.88124
15.76 0.85577
15.77 0.83031
15.78 0.80484
15.79 0.77938
15.8 0.75391
15.81 0.72845
15.82 0.70298
15.83 0.67752
15.84 0.65205
15.85 0.62659
15.86 0.60112
15.87 0.57566
15.88 0.55019
15.89 0.52473
15.9 0.49926
15.91 0.4738
15.92 0.44833
15.93 0.42287
15.94 0.3974
15.95 0.37194
15.96 0.34648
15.97 0.32101
15.98 0.29555
15.99 0.27008
16 0.24462
16.01 0.21915
16.02 0.19369
16.03 0.16822
16.04 0.14276
16.05 0.11729
16.06 0.091827
16.07 0.066363
16.08 0.040898
16.09 0.015433
16.1 -0.010032
16.11 -0.035497
16.12 -0.060961
16.13 -0.086426
16.14 -0.11189
16.15 -0.13736
16.16 -0.16282
16.17 -0.18829
16.18 -0.21375
16.19 -0.23921
16.2 -0.26468
16.21 -0.29014
16.22 -0.31561
16.23 -0.34107
16.24 -0.36654
16.25 -0.392
16.26 -0.41747
16.27 -0.44293
16.28 -0.4684
16.29 -0.49386
16.3 -0.51933
16.31 -0.54479
16.32 -0.57026
16.33 -0.59572
16.34 -0.62119
16.35 -0.64665
16.36 -0.67212
16.37 -0.69758
16.38 -0.72305
16.39 -0.74851
16.4 -0.77398
16.41 -0.79944
16.42 -0.82491
16.43 -0.85037
16.44 -0.87583
16.45 -0.9013
16.46 -0.92676
16.47 -0.95223
16.48 -0.97769
16.49 -0.99684
16.5 -0.97138
16.51 -0.94591
16.52 -0.92045
16.53 -0.89498
16.54 -0.86952
16.55 -0.84405
16.56 -0.81859
16.57 -0.79312
16.58 -0.76766
16.59 -0.74219
16.6 -0.71673
16.61 -0.69126
16.62 -0.6658
16.63 -0.64033
16.64 -0.61487
16.65 -0.5894
16.66 -0.56394
16.67 -0.53848
16.68 -0.51301
16.69 -0.48755
16.7 -0.46208
16.71 -0.43662
16.72 -0.41115
16.73 -0.38569
16.74 -0.36022
16.75 -0.33476
16.76 -0.30929
16.77 -0.28383
16.78 -0.25836
16.79 -0.2329
16.8 -0.20743
16.81 -0.18197
16.82 -0.1565
16.83 -0.13104
16.84 -0.10557
16.85 -0.080109
16.86 -0.054644
16.87 -0.029179
16.88 -0.0037145
16.89 0.02175
16.9 0.047215
16.91 0.07268
16.92 0.098145
16.93 0.12361
16.94 0.14907
16.95 0.17454
16.96 0.2
16.97 0.22547
16.98 0.25093
16.99 0.2764
17 0.30186
17.01 0.32733
17.02 0.35279
17.03 0.37826
17.04 0.40372
17.05 0.42919
17.06 0.45465
17.07 0.48012
17.08 0.50558
17.09 0.53105
17.1 0.55651
17.11 0.58198
17.12 0.60744
17.13 0.63291
17.14 0.65837
17.15 0.68383
17.16 0.7093
17.17 0.73476
17.18 0.76023
17.19 0.78569
17.2 0.81116
17.21 0.83662
17.22 0.86209
17.23 0.88755
17.24 0.91302
17.25 0.93848
17.26 0.96395
17.27 0.98941
17.28 0.98512
17.29 0.95966
17.3 0.93419
17.31 0.90873
17.32 0.88326
17.33 0.8578
17.34 0.83233
17.35 0.80687
17.36 0.7814
17.37 0.75594
17.38 0.73047
17.39 0.70501
17.4 0.67955
17.41 0.65408
17.42 0.62862
17.43 0.60315
17.44 0.57769
17.45 0.55222
17.46 0.52676
17.47 0.50129
17.48 0.47583
17.49 0.45036
17.5 0.4249
17.51 0.39943
17.52 0.37397
17.53 0.3485
17.54 0.32304
17.55 0.29757
17.56 0.27211
17.57 0.24664
17.58 0.22118
17.59 0.19571
17.6 0.17025
17.61 0.14478
17.62 0.11932
17.63 0.093855
17.64 0.06839
17.65 0.042926
17.66 0.017461
17.67 -0.008004
17.68 -0.033469
17.69 -0.058934
17.7 -0.084398
17.71 -0.10986
17.72 -0.13533
17.73 -0.16079
17.74 -0.18626
17.75 -0.21172
17.76 -0.23719
17.77 -0.26265
17.78 -0.28812
17.79 -0.31358
17.8 -0.33905
17.81 -0.36451
17.82 -0.38998
17.83 -0.41544
17.84 -0.44091
17.85 -0.46637
17.86 -0.49184
17.87 -0.5173
17.88 -0.54276
17.89 -0.56823
17.9 -0.59369
17.91 -0.61916
17.92 -0.64462
17.93 -0.67009
17.94 -0.69555
17.95 -0.72102
17.96 -0.74648
17.97 -0.77195
17.98 -0.79741
17.99 -0.82288
18 -0.84834
18.01 -0.87381
18.02 -0.89927
18.03 -0.92474
18.04 -0.9502
18.05 -0.97567
18.06 -0.99887
18.07 -0.9734
18.08 -0.94794
18.09 -0.92247
18.1 -0.89701
18.11 -0.87155
18.12 -0.84608
18.13 -0.82062
18.14 -0.79515
18.15 -0.76969
18.16 -0.74422
18.17 -0.71876
18.18 -0.69329
18.19 -0.66783
18.2 -0.64236
18.21 -0.6169
18.22 -0.59143
18.23 -0.56597
18.24 -0.5405
18.25 -0.51504
18.26 -0.48957
18.27 -0.46411
18.28 -0.43864
18.29 -0.41318
18.3 -0.38771
18.31 -0.36225
18.32 -0.33678
18.33 -0.31132
18.34 -0.28586
18.35 -0.26039
18.36 -0.23493
18.37 -0.20946
18.38 -0.184
18.39 -0.15853
18.4 -0.13307
18.41 -0.1076
18.42 -0.082137
18.43 -0.056672
18.44 -0.031207
18.45 -0.0057423
18.46 0.019722
18.47 0.045187
18.48 0.070652
18.49 0.096117
18.5 0.12158
18.51 0.14705
18.52 0.17251
18.53 0.19798
18.54 0.22344
18.55 0.24891
18.56 0.27437
18.57 0.29984
18.58 0.3253
18.59 0.35076
18.6 0.37623
18.61 0.40169
18.62 0.42716
18.63 0.45262
18.64 0.47809
18.65 0.50355
18.66 0.52902
18.67 0.55448
18.68 0.57995
18.69 0.60541
18.7 0.63088
18.71 0.65634
18.72 0.68181
18.73 0.70727
18.74 0.73274
18.75 0.7582
18.76 0.78367
18.77 0.80913
18.78 0.8346
18.79 0.86006
18.8 0.88553
18.81 0.91099
18.82 0.93645
18.83 0.96192
18.84 0.98738
18.85 0.98715
18.86 0.96169
18.87 0.93622
18.88 0.91076
18.89 0.88529
18.9 0.85983
18.91 0.83436
18.92 0.8089
18.93 0.78343
18.94 0.75797
18.95 0.7325
18.96 0.70704
18.97 0.68157
18.98 0.65611
18.99 0.63064
19 0.60518
19.01 0.57971
19.02 0.55425
19.03 0.52878
19.04 0.50332
19.05 0.47785
19.06 0.45239
19.07 0.42693
19.08 0.40146
19.09 0.376
19.1 0.35053
19.11 0.32507
19.12 0.2996
19.13 0.27414
19.14 0.24867
19.15 0.22321
19.16 0.19774
19.17 0.17228
19.18 0.14681
19.19 0.12135
19.2 0.095883
19.21 0.070418
19.22 0.044953
19.23 0.019489
19.24 -0.0059762
19.25 -0.031441
19.26 -0.056906
19.27 -0.082371
19.28 -0.10784
19.29 -0.1333
19.3 -0.15876
19.31 -0.18423
19.32 -0.20969
19.33 -0.23516
19.34 -0.26062
19.35 -0.28609
19.36 -0.31155
19.37 -0.33702
19.38 -0.36248
19.39 -0.38795
19.4 -0.41341
19.41 -0.43888
19.42 -0.46434
19.43 -0.48981
19.44 -0.51527
19.45 -0.54074
19.46 -0.5662
19.47 -0.59167
19.48 -0.61713
19.49 -0.6426
19.5 -0.66806
19.51 -0.69353
19.52 -0.71899
19.53 -0.74446
19.54 -0.76992
19.55 -0.79538
19.56 -0.82085
19.57 -0.84631
19.58 -0.87178
19.59 -0.89724
19.6 -0.92271
19.61 -0.94817
19.62 -0.97364
19.63 -0.9991
19.64 -0.97543
19.65 -0.94997
19.66 -0.9245
19.67 -0.89904
19.68 -0.87357
19.69 -0.84811
19.7 -0.82264
19.71 -0.79718
19.72 -0.77171
19.73 -0.74625
19.74 -0.72078
19.75 -0.69532
19.76 -0.66985
19.77 -0.64439
19.78 -0.61893
19.79 -0.59346
19.8 -0.568
19.81 -0.54253
19.82 -0.51707
19.83 -0.4916
19.84 -0.46614
19.85 -0.44067
19.86 -0.41521
19.87 -0.38974
19.88 -0.36428
19.89 -0.33881
19.9 -0.31335
19.91 -0.28788
19.92 -0.26242
19.93 -0.23695
19.94 -0.21149
19.95 -0.18602
19.96 -0.16056
19.97 -0.13509
19.98 -0.10963
19.99 -0.084165
20 -0.0587
20.01 -0.033235
20.02 -0.0077701
20.03 0.017695
20.04 0.043159
20.05 0.068624
20.06 0.094089
20.07 0.11955
20.08 0.14502
20.09 0.17048
20.1 0.19595
20.11 0.22141
20.12 0.24688
20.13 0.27234
20.14 0.29781
20.15 0.32327
20.16 0.34874
20.17 0.3742
20.18 0.39967
20.19 0.42513
20.2 0.4506
20.21 0.47606
20.22 0.50153
20.23 0.52699
20.24 0.55246
20.25 0.57792
20.26 0.60338
20.27 0.62885
20.28 0.65431
20.29 0.67978
20.3 0.70524
20.31 0.73071
20.32 0.75617
20.33 0.78164
20.34 0.8071
20.35 0.83257
20.36 0.85803
20.37 0.8835
20.38 0.90896
20.39 0.93443
20.4 0.95989
20.41 0.98536
20.42 0.98918
20.43 0.96371
20.44 0.93825
20.45 0.91278
20.46 0.88732
20.47 0.86185
20.48 0.83639
20.49 0.81092
20.5 0.78546
20.51 0.76
20.52 0.73453
20.53 0.70907
20.54 0.6836
20.55 0.65814
20.56 0.63267
20.57 0.60721
20.58 0.58174
20.59 0.55628
20.6 0.53081
20.61 0.50535
20.62 0.47988
20.63 0.45442
20.64 0.42895
20.65 0.40349
20.66 0.37802
20.67 0.35256
20.68 0.32709
20.69 0.30163
20.7 0.27616
20.71 0.2507
20.72 0.22523
20.73 0.19977
20.74 0.17431
20.75 0.14884
20.76 0.12338
20.77 0.097911
20.78 0.072446
20.79 0.046981
20.8 0.021516
20.81 -0.0039483
20.82 -0.029413
20.83 -0.054878
20.84 -0.080343
20.85 -0.10581
20.86 -0.13127
20.87 -0.15674
20.88 -0.1822
20.89 -0.20767
20.9 -0.23313
20.91 -0.2586
20.92 -0.28406
20.93 -0.30953
20.94 -0.33499
20.95 -0.36046
20.96 -0.38592
20.97 -0.41138
20.98 -0.43685
20.99 -0.46231
21 -0.48778
21.01 -0.51324
21.02 -0.53871
21.03 -0.56417
21.04 -0.58964
21.05 -0.6151
21.06 -0.64057
21.07 -0.66603
21.08 -0.6915
21.09 -0.71696
21.1 -0.74243
21.11 -0.76789
21.12 -0.79336
21.13 -0.81882
21.14 -0.84429
21.15 -0.86975
21.16 -0.89522
21.17 -0.92068
21.18 -0.94615
21.19 -0.97161
21.2 -0.99708
21.21 -0.97746
21.22 -0.952
21.23 -0.92653
21.24 -0.90107
21.25 -0.8756
21.26 -0.85014
21.27 -0.82467
21.28 -0.79921
21.29 -0.77374
21.3 -0.74828
21.31 -0.72281
21.32 -0.69735
21.33 -0.67188
21.34 -0.64642
21.35 -0.62095
21.36 -0.59549
21.37 -0.57002
21.38 -0.54456
21.39 -0.51909
21.4 -0.49363
21.41 -0.46816
21.42 -0.4427
21.43 -0.41723
21.44 -0.39177
21.45 -0.36631
21.46 -0.34084
21.47 -0.31538
21.48 -0.28991
21.49 -0.26445
21.5 -0.23898
21.51 -0.21352
21.52 -0.18805
21.53 -0.16259
21.54 -0.13712
21.55 -0.11166
21.56 -0.086192
21.57 -0.060728
21.58 -0.035263
21.59 -0.009798
21.6 0.015667
21.61 0.041132
21.62 0.066596
21.63 0.092061
21.64 0.11753
21.65 0.14299
21.66 0.16846
21.67 0.19392
21.68 0.21939
21.69 0.24485
21.7 0.27031
21.71 0.29578
21.72 0.32124
21.73 0.34671
21.74 0.37217
21.75 0.39764
21.76 0.4231
21.77 0.44857
21.78 0.47403
21.79 0.4995
21.8 0.52496
21.81 0.55043
21.82 0.57589
21.83 0.60136
21.84 0.62682
21.85 0.65229
21.86 0.67775
21.87 0.70322
21.88 0.72868
21.89 0.75415
21.9 0.77961
21.91 0.80508
21.92 0.83054
21.93 0.856
21.94 0.88147
21.95 0.90693
21.96 0.9324
21.97 0.95786
21.98 0.98333
21.99 0.99121
22 0.96574
22.01 0.94028
22.02 0.91481
22.03 0.88935
22.04 0.86388
22.05 0.83842
22.06 0.81295
22.07 0.78749
22.08 0.76202
22.09 0.73656
22.1 0.71109
22.11 0.68563
22.12 0.66016
22.13 0.6347
22.14 0.60923
22.15 0.58377
22.16 0.5583
22.17 0.53284
22.18 0.50738
22.19 0.48191
22.2 0.45645
22.21 0.43098
22.22 0.40552
22.23 0.38005
22.24 0.35459
22.25 0.32912
22.26 0.30366
22.27 0.27819
22.28 0.25273
22.29 0.22726
22.3 0.2018
22.31 0.17633
22.32 0.15087
22.33 0.1254
22.34 0.099939
22.35 0.074474
22.36 0.049009
22.37 0.023544
22.38 -0.0019205
22.39 -0.027385
22.4 -0.05285
22.41 -0.078315
22.42 -0.10378
22.43 -0.12924
22.44 -0.15471
22.45 -0.18017
22.46 -0.20564
22.47 -0.2311
22.48 -0.25657
22.49 -0.28203
22.5 -0.3075
22.51 -0.33296
22.52 -0.35843
22.53 -0.38389
22.54 -0.40936
22.55 -0.43482
22.56 -0.46029
22.57 -0.48575
22.58 -0.51122
22.59 -0.53668
22.6 -0.56215
22.61 -0.58761
22.62 -0.61308
22.63 -0.63854
22.64 -0.66401
22.65 -0.68947
22.66 -0.71493
22.67 -0.7404
22.68 -0.76586
22.69 -0.79133
22.7 -0.81679
22.71 -0.84226
22.72 -0.86772
22.73 -0.89319
22.74 -0.91865
22.75 -0.94412
22.76 -0.96958
22.77 -0.99505
22.78 -0.97949
22.79 -0.95402
22.8 -0.92856
22.81 -0.90309
22.82 -0.87763
22.83 -0.85216
22.84 -0.8267
22.85 -0.80123
22.86 -0.77577
22.87 -0.7503
22.88 -0.72484
22.89 -0.69938
22.9 -0.67391
22.91 -0.64845
22.92 -0.62298
22.93 -0.59752
22.94 -0.57205
22.95 -0.54659
22.96 -0.52112
22.97 -0.49566
22.98 -0.47019
22.99 -0.44473
23 -0.41926
23.01 -0.3938
23.02 -0.36833
23.03 -0.34287
23.04 -0.3174
23.05 -0.29194
23.06 -0.26647
23.07 -0.24101
23.08 -0.21554
23.09 -0.19008
23.1 -0.16461
23.11 -0.13915
23.12 -0.11368
23.13 -0.08822
23.14 -0.062755
23.15 -0.037291
23.16 -0.011826
23.17 0.013639
23.18 0.039104
23.19 0.064569
23.2 0.090033
23.21 0.1155
23.22 0.14096
23.23 0.16643
23.24 0.19189
23.25 0.21736
23.26 0.24282
23.27 0.26829
23.28 0.29375
23.29 0.31922
23.3 0.34468
23.31 0.37015
23.32 0.39561
23.33 0.42108
23.34 0.44654
23.35 0.47201
23.36 0.49747
23.37 0.52293
23.38 0.5484
23.39 0.57386
23.4 0.59933
23.41 0.62479
23.42 0.65026
23.43 0.67572
23.44 0.70119
23.45 0.72665
23.46 0.75212
23.47 0.77758
23.48 0.80305
23.49 0.82851
23.5 0.85398
23.51 0.87944
23.52 0.90491
23.53 0.93037
23.54 0.95584
23.55 0.9813
23.56 0.99323
23.57 0.96777
23.58 0.9423
23.59 0.91684
23.6 0.89138
23.61 0.86591
23.62 0.84045
23.63 0.81498
23.64 0.78952
23.65 0.76405
23.66 0.73859
23.67 0.71312
23.68 0.68766
23.69 0.66219
23.7 0.63673
23.71 0.61126
23.72 0.5858
23.73 0.56033
23.74 0.53487
23.75 0.5094
23.76 0.48394
23.77 0.45847
23.78 0.43301
23.79 0.40754
23.8 0.38208
23.81 0.35661
23.82 0.33115
23.83 0.30568
23.84 0.28022
23.85 0.25476
23.86 0.22929
23.87 0.20383
23.88 0.17836
23.89 0.1529
23.9 0.12743
23.91 0.10197
23.92 0.076502
23.93 0.051037
23.94 0.025572
23.95 0.00010733
23.96 -0.025357
23.97 -0.050822
23.98 -0.076287
23.99 -0.10175
24 -0.12722
24.01 -0.15268
24.02 -0.17815
24.03 -0.20361
24.04 -0.22908
24.05 -0.25454
24.06 -0.28001
24.07 -0.30547
24.08 -0.33093
24.09 -0.3564
24.1 -0.38186
24.11 -0.40733
24.12 -0.43279
24.13 -0.45826
24.14 -0.48372
24.15 -0.50919
24.16 -0.53465
24.17 -0.56012
24.18 -0.58558
24.19 -0.61105
24.2 -0.63651
24.21 -0.66198
24.22 -0.68744
24.23 -0.71291
24.24 -0.73837
24.25 -0.76384
24.26 -0.7893
24.27 -0.81477
24.28 -0.84023
24.29 -0.8657
24.3 -0.89116
24.31 -0.91663
24.32 -0.94209
24.33 -0.96755
24.34 -0.99302
24.35 -0.98152
24.36 -0.95605
24.37 -0.93059
24.38 -0.90512
24.39 -0.87966
24.4 -0.85419
24.41 -0.82873
24.42 -0.80326
24.43 -0.7778
24.44 -0.75233
24.45 -0.72687
24.46 -0.7014
24.47 -0.67594
24.48 -0.65047
24.49 -0.62501
24.5 -0.59954
24.51 -0.57408
24.52 -0.54861
24.53 -0.52315
24.54 -0.49768
24.55 -0.47222
24.56 -0.44676
24.57 -0.42129
24.58 -0.39583
24.59 -0.37036
24.6 -0.3449
24.61 -0.31943
24.62 -0.29397
24.63 -0.2685
24.64 -0.24304
24.65 -0.21757
24.66 -0.19211
24.67 -0.16664
24.68 -0.14118
24.69 -0.11571
24.7 -0.090248
24.71 -0.064783
24.72 -0.039318
24.73 -0.013854
24.74 0.011611
24.75 0.037076
24.76 0.062541
24.77 0.088006
24.78 0.11347
24.79 0.13894
24.8 0.1644
24.81 0.18986
24.82 0.21533
24.83 0.24079
24.84 0.26626
24.85 0.29172
24.86 0.31719
24.87 0.34265
24.88 0.36812
24.89 0.39358
24.9 0.41905
24.91 0.44451
24.92 0.46998
24.93 0.49544
24.94 0.52091
24.95 0.54637
24.96 0.57184
24.97 0.5973
24.98 0.62277
24.99 0.64823
25 0.6737
25.01 0.69916
25.02 0.72463
25.03 0.75009
25.04 0.77555
25.05 0.80102
25.06 0.82648
25.07 0.85195
25.08 0.87741
25.09 0.90288
25.1 0.92834
25.11 0.95381
25.12 0.97927
25.13 0.99526
25.14 0.9698
25.15 0.94433
25.16 0.91887
25.17 0.8934
25.18 0.86794
25.19 0.84247
25.2 0.81701
25.21 0.79154
25.22 0.76608
25.23 0.74061
25.24 0.71515
25.25 0.68968
25.26 0.66422
25.27 0.63875
25.28 0.61329
25.29 0.58783
25.3 0.56236
25.31 0.5369
25.32 0.51143
25.33 0.48597
25.34 0.4605
25.35 0.43504
25.36 0.40957
25.37 0.38411
25.38 0.35864
25.39 0.33318
25.4 0.30771
25.41 0.28225
25.42 0.25678
25.43 0.23132
25.44 0.20585
25.45 0.18039
25.46 0.15492
25.47 0.12946
25.48 0.10399
25.49 0.07853
25.5 0.053065
25.51 0.0276
25.52 0.0021352
25.53 -0.02333
25.54 -0.048794
25.55 -0.074259
25.56 -0.099724
25.57 -0.12519
25.58 -0.15065
25.59 -0.17612
25.6 -0.20158
25.61 -0.22705
25.62 -0.25251
25.63 -0.27798
25.64 -0.30344
25.65 -0.32891
25.66 -0.35437
25.67 -0.37984
25.68 -0.4053
25.69 -0.43077
25.7 -0.45623
25.71 -0.4817
25.72 -0.50716
25.73 -0.53263
25.74 -0.55809
25.75 -0.58356
25.76 -0.60902
25.77 -0.63448
25.78 -0.65995
25.79 -0.68541
25.8 -0.71088
25.81 -0.73634
25.82 -0.76181
25.83 -0.78727
25.84 -0.81274
25.85 -0.8382
25.86 -0.86367
25.87 -0.88913
25.88 -0.9146
25.89 -0.94006
25.9 -0.96553
25.91 -0.99099
25.92 -0.98354
25.93 -0.95808
25.94 -0.93261
25.95 -0.90715
25.96 -0.88168
25.97 -0.85622
25.98 -0.83075
25.99 -0.80529
26 -0.77983
26.01 -0.75436
26.02 -0.7289
26.03 -0.70343
26.04 -0.67797
26.05 -0.6525
26.06 -0.62704
26.07 -0.60157
26.08 -0.57611
26.09 -0.55064
26.1 -0.52518
26.11 -0.49971
26.12 -0.47425
26.13 -0.44878
26.14 -0.42332
26.15 -0.39785
26.16 -0.37239
26.17 -0.34692
26.18 -0.32146
26.19 -0.29599
26.2 -0.27053
26.21 -0.24506
26.22 -0.2196
26.23 -0.19414
26.24 -0.16867
26.25 -0.14321
26.26 -0.11774
26.27 -0.092276
26.28 -0.066811
26.29 -0.041346
26.3 -0.015881
26.31 0.0095833
26.32 0.035048
26.33 0.060513
26.34 0.085978
26.35 0.11144
26.36 0.13691
26.37 0.16237
26.38 0.18784
26.39 0.2133
26.4 0.23877
26.41 0.26423
26.42 0.2897
26.43 0.31516
26.44 0.34063
26.45 0.36609
26.46 0.39156
26.47 0.41702
26.48 0.44248
26.49 0.46795
26.5 0.49341
26.51 0.51888
26.52 0.54434
26.53 0.56981
26.54 0.59527
26.55 0.62074
26.56 0.6462
26.57 0.67167
26.58 0.69713
26.59 0.7226
26.6 0.74806
26.61 0.77353
26.62 0.79899
26.63 0.82446
26.64 0.84992
26.65 0.87539
26.66 0.90085
26.67 0.92632
26.68 0.95178
26.69 0.97725
26.7 0.99729
26.71 0.97183
26.72 0.94636
26.73 0.9209
26.74 0.89543
26.75 0.86997
26.76 0.8445
26.77 0.81904
26.78 0.79357
26.79 0.76811
26.8 0.74264
26.81 0.71718
26.82 0.69171
26.83 0.66625
26.84 0.64078
26.85 0.61532
26.86 0.58985
26.87 0.56439
26.88 0.53892
26.89 0.51346
26.9 0.48799
26.91 0.46253
26.92 0.43706
26.93 0.4116
26.94 0.38613
26.95 0.36067
26.96 0.33521
26.97 0.30974
26.98 0.28428
26.99 0.25881
27 0.23335
27.01 0.20788
27.02 0.18242
27.03 0.15695
27.04 0.13149
27.05 0.10602
27.06 0.080557
27.07 0.055093
27.08 0.029628
27.09 0.004163
27.1 -0.021302
27.11 -0.046767
27.12 -0.072231
27.13 -0.097696
27.14 -0.12316
27.15 -0.14863
27.16 -0.17409
27.17 -0.19956
27.18 -0.22502
27.19 -0.25048
27.2 -0.27595
27.21 -0.30141
27.22 -0.32688
27.23 -0.35234
27.24 -0.37781
27.25 -0.40327
27.26 -0.42874
27.27 -0.4542
27.28 -0.47967
27.29 -0.50513
27.3 -0.5306
27.31 -0.55606
27.32 -0.58153
27.33 -0.60699
27.34 -0.63246
27.35 -0.65792
27.36 -0.68339
27.37 -0.70885
27.38 -0.73432
27.39 -0.75978
27.4 -0.78525
27.41 -0.81071
27.42 -0.83618
27.43 -0.86164
27.44 -0.8871
27.45 -0.91257
27.46 -0.93803
27.47 -0.9635
27.48 -0.98896
27.49 -0.98557
27.5 -0.96011
27.51 -0.93464
27.52 -0.90918
27.53 -0.88371
27.54 -0.85825
27.55 -0.83278
27.56 -0.80732
27.57 -0.78185
27.58 -0.75639
27.59 -0.73092
27.6 -0.70546
27.61 -0.67999
27.62 -0.65453
27.63 -0.62906
27.64 -0.6036
27.65 -0.57813
27.66 -0.55267
27.67 -0.52721
27.68 -0.50174
27.69 -0.47628
27.7 -0.45081
27.71 -0.42535
27.72 -0.39988
27.73 -0.37442
27.74 -0.34895
27.75 -0.32349
27.76 -0.29802
27.77 -0.27256
27.78 -0.24709
27.79 -0.22163
27.8 -0.19616
27.81 -0.1707
27.82 -0.14523
27.83 -0.11977
27.84 -0.094304
27.85 -0.068839
27.86 -0.043374
27.87 -0.017909
27.88 0.0075555
27.89 0.03302
27.9 0.058485
27.91 0.08395
27.92 0.10941
27.93 0.13488
27.94 0.16034
27.95 0.18581
27.96 0.21127
27.97 0.23674
27.98 0.2622
27.99 0.28767
28 0.31313
28.01 0.3386
28.02 0.36406
28.03 0.38953
28.04 0.41499
28.05 0.44046
28.06 0.46592
28.07 0.49139
28.08 0.51685
28.09 0.54232
28.1 0.56778
28.11 0.59325
28.12 0.61871
28.13 0.64418
28.14 0.66964
28.15 0.6951
28.16 0.72057
28.17 0.74603
28.18 0.7715
28.19 0.79696
28.2 0.82243
28.21 0.84789
28.22 0.87336
28.23 0.89882
28.24 0.92429
28.25 0.94975
28.26 0.97522
28.27 0.99932
28.28 0.97385
28.29 0.94839
28.3 0.92292
28.31 0.89746
28.32 0.87199
28.33 0.84653
28.34 0.82106
28.35 0.7956
28.36 0.77013
28.37 0.74467
28.38 0.7192
28.39 0.69374
28.4 0.66828
28.41 0.64281
28.42 0.61735
28.43 0.59188
28.44 0.56642
28.45 0.54095
28.46 0.51549
28.47 0.49002
28.48 0.46456
28.49 0.43909
28.5 0.41363
28.51 0.38816
28.52 0.3627
28.53 0.33723
28.54 0.31177
28.55 0.2863
28.56 0.26084
28.57 0.23537
28.58 0.20991
28.59 0.18444
28.6 0.15898
28.61 0.13351
28.62 0.10805
28.63 0.082585
28.64 0.05712
28.65 0.031656
28.66 0.0061908
28.67 -0.019274
28.68 -0.044739
28.69 -0.070204
28.7 -0.095668
28.71 -0.12113
28.72 -0.1466
28.73 -0.17206
28.74 -0.19753
28.75 -0.22299
28.76 -0.24846
28.77 -0.27392
28.78 -0.29939
28.79 -0.32485
28.8 -0.35032
28.81 -0.37578
28.82 -0.40125
28.83 -0.42671
28.84 -0.45218
28.85 -0.47764
28.86 -0.50311
28.87 -0.52857
28.88 -0.55403
28.89 -0.5795
28.9 -0.60496
28.91 -0.63043
28.92 -0.65589
28.93 -0.68136
28.94 -0.70682
28.95 -0.73229
28.96 -0.75775
28.97 -0.78322
28.98 -0.80868
28.99 -0.83415
29 -0.85961
29.01 -0.88508
29.02 -0.91054
29.03 -0.93601
29.04 -0.96147
29.05 -0.98694
29.06 -0.9876
29.07 -0.96213
29.08 -0.93667
29.09 -0.9112
29.1 -0.88574
29.11 -0.86028
29.12 -0.83481
29.13 -0.80935
29.14 -0.78388
29.15 -0.75842
29.16 -0.73295
29.17 -0.70749
29.18 -0.68202
29.19 -0.65656
29.2 -0.63109
29.21 -0.60563
