0 -1
0.01 -0.97454
0.02 -0.94907
0.03 -0.92361
0.04 -0.89814
0.05 -0.87268
0.06 -0.84721
0.07 -0.82175
0.08 -0.79628
0.09 -0.77082
0.1 -0.74535
0.11 -0.71989
0.12 -0.69442
0.13 -0.66896
0.14 -0.64349
0.15 -0.61803
0.16 -0.59256
0.17 -0.5671
0.18 -0.54163
0.19 -0.51617
0.2 -0.4907
0.21 -0.46524
0.22 -0.43977
0.23 -0.41431
0.24 -0.38885
0.25 -0.36338
0.26 -0.33792
0.27 -0.31245
0.28 -0.28699
0.29 -0.26152
0.3 -0.23606
0.31 -0.21059
0.32 -0.18513
0.33 -0.15966
0.34 -0.1342
0.35 -0.10873
0.36 -0.083268
0.37 -0.057803
0.38 -0.032338
0.39 -0.0068732
0.4 0.018592
0.41 0.044056
0.42 0.069521
0.43 0.094986
0.44 0.12045
0.45 0.14592
0.46 0.17138
0.47 0.19685
0.48 0.22231
0.49 0.24777
0.5 0.27324
0.51 0.2987
0.52 0.32417
0.53 0.34963
0.54 0.3751
0.55 0.40056
0.56 0.42603
0.57 0.45149
0.58 0.47696
0.59 0.50242
0.6 0.52789
0.61 0.55335
0.62 0.57882
0.63 0.60428
0.64 0.62975
0.65 0.65521
0.66 0.68068
0.67 0.70614
0.68 0.73161
0.69 0.75707
0.7 0.78254
0.71 0.808
0.72 0.83346
0.73 0.85893
0.74 0.88439
0.75 0.90986
0.76 0.93532
0.77 0.96079
0.78 0.98625
0.79 0.98828
0.8 0.96282
0.81 0.93735
0.82 0.91189
0.83 0.88642
0.84 0.86096
0.85 0.83549
0.86 0.81003
0.87 0.78456
0.88 0.7591
0.89 0.73363
0.9 0.70817
0.91 0.6827
0.92 0.65724
0.93 0.63177
0.94 0.60631
0.95 0.58084
0.96 0.55538
0.97 0.52992
0.98 0.50445
0.99 0.47899
1 0.45352
1.01 0.42806
1.02 0.40259
1.03 0.37713
1.04 0.35166
1.05 0.3262
1.06 0.30073
1.07 0.27527
1.08 0.2498
1.09 0.22434
1.1 0.19887
1.11 0.17341
1.12 0.14794
1.13 0.12248
1.14 0.097014
1.15 0.071549
1.16 0.046084
1.17 0.020619
1.18 -0.0048453
1.19 -0.03031
1.2 -0.055775
1.21 -0.08124
1.22 -0.1067
1.23 -0.13217
1.24 -0.15763
1.25 -0.1831
1.26 -0.20856
1.27 -0.23403
1.28 -0.25949
1.29 -0.28496
1.3 -0.31042
1.31 -0.33589
1.32 -0.36135
1.33 -0.38682
1.34 -0.41228
1.35 -0.43775
1.36 -0.46321
1.37 -0.48868
1.38 -0.51414
1.39 -0.53961
1.4 -0.56507
1.41 -0.59054
1.42 -0.616
1.43 -0.64147
1.44 -0.66693
1.45 -0.69239
1.46 -0.71786
1.47 -0.74332
1.48 -0.76879
1.49 -0.79425
1.5 -0.81972
1.51 -0.84518
1.52 -0.87065
1.53 -0.89611
1.54 -0.92158
1.55 -0.94704
1.56 -0.97251
1.57 -0.99797
1.58 -0.97656
1.59 -0.9511
1.6 -0.92563
1.61 -0.90017
1.62 -0.8747
1.63 -0.84924
1.64 -0.82377
1.65 -0.79831
1.66 -0.77284
1.67 -0.74738
1.68 -0.72192
1.69 -0.69645
1.7 -0.67099
1.71 -0.64552
1.72 -0.62006
1.73 -0.59459
1.74 -0.56913
1.75 -0.54366
1.76 -0.5182
1.77 -0.49273
1.78 -0.46727
1.79 -0.4418
1.8 -0.41634
1.81 -0.39087
1.82 -0.36541
1.83 -0.33994
1.84 -0.31448
1.85 -0.28901
1.86 -0.26355
1.87 -0.23808
1.88 -0.21262
1.89 -0.18715
1.9 -0.16169
1.91 -0.13622
1.92 -0.11076
1.93 -0.085295
1.94 -0.059831
1.95 -0.034366
1.96 -0.008901
1.97 0.016564
1.98 0.042029
1.99 0.067493
2 0.092958
2.01 0.11842
2.02 0.14389
2.03 0.16935
2.04 0.19482
2.05 0.22028
2.06 0.24575
2.07 0.27121
2.08 0.29668
2.09 0.32214
2.1 0.34761
2.11 0.37307
2.12 0.39854
2.13 0.424
2.14 0.44947
2.15 0.47493
2.16 0.50039
2.17 0.52586
2.18 0.55132
2.19 0.57679
2.2 0.60225
2.21 0.62772
2.22 0.65318
2.23 0.67865
2.24 0.70411
2.25 0.72958
2.26 0.75504
2.27 0.78051
2.28 0.80597
2.29 0.83144
2.3 0.8569
2.31 0.88237
2.32 0.90783
2.33 0.9333
2.34 0.95876
2.35 0.98423
2.36 0.99031
2.37 0.96484
2.38 0.93938
2.39 0.91391
2.4 0.88845
2.41 0.86299
2.42 0.83752
2.43 0.81206
2.44 0.78659
2.45 0.76113
2.46 0.73566
2.47 0.7102
2.48 0.68473
2.49 0.65927
2.5 0.6338
2.51 0.60834
2.52 0.58287
2.53 0.55741
2.54 0.53194
2.55 0.50648
2.56 0.48101
2.57 0.45555
2.58 0.43008
2.59 0.40462
2.6 0.37915
2.61 0.35369
2.62 0.32822
2.63 0.30276
2.64 0.2773
2.65 0.25183
2.66 0.22637
2.67 0.2009
2.68 0.17544
2.69 0.14997
2.7 0.12451
2.71 0.099042
2.72 0.073577
2.73 0.048112
2.74 0.022647
2.75 -0.0028175
2.76 -0.028282
2.77 -0.053747
2.78 -0.079212
2.79 -0.10468
2.8 -0.13014
2.81 -0.15561
2.82 -0.18107
2.83 -0.20654
2.84 -0.232
2.85 -0.25747
2.86 -0.28293
2.87 -0.30839
2.88 -0.33386
2.89 -0.35932
2.9 -0.38479
2.91 -0.41025
2.92 -0.43572
2.93 -0.46118
2.94 -0.48665
2.95 -0.51211
2.96 -0.53758
2.97 -0.56304
2.98 -0.58851
2.99 -0.61397
3 -0.63944
3.01 -0.6649
3.02 -0.69037
3.03 -0.71583
3.04 -0.7413
3.05 -0.76676
3.06 -0.79223
3.07 -0.81769
3.08 -0.84316
3.09 -0.86862
3.1 -0.89409
3.11 -0.91955
3.12 -0.94501
3.13 -0.97048
3.14 -0.99594
3.15 -0.97859
3.16 -0.95313
3.17 -0.92766
3.18 -0.9022
3.19 -0.87673
3.2 -0.85127
3.21 -0.8258
3.22 -0.80034
3.23 -0.77487
3.24 -0.74941
3.25 -0.72394
3.26 -0.69848
3.27 -0.67301
3.28 -0.64755
3.29 -0.62208
3.3 -0.59662
3.31 -0.57115
3.32 -0.54569
3.33 -0.52022
3.34 -0.49476
3.35 -0.4693
3.36 -0.44383
3.37 -0.41837
3.38 -0.3929
3.39 -0.36744
3.4 -0.34197
3.41 -0.31651
3.42 -0.29104
3.43 -0.26558
3.44 -0.24011
3.45 -0.21465
3.46 -0.18918
3.47 -0.16372
3.48 -0.13825
3.49 -0.11279
3.5 -0.087323
3.51 -0.061858
3.52 -0.036394
3.53 -0.010929
3.54 0.014536
3.55 0.040001
3.56 0.065466
3.57 0.09093
3.58 0.1164
3.59 0.14186
3.6 0.16732
3.61 0.19279
3.62 0.21825
3.63 0.24372
3.64 0.26918
3.65 0.29465
3.66 0.32011
3.67 0.34558
3.68 0.37104
3.69 0.39651
3.7 0.42197
3.71 0.44744
3.72 0.4729
3.73 0.49837
3.74 0.52383
3.75 0.5493
3.76 0.57476
3.77 0.60023
3.78 0.62569
3.79 0.65116
3.8 0.67662
3.81 0.70209
3.82 0.72755
3.83 0.75301
3.84 0.77848
3.85 0.80394
3.86 0.82941
3.87 0.85487
3.88 0.88034
3.89 0.9058
3.9 0.93127
3.91 0.95673
3.92 0.9822
3.93 0.99234
3.94 0.96687
3.95 0.94141
3.96 0.91594
3.97 0.89048
3.98 0.86501
3.99 0.83955
4 0.81408
4.01 0.78862
4.02 0.76315
4.03 0.73769
4.04 0.71222
4.05 0.68676
4.06 0.66129
4.07 0.63583
4.08 0.61037
4.09 0.5849
4.1 0.55944
4.11 0.53397
4.12 0.50851
4.13 0.48304
4.14 0.45758
4.15 0.43211
4.16 0.40665
4.17 0.38118
4.18 0.35572
4.19 0.33025
4.2 0.30479
4.21 0.27932
4.22 0.25386
4.23 0.22839
4.24 0.20293
4.25 0.17746
4.26 0.152
4.27 0.12653
4.28 0.10107
4.29 0.075605
4.3 0.05014
4.31 0.024675
4.32 -0.00078967
4.33 -0.026254
4.34 -0.051719
4.35 -0.077184
4.36 -0.10265
4.37 -0.12811
4.38 -0.15358
4.39 -0.17904
4.4 -0.20451
4.41 -0.22997
4.42 -0.25544
4.43 -0.2809
4.44 -0.30637
4.45 -0.33183
4.46 -0.3573
4.47 -0.38276
4.48 -0.40823
4.49 -0.43369
4.5 -0.45916
4.51 -0.48462
4.52 -0.51009
4.53 -0.53555
4.54 -0.56102
4.55 -0.58648
4.56 -0.61194
4.57 -0.63741
4.58 -0.66287
4.59 -0.68834
4.6 -0.7138
4.61 -0.73927
4.62 -0.76473
4.63 -0.7902
4.64 -0.81566
4.65 -0.84113
4.66 -0.86659
4.67 -0.89206
4.68 -0.91752
4.69 -0.94299
4.7 -0.96845
4.71 -0.99392
4.72 -0.98062
4.73 -0.95515
4.74 -0.92969
4.75 -0.90422
4.76 -0.87876
4.77 -0.85329
4.78 -0.82783
4.79 -0.80237
4.8 -0.7769
4.81 -0.75144
4.82 -0.72597
4.83 -0.70051
4.84 -0.67504
4.85 -0.64958
4.86 -0.62411
4.87 -0.59865
4.88 -0.57318
4.89 -0.54772
4.9 -0.52225
4.91 -0.49679
4.92 -0.47132
4.93 -0.44586
4.94 -0.42039
4.95 -0.39493
4.96 -0.36946
4.97 -0.344
4.98 -0.31853
4.99 -0.29307
5 -0.2676
5.01 -0.24214
5.02 -0.21667
5.03 -0.19121
5.04 -0.16575
5.05 -0.14028
5.06 -0.11482
5.07 -0.089351
5.08 -0.063886
5.09 -0.038421
5.1 -0.012957
5.11 0.012508
5.12 0.037973
5.13 0.063438
5.14 0.088903
5.15 0.11437
5.16 0.13983
5.17 0.1653
5.18 0.19076
5.19 0.21623
5.2 0.24169
5.21 0.26716
5.22 0.29262
5.23 0.31809
5.24 0.34355
5.25 0.36902
5.26 0.39448
5.27 0.41994
5.28 0.44541
5.29 0.47087
5.3 0.49634
5.31 0.5218
5.32 0.54727
5.33 0.57273
5.34 0.5982
5.35 0.62366
5.36 0.64913
5.37 0.67459
5.38 0.70006
5.39 0.72552
5.4 0.75099
5.41 0.77645
5.42 0.80192
5.43 0.82738
5.44 0.85285
5.45 0.87831
5.46 0.90378
5.47 0.92924
5.48 0.95471
5.49 0.98017
5.5 0.99437
5.51 0.9689
5.52 0.94344
5.53 0.91797
5.54 0.89251
5.55 0.86704
5.56 0.84158
5.57 0.81611
5.58 0.79065
5.59 0.76518
5.6 0.73972
5.61 0.71425
5.62 0.68879
5.63 0.66332
5.64 0.63786
5.65 0.61239
5.66 0.58693
5.67 0.56146
5.68 0.536
5.69 0.51053
5.7 0.48507
5.71 0.4596
5.72 0.43414
5.73 0.40867
5.74 0.38321
5.75 0.35775
5.76 0.33228
5.77 0.30682
5.78 0.28135
5.79 0.25589
5.8 0.23042
5.81 0.20496
5.82 0.17949
5.83 0.15403
5.84 0.12856
5.85 0.1031
5.86 0.077633
5.87 0.052168
5.88 0.026703
5.89 0.0012382
5.9 -0.024227
5.91 -0.049691
5.92 -0.075156
5.93 -0.10062
5.94 -0.12609
5.95 -0.15155
5.96 -0.17702
5.97 -0.20248
5.98 -0.22794
5.99 -0.25341
6 -0.27887
6.01 -0.30434
6.02 -0.3298
6.03 -0.35527
6.04 -0.38073
6.05 -0.4062
6.06 -0.43166
6.07 -0.45713
6.08 -0.48259
6.09 -0.50806
6.1 -0.53352
6.11 -0.55899
6.12 -0.58445
6.13 -0.60992
6.14 -0.63538
6.15 -0.66085
6.16 -0.68631
6.17 -0.71178
6.18 -0.73724
6.19 -0.76271
6.2 -0.78817
6.21 -0.81364
6.22 -0.8391
6.23 -0.86456
6.24 -0.89003
6.25 -0.91549
6.26 -0.94096
6.27 -0.96642
6.28 -0.99189
6.29 -0.98265
6.3 -0.95718
6.31 -0.93172
6.32 -0.90625
6.33 -0.88079
6.34 -0.85532
6.35 -0.82986
6.36 -0.80439
6.37 -0.77893
6.38 -0.75346
6.39 -0.728
6.4 -0.70253
6.41 -0.67707
6.42 -0.6516
6.43 -0.62614
6.44 -0.60067
6.45 -0.57521
6.46 -0.54975
6.47 -0.52428
6.48 -0.49882
6.49 -0.47335
6.5 -0.44789
6.51 -0.42242
6.52 -0.39696
6.53 -0.37149
6.54 -0.34603
6.55 -0.32056
6.56 -0.2951
6.57 -0.26963
6.58 -0.24417
6.59 -0.2187
6.6 -0.19324
6.61 -0.16777
6.62 -0.14231
6.63 -0.11684
6.64 -0.091379
6.65 -0.065914
6.66 -0.040449
6.67 -0.014984
6.68 0.01048
6.69 0.035945
6.7 0.06141
6.71 0.086875
6.72 0.11234
6.73 0.1378
6.74 0.16327
6.75 0.18873
6.76 0.2142
6.77 0.23966
6.78 0.26513
6.79 0.29059
6.8 0.31606
6.81 0.34152
6.82 0.36699
6.83 0.39245
6.84 0.41792
6.85 0.44338
6.86 0.46885
6.87 0.49431
6.88 0.51978
6.89 0.54524
6.9 0.57071
6.91 0.59617
6.92 0.62164
6.93 0.6471
6.94 0.67256
6.95 0.69803
6.96 0.72349
6.97 0.74896
6.98 0.77442
6.99 0.79989
7 0.82535
7.01 0.85082
7.02 0.87628
7.03 0.90175
7.04 0.92721
7.05 0.95268
7.06 0.97814
7.07 0.99639
7.08 0.97093
7.09 0.94546
7.1 0.92
7.11 0.89453
7.12 0.86907
7.13 0.8436
7.14 0.81814
7.15 0.79267
7.16 0.76721
7.17 0.74174
7.18 0.71628
7.19 0.69082
7.2 0.66535
7.21 0.63989
7.22 0.61442
7.23 0.58896
7.24 0.56349
7.25 0.53803
7.26 0.51256
7.27 0.4871
7.28 0.46163
7.29 0.43617
7.3 0.4107
7.31 0.38524
7.32 0.35977
7.33 0.33431
7.34 0.30884
7.35 0.28338
7.36 0.25791
7.37 0.23245
7.38 0.20698
7.39 0.18152
7.4 0.15605
7.41 0.13059
7.42 0.10513
7.43 0.07966
7.44 0.054196
7.45 0.028731
7.46 0.003266
7.47 -0.022199
7.48 -0.047664
7.49 -0.073128
7.5 -0.098593
7.51 -0.12406
7.52 -0.14952
7.53 -0.17499
7.54 -0.20045
7.55 -0.22592
7.56 -0.25138
7.57 -0.27685
7.58 -0.30231
7.59 -0.32778
7.6 -0.35324
7.61 -0.37871
7.62 -0.40417
7.63 -0.42964
7.64 -0.4551
7.65 -0.48057
7.66 -0.50603
7.67 -0.53149
7.68 -0.55696
7.69 -0.58242
7.7 -0.60789
7.71 -0.63335
7.72 -0.65882
7.73 -0.68428
7.74 -0.70975
7.75 -0.73521
7.76 -0.76068
7.77 -0.78614
7.78 -0.81161
7.79 -0.83707
7.8 -0.86254
7.81 -0.888
7.82 -0.91347
7.83 -0.93893
7.84 -0.9644
7.85 -0.98986
7.86 -0.98467
7.87 -0.95921
7.88 -0.93374
7.89 -0.90828
7.9 -0.88282
7.91 -0.85735
7.92 -0.83189
7.93 -0.80642
7.94 -0.78096
7.95 -0.75549
7.96 -0.73003
7.97 -0.70456
7.98 -0.6791
7.99 -0.65363
8 -0.62817
8.01 -0.6027
8.02 -0.57724
8.03 -0.55177
8.04 -0.52631
8.05 -0.50084
8.06 -0.47538
8.07 -0.44991
8.08 -0.42445
8.09 -0.39898
8.1 -0.37352
8.11 -0.34805
8.12 -0.32259
8.13 -0.29713
8.14 -0.27166
8.15 -0.2462
8.16 -0.22073
8.17 -0.19527
8.18 -0.1698
8.19 -0.14434
8.2 -0.11887
8.21 -0.093407
8.22 -0.067942
8.23 -0.042477
8.24 -0.017012
8.25 0.0084525
8.26 0.033917
8.27 0.059382
8.28 0.084847
8.29 0.11031
8.3 0.13578
8.31 0.16124
8.32 0.18671
8.33 0.21217
8.34 0.23764
8.35 0.2631
8.36 0.28857
8.37 0.31403
8.38 0.33949
8.39 0.36496
8.4 0.39042
8.41 0.41589
8.42 0.44135
8.43 0.46682
8.44 0.49228
8.45 0.51775
8.46 0.54321
8.47 0.56868
8.48 0.59414
8.49 0.61961
8.5 0.64507
8.51 0.67054
8.52 0.696
8.53 0.72147
8.54 0.74693
8.55 0.7724
8.56 0.79786
8.57 0.82333
8.58 0.84879
8.59 0.87426
8.6 0.89972
8.61 0.92518
8.62 0.95065
8.63 0.97611
8.64 0.99842
8.65 0.97296
8.66 0.94749
8.67 0.92203
8.68 0.89656
8.69 0.8711
8.7 0.84563
8.71 0.82017
8.72 0.7947
8.73 0.76924
8.74 0.74377
8.75 0.71831
8.76 0.69284
8.77 0.66738
8.78 0.64191
8.79 0.61645
8.8 0.59098
8.81 0.56552
8.82 0.54005
8.83 0.51459
8.84 0.48912
8.85 0.46366
8.86 0.4382
8.87 0.41273
8.88 0.38727
8.89 0.3618
8.9 0.33634
8.91 0.31087
8.92 0.28541
8.93 0.25994
8.94 0.23448
8.95 0.20901
8.96 0.18355
8.97 0.15808
8.98 0.13262
8.99 0.10715
9 0.081688
9.01 0.056223
9.02 0.030759
9.03 0.0052938
9.04 -0.020171
9.05 -0.045636
9.06 -0.071101
9.07 -0.096565
9.08 -0.12203
9.09 -0.14749
9.1 -0.17296
9.11 -0.19842
9.12 -0.22389
9.13 -0.24935
9.14 -0.27482
9.15 -0.30028
9.16 -0.32575
9.17 -0.35121
9.18 -0.37668
9.19 -0.40214
9.2 -0.42761
9.21 -0.45307
9.22 -0.47854
9.23 -0.504
9.24 -0.52947
9.25 -0.55493
9.26 -0.5804
9.27 -0.60586
9.28 -0.63133
9.29 -0.65679
9.3 -0.68226
9.31 -0.70772
9.32 -0.73319
9.33 -0.75865
9.34 -0.78411
9.35 -0.80958
9.36 -0.83504
9.37 -0.86051
9.38 -0.88597
9.39 -0.91144
9.4 -0.9369
9.41 -0.96237
9.42 -0.98783
9.43 -0.9867
9.44 -0.96124
9.45 -0.93577
9.46 -0.91031
9.47 -0.88484
9.48 -0.85938
9.49 -0.83391
9.5 -0.80845
9.51 -0.78298
9.52 -0.75752
9.53 -0.73205
9.54 -0.70659
9.55 -0.68112
9.56 -0.65566
9.57 -0.6302
9.58 -0.60473
9.59 -0.57927
9.6 -0.5538
9.61 -0.52834
9.62 -0.50287
9.63 -0.47741
9.64 -0.45194
9.65 -0.42648
9.66 -0.40101
9.67 -0.37555
9.68 -0.35008
9.69 -0.32462
9.7 -0.29915
9.71 -0.27369
9.72 -0.24822
9.73 -0.22276
9.74 -0.19729
9.75 -0.17183
9.76 -0.14636
9.77 -0.1209
9.78 -0.095435
9.79 -0.06997
9.8 -0.044505
9.81 -0.01904
9.82 0.0064247
9.83 0.031889
9.84 0.057354
9.85 0.082819
9.86 0.10828
9.87 0.13375
9.88 0.15921
9.89 0.18468
9.9 0.21014
9.91 0.23561
9.92 0.26107
9.93 0.28654
9.94 0.312
9.95 0.33747
9.96 0.36293
9.97 0.3884
9.98 0.41386
9.99 0.43933
10 0.46479
10.01 0.49026
10.02 0.51572
10.03 0.54119
10.04 0.56665
10.05 0.59211
10.06 0.61758
10.07 0.64304
10.08 0.66851
10.09 0.69397
10.1 0.71944
10.11 0.7449
10.12 0.77037
10.13 0.79583
10.14 0.8213
10.15 0.84676
10.16 0.87223
10.17 0.89769
10.18 0.92316
10.19 0.94862
10.2 0.97409
10.21 0.99955
10.22 0.97498
10.23 0.94952
10.24 0.92405
10.25 0.89859
10.26 0.87312
10.27 0.84766
10.28 0.82219
10.29 0.79673
10.3 0.77127
10.31 0.7458
10.32 0.72034
10.33 0.69487
10.34 0.66941
10.35 0.64394
10.36 0.61848
10.37 0.59301
10.38 0.56755
10.39 0.54208
10.4 0.51662
10.41 0.49115
10.42 0.46569
10.43 0.44022
10.44 0.41476
10.45 0.38929
10.46 0.36383
10.47 0.33836
10.48 0.3129
10.49 0.28743
10.5 0.26197
10.51 0.2365
10.52 0.21104
10.53 0.18558
10.54 0.16011
10.55 0.13465
10.56 0.10918
10.57 0.083716
10.58 0.058251
10.59 0.032786
10.6 0.0073217
10.61 -0.018143
10.62 -0.043608
10.63 -0.069073
10.64 -0.094538
10.65 -0.12
10.66 -0.14547
10.67 -0.17093
10.68 -0.1964
10.69 -0.22186
10.7 -0.24733
10.71 -0.27279
10.72 -0.29826
10.73 -0.32372
10.74 -0.34919
10.75 -0.37465
10.76 -0.40012
10.77 -0.42558
10.78 -0.45104
10.79 -0.47651
10.8 -0.50197
10.81 -0.52744
10.82 -0.5529
10.83 -0.57837
10.84 -0.60383
10.85 -0.6293
10.86 -0.65476
10.87 -0.68023
10.88 -0.70569
10.89 -0.73116
10.9 -0.75662
10.91 -0.78209
10.92 -0.80755
10.93 -0.83302
10.94 -0.85848
10.95 -0.88395
10.96 -0.90941
10.97 -0.93488
10.98 -0.96034
10.99 -0.98581
11 -0.98873
11.01 -0.96327
11.02 -0.9378
11.03 -0.91234
11.04 -0.88687
11.05 -0.86141
11.06 -0.83594
11.07 -0.81048
11.08 -0.78501
11.09 -0.75955
11.1 -0.73408
11.11 -0.70862
11.12 -0.68315
11.13 -0.65769
11.14 -0.63222
11.15 -0.60676
11.16 -0.58129
11.17 -0.55583
11.18 -0.53036
11.19 -0.5049
11.2 -0.47943
11.21 -0.45397
11.22 -0.4285
11.23 -0.40304
11.24 -0.37758
11.25 -0.35211
11.26 -0.32665
11.27 -0.30118
11.28 -0.27572
11.29 -0.25025
11.3 -0.22479
11.31 -0.19932
11.32 -0.17386
11.33 -0.14839
11.34 -0.12293
11.35 -0.097462
11.36 -0.071998
11.37 -0.046533
11.38 -0.021068
11.39 0.0043968
11.4 0.029862
11.41 0.055326
11.42 0.080791
11.43 0.10626
11.44 0.13172
11.45 0.15719
11.46 0.18265
11.47 0.20812
11.48 0.23358
11.49 0.25904
11.5 0.28451
11.51 0.30997
11.52 0.33544
11.53 0.3609
11.54 0.38637
11.55 0.41183
11.56 0.4373
11.57 0.46276
11.58 0.48823
11.59 0.51369
11.6 0.53916
11.61 0.56462
11.62 0.59009
11.63 0.61555
11.64 0.64102
11.65 0.66648
11.66 0.69195
11.67 0.71741
11.68 0.74288
11.69 0.76834
11.7 0.79381
11.71 0.81927
11.72 0.84473
11.73 0.8702
11.74 0.89566
11.75 0.92113
11.76 0.94659
11.77 0.97206
11.78 0.99752
11.79 0.97701
11.8 0.95155
11.81 0.92608
11.82 0.90062
11.83 0.87515
11.84 0.84969
11.85 0.82422
11.86 0.79876
11.87 0.77329
11.88 0.74783
11.89 0.72236
11.9 0.6969
11.91 0.67143
11.92 0.64597
11.93 0.6205
11.94 0.59504
11.95 0.56957
11.96 0.54411
11.97 0.51865
11.98 0.49318
11.99 0.46772
12 0.44225
12.01 0.41679
12.02 0.39132
12.03 0.36586
12.04 0.34039
12.05 0.31493
12.06 0.28946
12.07 0.264
12.08 0.23853
12.09 0.21307
12.1 0.1876
12.11 0.16214
12.12 0.13667
12.13 0.11121
12.14 0.085744
12.15 0.060279
12.16 0.034814
12.17 0.0093495
12.18 -0.016115
12.19 -0.04158
12.2 -0.067045
12.21 -0.09251
12.22 -0.11797
12.23 -0.14344
12.24 -0.1689
12.25 -0.19437
12.26 -0.21983
12.27 -0.2453
12.28 -0.27076
12.29 -0.29623
12.3 -0.32169
12.31 -0.34716
12.32 -0.37262
12.33 -0.39809
12.34 -0.42355
12.35 -0.44902
12.36 -0.47448
12.37 -0.49995
12.38 -0.52541
12.39 -0.55088
12.4 -0.57634
12.41 -0.60181
12.42 -0.62727
12.43 -0.65274
12.44 -0.6782
12.45 -0.70366
12.46 -0.72913
12.47 -0.75459
12.48 -0.78006
12.49 -0.80552
12.5 -0.83099
12.51 -0.85645
12.52 -0.88192
12.53 -0.90738
12.54 -0.93285
12.55 -0.95831
12.56 -0.98378
12.57 -0.99076
12.58 -0.96529
12.59 -0.93983
12.6 -0.91436
12.61 -0.8889
12.62 -0.86343
12.63 -0.83797
12.64 -0.8125
12.65 -0.78704
12.66 -0.76157
12.67 -0.73611
12.68 -0.71065
12.69 -0.68518
12.7 -0.65972
12.71 -0.63425
12.72 -0.60879
12.73 -0.58332
12.74 -0.55786
12.75 -0.53239
12.76 -0.50693
12.77 -0.48146
12.78 -0.456
12.79 -0.43053
12.8 -0.40507
12.81 -0.3796
12.82 -0.35414
12.83 -0.32867
12.84 -0.30321
12.85 -0.27774
12.86 -0.25228
12.87 -0.22681
12.88 -0.20135
12.89 -0.17588
12.9 -0.15042
12.91 -0.12495
12.92 -0.09949
12.93 -0.074025
12.94 -0.048561
12.95 -0.023096
12.96 0.002369
12.97 0.027834
12.98 0.053299
12.99 0.078763
13 0.10423
13.01 0.12969
13.02 0.15516
13.03 0.18062
13.04 0.20609
13.05 0.23155
13.06 0.25702
13.07 0.28248
13.08 0.30795
13.09 0.33341
13.1 0.35888
13.11 0.38434
13.12 0.40981
13.13 0.43527
13.14 0.46074
13.15 0.4862
13.16 0.51166
13.17 0.53713
13.18 0.56259
13.19 0.58806
13.2 0.61352
13.21 0.63899
13.22 0.66445
13.23 0.68992
13.24 0.71538
13.25 0.74085
13.26 0.76631
13.27 0.79178
13.28 0.81724
13.29 0.84271
13.3 0.86817
13.31 0.89364
13.32 0.9191
13.33 0.94457
13.34 0.97003
13.35 0.9955
13.36 0.97904
13.37 0.95357
13.38 0.92811
13.39 0.90264
13.4 0.87718
13.41 0.85172
13.42 0.82625
13.43 0.80079
13.44 0.77532
13.45 0.74986
13.46 0.72439
13.47 0.69893
13.48 0.67346
13.49 0.648
13.5 0.62253
13.51 0.59707
13.52 0.5716
13.53 0.54614
13.54 0.52067
13.55 0.49521
13.56 0.46974
13.57 0.44428
13.58 0.41881
13.59 0.39335
13.6 0.36788
13.61 0.34242
13.62 0.31695
13.63 0.29149
13.64 0.26603
13.65 0.24056
13.66 0.2151
13.67 0.18963
13.68 0.16417
13.69 0.1387
13.7 0.11324
13.71 0.087772
13.72 0.062307
13.73 0.036842
13.74 0.011377
13.75 -0.014087
13.76 -0.039552
13.77 -0.065017
13.78 -0.090482
13.79 -0.11595
13.8 -0.14141
13.81 -0.16688
13.82 -0.19234
13.83 -0.21781
13.84 -0.24327
13.85 -0.26874
13.86 -0.2942
13.87 -0.31966
13.88 -0.34513
13.89 -0.37059
13.9 -0.39606
13.91 -0.42152
13.92 -0.44699
13.93 -0.47245
13.94 -0.49792
13.95 -0.52338
13.96 -0.54885
13.97 -0.57431
13.98 -0.59978
13.99 -0.62524
14 -0.65071
14.01 -0.67617
14.02 -0.70164
14.03 -0.7271
14.04 -0.75257
14.05 -0.77803
14.06 -0.8035
14.07 -0.82896
14.08 -0.85443
14.09 -0.87989
14.1 -0.90536
14.11 -0.93082
14.12 -0.95628
14.13 -0.98175
14.14 -0.99279
14.15 -0.96732
14.16 -0.94186
14.17 -0.91639
14.18 -0.89093
14.19 -0.86546
14.2 -0.84
14.21 -0.81453
14.22 -0.78907
14.23 -0.7636
14.24 -0.73814
14.25 -0.71267
14.26 -0.68721
14.27 -0.66174
14.28 -0.63628
14.29 -0.61081
14.3 -0.58535
14.31 -0.55988
14.32 -0.53442
14.33 -0.50895
14.34 -0.48349
14.35 -0.45803
14.36 -0.43256
14.37 -0.4071
14.38 -0.38163
14.39 -0.35617
14.4 -0.3307
14.41 -0.30524
14.42 -0.27977
14.43 -0.25431
14.44 -0.22884
14.45 -0.20338
14.46 -0.17791
14.47 -0.15245
14.48 -0.12698
14.49 -0.10152
14.5 -0.076053
14.51 -0.050588
14.52 -0.025124
14.53 0.00034117
14.54 0.025806
14.55 0.051271
14.56 0.076736
14.57 0.1022
14.58 0.12767
14.59 0.15313
14.6 0.17859
14.61 0.20406
14.62 0.22952
14.63 0.25499
14.64 0.28045
14.65 0.30592
14.66 0.33138
14.67 0.35685
14.68 0.38231
14.69 0.40778
14.7 0.43324
14.71 0.45871
14.72 0.48417
14.73 0.50964
14.74 0.5351
14.75 0.56057
14.76 0.58603
14.77 0.6115
14.78 0.63696
14.79 0.66243
14.8 0.68789
14.81 0.71336
14.82 0.73882
14.83 0.76428
14.84 0.78975
14.85 0.81521
14.86 0.84068
14.87 0.86614
14.88 0.89161
14.89 0.91707
14.9 0.94254
14.91 0.968
14.92 0.99347
14.93 0.98107
14.94 0.9556
14.95 0.93014
14.96 0.90467
14.97 0.87921
14.98 0.85374
14.99 0.82828
15 0.80281
15.01 0.77735
15.02 0.75188
15.03 0.72642
15.04 0.70095
15.05 0.67549
15.06 0.65002
15.07 0.62456
15.08 0.5991
15.09 0.57363
15.1 0.54817
15.11 0.5227
15.12 0.49724
15.13 0.47177
15.14 0.44631
15.15 0.42084
15.16 0.39538
15.17 0.36991
15.18 0.34445
15.19 0.31898
15.2 0.29352
15.21 0.26805
15.22 0.24259
15.23 0.21712
15.24 0.19166
15.25 0.16619
15.26 0.14073
15.27 0.11526
15.28 0.0898
15.29 0.064335
15.3 0.03887
15.31 0.013405
15.32 -0.01206
15.33 -0.037524
15.34 -0.062989
15.35 -0.088454
15.36 -0.11392
15.37 -0.13938
15.38 -0.16485
15.39 -0.19031
15.4 -0.21578
15.41 -0.24124
15.42 -0.26671
15.43 -0.29217
15.44 -0.31764
15.45 -0.3431
15.46 -0.36857
15.47 -0.39403
15.48 -0.4195
15.49 -0.44496
15.5 -0.47043
15.51 -0.49589
15.52 -0.52136
15.53 -0.54682
15.54 -0.57229
15.55 -0.59775
15.56 -0.62321
15.57 -0.64868
15.58 -0.67414
15.59 -0.69961
15.6 -0.72507
15.61 -0.75054
15.62 -0.776
15.63 -0.80147
15.64 -0.82693
15.65 -0.8524
15.66 -0.87786
15.67 -0.90333
15.68 -0.92879
15.69 -0.95426
15.7 -0.97972
15.71 -0.99481
15.72 -0.96935
15.73 -0.94388
15.74 -0.91842
15.75 -0.89295
15.76 -0.86749
15.77 -0.84202
15.78 -0.81656
15.79 -0.7911
15.8 -0.76563
15.81 -0.74017
15.82 -0.7147
15.83 -0.68924
15.84 -0.66377
15.85 -0.63831
15.86 -0.61284
15.87 -0.58738
15.88 -0.56191
15.89 -0.53645
15.9 -0.51098
15.91 -0.48552
15.92 -0.46005
15.93 -0.43459
15.94 -0.40912
15.95 -0.38366
15.96 -0.35819
15.97 -0.33273
15.98 -0.30726
15.99 -0.2818
16 -0.25633
16.01 -0.23087
16.02 -0.2054
16.03 -0.17994
16.04 -0.15448
16.05 -0.12901
16.06 -0.10355
16.07 -0.078081
16.08 -0.052616
16.09 -0.027151
16.1 -0.0016867
16.11 0.023778
16.12 0.049243
16.13 0.074708
16.14 0.10017
16.15 0.12564
16.16 0.1511
16.17 0.17657
16.18 0.20203
16.19 0.2275
16.2 0.25296
16.21 0.27843
16.22 0.30389
16.23 0.32936
16.24 0.35482
16.25 0.38029
16.26 0.40575
16.27 0.43121
16.28 0.45668
16.29 0.48214
16.3 0.50761
16.31 0.53307
16.32 0.55854
16.33 0.584
16.34 0.60947
16.35 0.63493
16.36 0.6604
16.37 0.68586
16.38 0.71133
16.39 0.73679
16.4 0.76226
16.41 0.78772
16.42 0.81319
16.43 0.83865
16.44 0.86412
16.45 0.88958
16.46 0.91505
16.47 0.94051
16.48 0.96598
16.49 0.99144
16.5 0.9831
16.51 0.95763
16.52 0.93217
16.53 0.9067
16.54 0.88124
16.55 0.85577
16.56 0.83031
16.57 0.80484
16.58 0.77938
16.59 0.75391
16.6 0.72845
16.61 0.70298
16.62 0.67752
16.63 0.65205
16.64 0.62659
16.65 0.60112
16.66 0.57566
16.67 0.55019
16.68 0.52473
16.69 0.49926
16.7 0.4738
16.71 0.44833
16.72 0.42287
16.73 0.3974
16.74 0.37194
16.75 0.34648
16.76 0.32101
16.77 0.29555
16.78 0.27008
16.79 0.24462
16.8 0.21915
16.81 0.19369
16.82 0.16822
16.83 0.14276
16.84 0.11729
16.85 0.091827
16.86 0.066363
16.87 0.040898
16.88 0.015433
16.89 -0.010032
16.9 -0.035497
16.91 -0.060961
16.92 -0.086426
16.93 -0.11189
16.94 -0.13736
16.95 -0.16282
16.96 -0.18829
16.97 -0.21375
16.98 -0.23921
16.99 -0.26468
17 -0.29014
17.01 -0.31561
17.02 -0.34107
17.03 -0.36654
17.04 -0.392
17.05 -0.41747
17.06 -0.44293
17.07 -0.4684
17.08 -0.49386
17.09 -0.51933
17.1 -0.54479
17.11 -0.57026
17.12 -0.59572
17.13 -0.62119
17.14 -0.64665
17.15 -0.67212
17.16 -0.69758
17.17 -0.72305
17.18 -0.74851
17.19 -0.77398
17.2 -0.79944
17.21 -0.82491
17.22 -0.85037
17.23 -0.87583
17.24 -0.9013
17.25 -0.92676
17.26 -0.95223
17.27 -0.97769
17.28 -0.99684
17.29 -0.97138
17.3 -0.94591
17.31 -0.92045
17.32 -0.89498
17.33 -0.86952
17.34 -0.84405
17.35 -0.81859
17.36 -0.79312
17.37 -0.76766
17.38 -0.74219
17.39 -0.71673
17.4 -0.69126
17.41 -0.6658
17.42 -0.64033
17.43 -0.61487
17.44 -0.5894
17.45 -0.56394
17.46 -0.53848
17.47 -0.51301
17.48 -0.48755
17.49 -0.46208
17.5 -0.43662
17.51 -0.41115
17.52 -0.38569
17.53 -0.36022
17.54 -0.33476
17.55 -0.30929
17.56 -0.28383
17.57 -0.25836
17.58 -0.2329
17.59 -0.20743
17.6 -0.18197
17.61 -0.1565
17.62 -0.13104
17.63 -0.10557
17.64 -0.080109
17.65 -0.054644
17.66 -0.029179
17.67 -0.0037145
17.68 0.02175
17.69 0.047215
17.7 0.07268
17.71 0.098145
17.72 0.12361
17.73 0.14907
17.74 0.17454
17.75 0.2
17.76 0.22547
17.77 0.25093
17.78 0.2764
17.79 0.30186
17.8 0.32733
17.81 0.35279
17.82 0.37826
17.83 0.40372
17.84 0.42919
17.85 0.45465
17.86 0.48012
17.87 0.50558
17.88 0.53105
17.89 0.55651
17.9 0.58198
17.91 0.60744
17.92 0.63291
17.93 0.65837
17.94 0.68383
17.95 0.7093
17.96 0.73476
17.97 0.76023
17.98 0.78569
17.99 0.81116
18 0.83662
18.01 0.86209
18.02 0.88755
18.03 0.91302
18.04 0.93848
18.05 0.96395
18.06 0.98941
18.07 0.98512
18.08 0.95966
18.09 0.93419
18.1 0.90873
18.11 0.88326
18.12 0.8578
18.13 0.83233
18.14 0.80687
18.15 0.7814
18.16 0.75594
18.17 0.73047
18.18 0.70501
18.19 0.67955
18.2 0.65408
18.21 0.62862
18.22 0.60315
18.23 0.57769
18.24 0.55222
18.25 0.52676
18.26 0.50129
18.27 0.47583
18.28 0.45036
18.29 0.4249
18.3 0.39943
18.31 0.37397
18.32 0.3485
18.33 0.32304
18.34 0.29757
18.35 0.27211
18.36 0.24664
18.37 0.22118
18.38 0.19571
18.39 0.17025
18.4 0.14478
18.41 0.11932
18.42 0.093855
18.43 0.06839
18.44 0.042926
18.45 0.017461
18.46 -0.008004
18.47 -0.033469
18.48 -0.058934
18.49 -0.084398
18.5 -0.10986
18.51 -0.13533
18.52 -0.16079
18.53 -0.18626
18.54 -0.21172
18.55 -0.23719
18.56 -0.26265
18.57 -0.28812
18.58 -0.31358
18.59 -0.33905
18.6 -0.36451
18.61 -0.38998
18.62 -0.41544
18.63 -0.44091
18.64 -0.46637
18.65 -0.49184
18.66 -0.5173
18.67 -0.54276
18.68 -0.56823
18.69 -0.59369
18.7 -0.61916
18.71 -0.64462
18.72 -0.67009
18.73 -0.69555
18.74 -0.72102
18.75 -0.74648
18.76 -0.77195
18.77 -0.79741
18.78 -0.82288
18.79 -0.84834
18.8 -0.87381
18.81 -0.89927
18.82 -0.92474
18.83 -0.9502
18.84 -0.97567
18.85 -0.99887
18.86 -0.9734
18.87 -0.94794
18.88 -0.92247
18.89 -0.89701
18.9 -0.87155
18.91 -0.84608
18.92 -0.82062
18.93 -0.79515
18.94 -0.76969
18.95 -0.74422
18.96 -0.71876
18.97 -0.69329
18.98 -0.66783
18.99 -0.64236
19 -0.6169
19.01 -0.59143
19.02 -0.56597
19.03 -0.5405
19.04 -0.51504
19.05 -0.48957
19.06 -0.46411
19.07 -0.43864
19.08 -0.41318
19.09 -0.38771
19.1 -0.36225
19.11 -0.33678
19.12 -0.31132
19.13 -0.28586
19.14 -0.26039
19.15 -0.23493
19.16 -0.20946
19.17 -0.184
19.18 -0.15853
19.19 -0.13307
19.2 -0.1076
19.21 -0.082137
19.22 -0.056672
19.23 -0.031207
19.24 -0.0057423
19.25 0.019722
19.26 0.045187
19.27 0.070652
19.28 0.096117
19.29 0.12158
19.3 0.14705
19.31 0.17251
19.32 0.19798
19.33 0.22344
19.34 0.24891
19.35 0.27437
19.36 0.29984
19.37 0.3253
19.38 0.35076
19.39 0.37623
19.4 0.40169
19.41 0.42716
19.42 0.45262
19.43 0.47809
19.44 0.50355
19.45 0.52902
19.46 0.55448
19.47 0.57995
19.48 0.60541
19.49 0.63088
19.5 0.65634
19.51 0.68181
19.52 0.70727
19.53 0.73274
19.54 0.7582
19.55 0.78367
19.56 0.80913
19.57 0.8346
19.58 0.86006
19.59 0.88553
19.6 0.91099
19.61 0.93645
19.62 0.96192
19.63 0.98738
19.64 0.98715
19.65 0.96169
19.66 0.93622
19.67 0.91076
19.68 0.88529
19.69 0.85983
19.7 0.83436
19.71 0.8089
19.72 0.78343
19.73 0.75797
19.74 0.7325
19.75 0.70704
19.76 0.68157
19.77 0.65611
19.78 0.63064
19.79 0.60518
19.8 0.57971
19.81 0.55425
19.82 0.52878
19.83 0.50332
19.84 0.47785
19.85 0.45239
19.86 0.42693
19.87 0.40146
19.88 0.376
19.89 0.35053
19.9 0.32507
19.91 0.2996
19.92 0.27414
19.93 0.24867
19.94 0.22321
19.95 0.19774
19.96 0.17228
19.97 0.14681
19.98 0.12135
19.99 0.095883
20 0.070418
