0 -2
0.01 -1.9745
0.02 -1.9491
0.03 -1.9236
0.04 -1.8981
0.05 -1.8727
0.06 -1.8472
0.07 -1.8217
0.08 -1.7963
0.09 -1.7708
0.1 -1.7454
0.11 -1.7199
0.12 -1.6944
0.13 -1.669
0.14 -1.6435
0.15 -1.618
0.16 -1.5926
0.17 -1.5671
0.18 -1.5416
0.19 -1.5162
0.2 -1.4907
0.21 -1.4652
0.22 -1.4398
0.23 -1.4143
0.24 -1.3888
0.25 -1.3634
0.26 -1.3379
0.27 -1.3125
0.28 -1.287
0.29 -1.2615
0.3 -1.2361
0.31 -1.2106
0.32 -1.1851
0.33 -1.1597
0.34 -1.1342
0.35 -1.1087
0.36 -1.0833
0.37 -1.0578
0.38 -1.0323
0.39 -1.0069
0.4 -0.98141
0.41 -0.95594
0.42 -0.93048
0.43 -0.90501
0.44 -0.87955
0.45 -0.85408
0.46 -0.82862
0.47 -0.80315
0.48 -0.77769
0.49 -0.75223
0.5 -0.72676
0.51 -0.7013
0.52 -0.67583
0.53 -0.65037
0.54 -0.6249
0.55 -0.59944
0.56 -0.57397
0.57 -0.54851
0.58 -0.52304
0.59 -0.49758
0.6 -0.47211
0.61 -0.44665
0.62 -0.42118
0.63 -0.39572
0.64 -0.37025
0.65 -0.34479
0.66 -0.31932
0.67 -0.29386
0.68 -0.26839
0.69 -0.24293
0.7 -0.21746
0.71 -0.192
0.72 -0.16654
0.73 -0.14107
0.74 -0.11561
0.75 -0.090141
0.76 -0.064676
0.77 -0.039211
0.78 -0.013746
0.79 0.011718
0.8 0.037183
0.81 0.062648
0.82 0.088113
0.83 0.11358
0.84 0.13904
0.85 0.16451
0.86 0.18997
0.87 0.21544
0.88 0.2409
0.89 0.26637
0.9 0.29183
0.91 0.3173
0.92 0.34276
0.93 0.36823
0.94 0.39369
0.95 0.41916
0.96 0.44462
0.97 0.47008
0.98 0.49555
0.99 0.52101
1 0.54648
1.01 0.57194
1.02 0.59741
1.03 0.62287
1.04 0.64834
1.05 0.6738
1.06 0.69927
1.07 0.72473
1.08 0.7502
1.09 0.77566
1.1 0.80113
1.11 0.82659
1.12 0.85206
1.13 0.87752
1.14 0.90299
1.15 0.92845
1.16 0.95392
1.17 0.97938
1.18 1.0048
1.19 1.0303
1.2 1.0558
1.21 1.0812
1.22 1.1067
1.23 1.1322
1.24 1.1576
1.25 1.1831
1.26 1.2086
1.27 1.234
1.28 1.2595
1.29 1.285
1.3 1.3104
1.31 1.3359
1.32 1.3614
1.33 1.3868
1.34 1.4123
1.35 1.4377
1.36 1.4632
1.37 1.4887
1.38 1.5141
1.39 1.5396
1.4 1.5651
1.41 1.5905
1.42 1.616
1.43 1.6415
1.44 1.6669
1.45 1.6924
1.46 1.7179
1.47 1.7433
1.48 1.7688
1.49 1.7943
1.5 1.8197
1.51 1.8452
1.52 1.8706
1.53 1.8961
1.54 1.9216
1.55 1.947
1.56 1.9725
1.57 1.998
1.58 1.9766
1.59 1.9511
1.6 1.9256
1.61 1.9002
1.62 1.8747
1.63 1.8492
1.64 1.8238
1.65 1.7983
1.66 1.7728
1.67 1.7474
1.68 1.7219
1.69 1.6965
1.7 1.671
1.71 1.6455
1.72 1.6201
1.73 1.5946
1.74 1.5691
1.75 1.5437
1.76 1.5182
1.77 1.4927
1.78 1.4673
1.79 1.4418
1.8 1.4163
1.81 1.3909
1.82 1.3654
1.83 1.3399
1.84 1.3145
1.85 1.289
1.86 1.2635
1.87 1.2381
1.88 1.2126
1.89 1.1872
1.9 1.1617
1.91 1.1362
1.92 1.1108
1.93 1.0853
1.94 1.0598
1.95 1.0344
1.96 1.0089
1.97 0.98344
1.98 0.95797
1.99 0.93251
2 0.90704
2.01 0.88158
2.02 0.85611
2.03 0.83065
2.04 0.80518
2.05 0.77972
2.06 0.75425
2.07 0.72879
2.08 0.70332
2.09 0.67786
2.1 0.65239
2.11 0.62693
2.12 0.60146
2.13 0.576
2.14 0.55053
2.15 0.52507
2.16 0.49961
2.17 0.47414
2.18 0.44868
2.19 0.42321
2.2 0.39775
2.21 0.37228
2.22 0.34682
2.23 0.32135
2.24 0.29589
2.25 0.27042
2.26 0.24496
2.27 0.21949
2.28 0.19403
2.29 0.16856
2.3 0.1431
2.31 0.11763
2.32 0.092169
2.33 0.066704
2.34 0.041239
2.35 0.015774
2.36 -0.0096907
2.37 -0.035155
2.38 -0.06062
2.39 -0.086085
2.4 -0.11155
2.41 -0.13701
2.42 -0.16248
2.43 -0.18794
2.44 -0.21341
2.45 -0.23887
2.46 -0.26434
2.47 -0.2898
2.48 -0.31527
2.49 -0.34073
2.5 -0.3662
2.51 -0.39166
2.52 -0.41713
2.53 -0.44259
2.54 -0.46806
2.55 -0.49352
2.56 -0.51899
2.57 -0.54445
2.58 -0.56992
2.59 -0.59538
2.6 -0.62085
2.61 -0.64631
2.62 -0.67178
2.63 -0.69724
2.64 -0.7227
2.65 -0.74817
2.66 -0.77363
2.67 -0.7991
2.68 -0.82456
2.69 -0.85003
2.7 -0.87549
2.71 -0.90096
2.72 -0.92642
2.73 -0.95189
2.74 -0.97735
2.75 -1.0028
2.76 -1.0283
2.77 -1.0537
2.78 -1.0792
2.79 -1.1047
2.8 -1.1301
2.81 -1.1556
2.82 -1.1811
2.83 -1.2065
2.84 -1.232
2.85 -1.2575
2.86 -1.2829
2.87 -1.3084
2.88 -1.3339
2.89 -1.3593
2.9 -1.3848
2.91 -1.4103
2.92 -1.4357
2.93 -1.4612
2.94 -1.4866
2.95 -1.5121
2.96 -1.5376
2.97 -1.563
2.98 -1.5885
2.99 -1.614
3 -1.6394
3.01 -1.6649
3.02 -1.6904
3.03 -1.7158
3.04 -1.7413
3.05 -1.7668
3.06 -1.7922
3.07 -1.8177
3.08 -1.8432
3.09 -1.8686
3.1 -1.8941
3.11 -1.9195
3.12 -1.945
3.13 -1.9705
3.14 -1.9959
3.15 -1.9786
3.16 -1.9531
3.17 -1.9277
3.18 -1.9022
3.19 -1.8767
3.2 -1.8513
3.21 -1.8258
3.22 -1.8003
3.23 -1.7749
3.24 -1.7494
3.25 -1.7239
3.26 -1.6985
3.27 -1.673
3.28 -1.6475
3.29 -1.6221
3.3 -1.5966
3.31 -1.5712
3.32 -1.5457
3.33 -1.5202
3.34 -1.4948
3.35 -1.4693
3.36 -1.4438
3.37 -1.4184
3.38 -1.3929
3.39 -1.3674
3.4 -1.342
3.41 -1.3165
3.42 -1.291
3.43 -1.2656
3.44 -1.2401
3.45 -1.2146
3.46 -1.1892
3.47 -1.1637
3.48 -1.1383
3.49 -1.1128
3.5 -1.0873
3.51 -1.0619
3.52 -1.0364
3.53 -1.0109
3.54 -0.98546
3.55 -0.96
3.56 -0.93453
3.57 -0.90907
3.58 -0.8836
3.59 -0.85814
3.6 -0.83268
3.61 -0.80721
3.62 -0.78175
3.63 -0.75628
3.64 -0.73082
3.65 -0.70535
3.66 -0.67989
3.67 -0.65442
3.68 -0.62896
3.69 -0.60349
3.7 -0.57803
3.71 -0.55256
3.72 -0.5271
3.73 -0.50163
3.74 -0.47617
3.75 -0.4507
3.76 -0.42524
3.77 -0.39977
3.78 -0.37431
3.79 -0.34884
3.8 -0.32338
3.81 -0.29791
3.82 -0.27245
3.83 -0.24699
3.84 -0.22152
3.85 -0.19606
3.86 -0.17059
3.87 -0.14513
3.88 -0.11966
3.89 -0.094196
3.9 -0.068732
3.91 -0.043267
3.92 -0.017802
3.93 0.0076628
3.94 0.033128
3.95 0.058592
3.96 0.084057
3.97 0.10952
3.98 0.13499
3.99 0.16045
4 0.18592
4.01 0.21138
4.02 0.23685
4.03 0.26231
4.04 0.28778
4.05 0.31324
4.06 0.33871
4.07 0.36417
4.08 0.38963
4.09 0.4151
4.1 0.44056
4.11 0.46603
4.12 0.49149
4.13 0.51696
4.14 0.54242
4.15 0.56789
4.16 0.59335
4.17 0.61882
4.18 0.64428
4.19 0.66975
4.2 0.69521
4.21 0.72068
4.22 0.74614
4.23 0.77161
4.24 0.79707
4.25 0.82254
4.26 0.848
4.27 0.87347
4.28 0.89893
4.29 0.9244
4.3 0.94986
4.31 0.97532
4.32 1.0008
4.33 1.0263
4.34 1.0517
4.35 1.0772
4.36 1.1026
4.37 1.1281
4.38 1.1536
4.39 1.179
4.4 1.2045
4.41 1.23
4.42 1.2554
4.43 1.2809
4.44 1.3064
4.45 1.3318
4.46 1.3573
4.47 1.3828
4.48 1.4082
4.49 1.4337
4.5 1.4592
4.51 1.4846
4.52 1.5101
4.53 1.5356
4.54 1.561
4.55 1.5865
4.56 1.6119
4.57 1.6374
4.58 1.6629
4.59 1.6883
4.6 1.7138
4.61 1.7393
4.62 1.7647
4.63 1.7902
4.64 1.8157
4.65 1.8411
4.66 1.8666
4.67 1.8921
4.68 1.9175
4.69 1.943
4.7 1.9685
4.71 1.9939
4.72 1.9806
4.73 1.9552
4.74 1.9297
4.75 1.9042
4.76 1.8788
4.77 1.8533
4.78 1.8278
4.79 1.8024
4.8 1.7769
4.81 1.7514
4.82 1.726
4.83 1.7005
4.84 1.675
4.85 1.6496
4.86 1.6241
4.87 1.5986
4.88 1.5732
4.89 1.5477
4.9 1.5223
4.91 1.4968
4.92 1.4713
4.93 1.4459
4.94 1.4204
4.95 1.3949
4.96 1.3695
4.97 1.344
4.98 1.3185
4.99 1.2931
5 1.2676
5.01 1.2421
5.02 1.2167
5.03 1.1912
5.04 1.1657
5.05 1.1403
5.06 1.1148
5.07 1.0894
5.08 1.0639
5.09 1.0384
5.1 1.013
5.11 0.98749
5.12 0.96203
5.13 0.93656
5.14 0.9111
5.15 0.88563
5.16 0.86017
5.17 0.8347
5.18 0.80924
5.19 0.78377
5.2 0.75831
5.21 0.73284
5.22 0.70738
5.23 0.68191
5.24 0.65645
5.25 0.63098
5.26 0.60552
5.27 0.58006
5.28 0.55459
5.29 0.52913
5.3 0.50366
5.31 0.4782
5.32 0.45273
5.33 0.42727
5.34 0.4018
5.35 0.37634
5.36 0.35087
5.37 0.32541
5.38 0.29994
5.39 0.27448
5.4 0.24901
5.41 0.22355
5.42 0.19808
5.43 0.17262
5.44 0.14715
5.45 0.12169
5.46 0.096224
5.47 0.070759
5.48 0.045295
5.49 0.01983
5.5 -0.005635
5.51 -0.0311
5.52 -0.056565
5.53 -0.082029
5.54 -0.10749
5.55 -0.13296
5.56 -0.15842
5.57 -0.18389
5.58 -0.20935
5.59 -0.23482
5.6 -0.26028
5.61 -0.28575
5.62 -0.31121
5.63 -0.33668
5.64 -0.36214
5.65 -0.38761
5.66 -0.41307
5.67 -0.43854
5.68 -0.464
5.69 -0.48947
5.7 -0.51493
5.71 -0.5404
5.72 -0.56586
5.73 -0.59133
5.74 -0.61679
5.75 -0.64225
5.76 -0.66772
5.77 -0.69318
5.78 -0.71865
5.79 -0.74411
5.8 -0.76958
5.81 -0.79504
5.82 -0.82051
5.83 -0.84597
5.84 -0.87144
5.85 -0.8969
5.86 -0.92237
5.87 -0.94783
5.88 -0.9733
5.89 -0.99876
5.9 -1.0242
5.91 -1.0497
5.92 -1.0752
5.93 -1.1006
5.94 -1.1261
5.95 -1.1516
5.96 -1.177
5.97 -1.2025
5.98 -1.2279
5.99 -1.2534
6 -1.2789
6.01 -1.3043
6.02 -1.3298
6.03 -1.3553
6.04 -1.3807
6.05 -1.4062
6.06 -1.4317
6.07 -1.4571
6.08 -1.4826
6.09 -1.5081
6.1 -1.5335
6.11 -1.559
6.12 -1.5845
6.13 -1.6099
6.14 -1.6354
6.15 -1.6608
6.16 -1.6863
6.17 -1.7118
6.18 -1.7372
6.19 -1.7627
6.2 -1.7882
6.21 -1.8136
6.22 -1.8391
6.23 -1.8646
6.24 -1.89
6.25 -1.9155
6.26 -1.941
6.27 -1.9664
6.28 -1.9919
6.29 -1.9826
6.3 -1.9572
6.31 -1.9317
6.32 -1.9063
6.33 -1.8808
6.34 -1.8553
6.35 -1.8299
6.36 -1.8044
6.37 -1.7789
6.38 -1.7535
6.39 -1.728
6.4 -1.7025
6.41 -1.6771
6.42 -1.6516
6.43 -1.6261
6.44 -1.6007
6.45 -1.5752
6.46 -1.5497
6.47 -1.5243
6.48 -1.4988
6.49 -1.4734
6.5 -1.4479
6.51 -1.4224
6.52 -1.397
6.53 -1.3715
6.54 -1.346
6.55 -1.3206
6.56 -1.2951
6.57 -1.2696
6.58 -1.2442
6.59 -1.2187
6.6 -1.1932
6.61 -1.1678
6.62 -1.1423
6.63 -1.1168
6.64 -1.0914
6.65 -1.0659
6.66 -1.0404
6.67 -1.015
6.68 -0.98952
6.69 -0.96405
6.7 -0.93859
6.71 -0.91313
6.72 -0.88766
6.73 -0.8622
6.74 -0.83673
6.75 -0.81127
6.76 -0.7858
6.77 -0.76034
6.78 -0.73487
6.79 -0.70941
6.8 -0.68394
6.81 -0.65848
6.82 -0.63301
6.83 -0.60755
6.84 -0.58208
6.85 -0.55662
6.86 -0.53115
6.87 -0.50569
6.88 -0.48022
6.89 -0.45476
6.9 -0.42929
6.91 -0.40383
6.92 -0.37836
6.93 -0.3529
6.94 -0.32744
6.95 -0.30197
6.96 -0.27651
6.97 -0.25104
6.98 -0.22558
6.99 -0.20011
7 -0.17465
7.01 -0.14918
7.02 -0.12372
7.03 -0.098252
7.04 -0.072787
7.05 -0.047322
7.06 -0.021858
7.07 0.0036072
7.08 0.029072
7.09 0.054537
7.1 0.080002
7.11 0.10547
7.12 0.13093
7.13 0.1564
7.14 0.18186
7.15 0.20733
7.16 0.23279
7.17 0.25826
7.18 0.28372
7.19 0.30918
7.2 0.33465
7.21 0.36011
7.22 0.38558
7.23 0.41104
7.24 0.43651
7.25 0.46197
7.26 0.48744
7.27 0.5129
7.28 0.53837
7.29 0.56383
7.3 0.5893
7.31 0.61476
7.32 0.64023
7.33 0.66569
7.34 0.69116
7.35 0.71662
7.36 0.74209
7.37 0.76755
7.38 0.79302
7.39 0.81848
7.4 0.84395
7.41 0.86941
7.42 0.89487
7.43 0.92034
7.44 0.9458
7.45 0.97127
7.46 0.99673
7.47 1.0222
7.48 1.0477
7.49 1.0731
7.5 1.0986
7.51 1.1241
7.52 1.1495
7.53 1.175
7.54 1.2005
7.55 1.2259
7.56 1.2514
7.57 1.2768
7.58 1.3023
7.59 1.3278
7.6 1.3532
7.61 1.3787
7.62 1.4042
7.63 1.4296
7.64 1.4551
7.65 1.4806
7.66 1.506
7.67 1.5315
7.68 1.557
7.69 1.5824
7.7 1.6079
7.71 1.6334
7.72 1.6588
7.73 1.6843
7.74 1.7097
7.75 1.7352
7.76 1.7607
7.77 1.7861
7.78 1.8116
7.79 1.8371
7.8 1.8625
7.81 1.888
7.82 1.9135
7.83 1.9389
7.84 1.9644
7.85 1.9899
7.86 1.9847
7.87 1.9592
7.88 1.9337
7.89 1.9083
7.9 1.8828
7.91 1.8574
7.92 1.8319
7.93 1.8064
7.94 1.781
7.95 1.7555
7.96 1.73
7.97 1.7046
7.98 1.6791
7.99 1.6536
8 1.6282
8.01 1.6027
8.02 1.5772
8.03 1.5518
8.04 1.5263
8.05 1.5008
8.06 1.4754
8.07 1.4499
8.08 1.4244
8.09 1.399
8.1 1.3735
8.11 1.3481
8.12 1.3226
8.13 1.2971
8.14 1.2717
8.15 1.2462
8.16 1.2207
8.17 1.1953
8.18 1.1698
8.19 1.1443
8.2 1.1189
8.21 1.0934
8.22 1.0679
8.23 1.0425
8.24 1.017
8.25 0.99155
8.26 0.96608
8.27 0.94062
8.28 0.91515
8.29 0.88969
8.3 0.86422
8.31 0.83876
8.32 0.81329
8.33 0.78783
8.34 0.76236
8.35 0.7369
8.36 0.71143
8.37 0.68597
8.38 0.66051
8.39 0.63504
8.4 0.60958
8.41 0.58411
8.42 0.55865
8.43 0.53318
8.44 0.50772
8.45 0.48225
8.46 0.45679
8.47 0.43132
8.48 0.40586
8.49 0.38039
8.5 0.35493
8.51 0.32946
8.52 0.304
8.53 0.27853
8.54 0.25307
8.55 0.2276
8.56 0.20214
8.57 0.17667
8.58 0.15121
8.59 0.12574
8.6 0.10028
8.61 0.074815
8.62 0.04935
8.63 0.023885
8.64 -0.0015793
8.65 -0.027044
8.66 -0.052509
8.67 -0.077974
8.68 -0.10344
8.69 -0.1289
8.7 -0.15437
8.71 -0.17983
8.72 -0.2053
8.73 -0.23076
8.74 -0.25623
8.75 -0.28169
8.76 -0.30716
8.77 -0.33262
8.78 -0.35809
8.79 -0.38355
8.8 -0.40902
8.81 -0.43448
8.82 -0.45995
8.83 -0.48541
8.84 -0.51088
8.85 -0.53634
8.86 -0.5618
8.87 -0.58727
8.88 -0.61273
8.89 -0.6382
8.9 -0.66366
8.91 -0.68913
8.92 -0.71459
8.93 -0.74006
8.94 -0.76552
8.95 -0.79099
8.96 -0.81645
8.97 -0.84192
8.98 -0.86738
8.99 -0.89285
9 -0.91831
9.01 -0.94378
9.02 -0.96924
9.03 -0.99471
9.04 -1.0202
9.05 -1.0456
9.06 -1.0711
9.07 -1.0966
9.08 -1.122
9.09 -1.1475
9.1 -1.173
9.11 -1.1984
9.12 -1.2239
9.13 -1.2494
9.14 -1.2748
9.15 -1.3003
9.16 -1.3257
9.17 -1.3512
9.18 -1.3767
9.19 -1.4021
9.2 -1.4276
9.21 -1.4531
9.22 -1.4785
9.23 -1.504
9.24 -1.5295
9.25 -1.5549
9.26 -1.5804
9.27 -1.6059
9.28 -1.6313
9.29 -1.6568
9.3 -1.6823
9.31 -1.7077
9.32 -1.7332
9.33 -1.7586
9.34 -1.7841
9.35 -1.8096
9.36 -1.835
9.37 -1.8605
9.38 -1.886
9.39 -1.9114
9.4 -1.9369
9.41 -1.9624
9.42 -1.9878
9.43 -1.9867
9.44 -1.9612
9.45 -1.9358
9.46 -1.9103
9.47 -1.8848
9.48 -1.8594
9.49 -1.8339
9.5 -1.8084
9.51 -1.783
9.52 -1.7575
9.53 -1.7321
9.54 -1.7066
9.55 -1.6811
9.56 -1.6557
9.57 -1.6302
9.58 -1.6047
9.59 -1.5793
9.6 -1.5538
9.61 -1.5283
9.62 -1.5029
9.63 -1.4774
9.64 -1.4519
9.65 -1.4265
9.66 -1.401
9.67 -1.3755
9.68 -1.3501
9.69 -1.3246
9.7 -1.2992
9.71 -1.2737
9.72 -1.2482
9.73 -1.2228
9.74 -1.1973
9.75 -1.1718
9.76 -1.1464
9.77 -1.1209
9.78 -1.0954
9.79 -1.07
9.8 -1.0445
9.81 -1.019
9.82 -0.99358
9.83 -0.96811
9.84 -0.94265
9.85 -0.91718
9.86 -0.89172
9.87 -0.86625
9.88 -0.84079
9.89 -0.81532
9.9 -0.78986
9.91 -0.76439
9.92 -0.73893
9.93 -0.71346
9.94 -0.688
9.95 -0.66253
9.96 -0.63707
9.97 -0.6116
9.98 -0.58614
9.99 -0.56067
10 -0.53521
10.01 -0.50974
10.02 -0.48428
10.03 -0.45881
10.04 -0.43335
10.05 -0.40789
10.06 -0.38242
10.07 -0.35696
10.08 -0.33149
10.09 -0.30603
10.1 -0.28056
10.11 -0.2551
10.12 -0.22963
10.13 -0.20417
10.14 -0.1787
10.15 -0.15324
10.16 -0.12777
10.17 -0.10231
10.18 -0.076843
10.19 -0.051378
10.2 -0.025913
10.21 -0.0004485
10.22 0.025016
10.23 0.050481
10.24 0.075946
10.25 0.10141
10.26 0.12688
10.27 0.15234
10.28 0.17781
10.29 0.20327
10.3 0.22873
10.31 0.2542
10.32 0.27966
10.33 0.30513
10.34 0.33059
10.35 0.35606
10.36 0.38152
10.37 0.40699
10.38 0.43245
10.39 0.45792
10.4 0.48338
10.41 0.50885
10.42 0.53431
10.43 0.55978
10.44 0.58524
10.45 0.61071
10.46 0.63617
10.47 0.66164
10.48 0.6871
10.49 0.71257
10.5 0.73803
10.51 0.7635
10.52 0.78896
10.53 0.81442
10.54 0.83989
10.55 0.86535
10.56 0.89082
10.57 0.91628
10.58 0.94175
10.59 0.96721
10.6 0.99268
10.61 1.0181
10.62 1.0436
10.63 1.0691
10.64 1.0945
10.65 1.12
10.66 1.1455
10.67 1.1709
10.68 1.1964
10.69 1.2219
10.7 1.2473
10.71 1.2728
10.72 1.2983
10.73 1.3237
10.74 1.3492
10.75 1.3747
10.76 1.4001
10.77 1.4256
10.78 1.451
10.79 1.4765
10.8 1.502
10.81 1.5274
10.82 1.5529
10.83 1.5784
10.84 1.6038
10.85 1.6293
10.86 1.6548
10.87 1.6802
10.88 1.7057
10.89 1.7312
10.9 1.7566
10.91 1.7821
10.92 1.8076
10.93 1.833
10.94 1.8585
10.95 1.8839
10.96 1.9094
10.97 1.9349
10.98 1.9603
10.99 1.9858
11 1.9887
11.01 1.9633
11.02 1.9378
11.03 1.9123
11.04 1.8869
11.05 1.8614
11.06 1.8359
11.07 1.8105
11.08 1.785
11.09 1.7595
11.1 1.7341
11.11 1.7086
11.12 1.6832
11.13 1.6577
11.14 1.6322
11.15 1.6068
11.16 1.5813
11.17 1.5558
11.18 1.5304
11.19 1.5049
11.2 1.4794
11.21 1.454
11.22 1.4285
11.23 1.403
11.24 1.3776
11.25 1.3521
11.26 1.3266
11.27 1.3012
11.28 1.2757
11.29 1.2503
11.3 1.2248
11.31 1.1993
11.32 1.1739
11.33 1.1484
11.34 1.1229
11.35 1.0975
11.36 1.072
11.37 1.0465
11.38 1.0211
11.39 0.9956
11.4 0.97014
11.41 0.94467
11.42 0.91921
11.43 0.89374
11.44 0.86828
11.45 0.84281
11.46 0.81735
11.47 0.79188
11.48 0.76642
11.49 0.74096
11.5 0.71549
11.51 0.69003
11.52 0.66456
11.53 0.6391
11.54 0.61363
11.55 0.58817
11.56 0.5627
11.57 0.53724
11.58 0.51177
11.59 0.48631
11.6 0.46084
11.61 0.43538
11.62 0.40991
11.63 0.38445
11.64 0.35898
11.65 0.33352
11.66 0.30805
11.67 0.28259
11.68 0.25712
11.69 0.23166
11.7 0.20619
11.71 0.18073
11.72 0.15527
11.73 0.1298
11.74 0.10434
11.75 0.078871
11.76 0.053406
11.77 0.027941
11.78 0.0024763
11.79 -0.022988
11.8 -0.048453
11.81 -0.073918
11.82 -0.099383
11.83 -0.12485
11.84 -0.15031
11.85 -0.17578
11.86 -0.20124
11.87 -0.22671
11.88 -0.25217
11.89 -0.27764
11.9 -0.3031
11.91 -0.32857
11.92 -0.35403
11.93 -0.3795
11.94 -0.40496
11.95 -0.43043
11.96 -0.45589
11.97 -0.48135
11.98 -0.50682
11.99 -0.53228
12 -0.55775
12.01 -0.58321
12.02 -0.60868
12.03 -0.63414
12.04 -0.65961
12.05 -0.68507
12.06 -0.71054
12.07 -0.736
12.08 -0.76147
12.09 -0.78693
12.1 -0.8124
12.11 -0.83786
12.12 -0.86333
12.13 -0.88879
12.14 -0.91426
12.15 -0.93972
12.16 -0.96519
12.17 -0.99065
12.18 -1.0161
12.19 -1.0416
12.2 -1.067
12.21 -1.0925
12.22 -1.118
12.23 -1.1434
12.24 -1.1689
12.25 -1.1944
12.26 -1.2198
12.27 -1.2453
12.28 -1.2708
12.29 -1.2962
12.3 -1.3217
12.31 -1.3472
12.32 -1.3726
12.33 -1.3981
12.34 -1.4236
12.35 -1.449
12.36 -1.4745
12.37 -1.4999
12.38 -1.5254
12.39 -1.5509
12.4 -1.5763
12.41 -1.6018
12.42 -1.6273
12.43 -1.6527
12.44 -1.6782
12.45 -1.7037
12.46 -1.7291
12.47 -1.7546
12.48 -1.7801
12.49 -1.8055
12.5 -1.831
12.51 -1.8565
12.52 -1.8819
12.53 -1.9074
12.54 -1.9328
12.55 -1.9583
12.56 -1.9838
12.57 -1.9908
12.58 -1.9653
12.59 -1.9398
12.6 -1.9144
12.61 -1.8889
12.62 -1.8634
12.63 -1.838
12.64 -1.8125
12.65 -1.787
12.66 -1.7616
12.67 -1.7361
12.68 -1.7106
12.69 -1.6852
12.7 -1.6597
12.71 -1.6343
12.72 -1.6088
12.73 -1.5833
12.74 -1.5579
12.75 -1.5324
12.76 -1.5069
12.77 -1.4815
12.78 -1.456
12.79 -1.4305
12.8 -1.4051
12.81 -1.3796
12.82 -1.3541
12.83 -1.3287
12.84 -1.3032
12.85 -1.2777
12.86 -1.2523
12.87 -1.2268
12.88 -1.2013
12.89 -1.1759
12.9 -1.1504
12.91 -1.125
12.92 -1.0995
12.93 -1.074
12.94 -1.0486
12.95 -1.0231
12.96 -0.99763
12.97 -0.97217
12.98 -0.9467
12.99 -0.92124
13 -0.89577
13.01 -0.87031
13.02 -0.84484
13.03 -0.81938
13.04 -0.79391
13.05 -0.76845
13.06 -0.74298
13.07 -0.71752
13.08 -0.69205
13.09 -0.66659
13.1 -0.64112
13.11 -0.61566
13.12 -0.59019
13.13 -0.56473
13.14 -0.53926
13.15 -0.5138
13.16 -0.48834
13.17 -0.46287
13.18 -0.43741
13.19 -0.41194
13.2 -0.38648
13.21 -0.36101
13.22 -0.33555
13.23 -0.31008
13.24 -0.28462
13.25 -0.25915
13.26 -0.23369
13.27 -0.20822
13.28 -0.18276
13.29 -0.15729
13.3 -0.13183
13.31 -0.10636
13.32 -0.080899
13.33 -0.055434
13.34 -0.029969
13.35 -0.0045042
13.36 0.020961
13.37 0.046425
13.38 0.07189
13.39 0.097355
13.4 0.12282
13.41 0.14828
13.42 0.17375
13.43 0.19921
13.44 0.22468
13.45 0.25014
13.46 0.27561
13.47 0.30107
13.48 0.32654
13.49 0.352
13.5 0.37747
13.51 0.40293
13.52 0.4284
13.53 0.45386
13.54 0.47933
13.55 0.50479
13.56 0.53026
13.57 0.55572
13.58 0.58119
13.59 0.60665
13.6 0.63212
13.61 0.65758
13.62 0.68305
13.63 0.70851
13.64 0.73397
13.65 0.75944
13.66 0.7849
13.67 0.81037
13.68 0.83583
13.69 0.8613
13.7 0.88676
13.71 0.91223
13.72 0.93769
13.73 0.96316
13.74 0.98862
13.75 1.0141
13.76 1.0396
13.77 1.065
13.78 1.0905
13.79 1.1159
13.8 1.1414
13.81 1.1669
13.82 1.1923
13.83 1.2178
13.84 1.2433
13.85 1.2687
13.86 1.2942
13.87 1.3197
13.88 1.3451
13.89 1.3706
13.9 1.3961
13.91 1.4215
13.92 1.447
13.93 1.4725
13.94 1.4979
13.95 1.5234
13.96 1.5488
13.97 1.5743
13.98 1.5998
13.99 1.6252
14 1.6507
14.01 1.6762
14.02 1.7016
14.03 1.7271
14.04 1.7526
14.05 1.778
14.06 1.8035
14.07 1.829
14.08 1.8544
14.09 1.8799
14.1 1.9054
14.11 1.9308
14.12 1.9563
14.13 1.9817
14.14 1.9928
14.15 1.9673
14.16 1.9419
14.17 1.9164
14.18 1.8909
14.19 1.8655
14.2 1.84
14.21 1.8145
14.22 1.7891
14.23 1.7636
14.24 1.7381
14.25 1.7127
14.26 1.6872
14.27 1.6617
14.28 1.6363
14.29 1.6108
14.3 1.5853
14.31 1.5599
14.32 1.5344
14.33 1.509
14.34 1.4835
14.35 1.458
14.36 1.4326
14.37 1.4071
14.38 1.3816
14.39 1.3562
14.4 1.3307
14.41 1.3052
14.42 1.2798
14.43 1.2543
14.44 1.2288
14.45 1.2034
14.46 1.1779
14.47 1.1524
14.48 1.127
14.49 1.1015
14.5 1.0761
14.51 1.0506
14.52 1.0251
14.53 0.99966
14.54 0.97419
14.55 0.94873
14.56 0.92326
14.57 0.8978
14.58 0.87233
14.59 0.84687
14.6 0.82141
14.61 0.79594
14.62 0.77048
14.63 0.74501
14.64 0.71955
14.65 0.69408
14.66 0.66862
14.67 0.64315
14.68 0.61769
14.69 0.59222
14.7 0.56676
14.71 0.54129
14.72 0.51583
14.73 0.49036
14.74 0.4649
14.75 0.43943
14.76 0.41397
14.77 0.3885
14.78 0.36304
14.79 0.33757
14.8 0.31211
14.81 0.28664
14.82 0.26118
14.83 0.23572
14.84 0.21025
14.85 0.18479
14.86 0.15932
14.87 0.13386
14.88 0.10839
14.89 0.082926
14.9 0.057462
14.91 0.031997
14.92 0.006532
14.93 -0.018933
14.94 -0.044398
14.95 -0.069862
14.96 -0.095327
14.97 -0.12079
14.98 -0.14626
14.99 -0.17172
15 -0.19719
15.01 -0.22265
15.02 -0.24812
15.03 -0.27358
15.04 -0.29905
15.05 -0.32451
15.06 -0.34998
15.07 -0.37544
15.08 -0.4009
15.09 -0.42637
15.1 -0.45183
15.11 -0.4773
15.12 -0.50276
15.13 -0.52823
15.14 -0.55369
15.15 -0.57916
15.16 -0.60462
15.17 -0.63009
15.18 -0.65555
15.19 -0.68102
15.2 -0.70648
15.21 -0.73195
15.22 -0.75741
15.23 -0.78288
15.24 -0.80834
15.25 -0.83381
15.26 -0.85927
15.27 -0.88474
15.28 -0.9102
15.29 -0.93567
15.3 -0.96113
15.31 -0.98659
15.32 -1.0121
15.33 -1.0375
15.34 -1.063
15.35 -1.0885
15.36 -1.1139
15.37 -1.1394
15.38 -1.1648
15.39 -1.1903
15.4 -1.2158
15.41 -1.2412
15.42 -1.2667
15.43 -1.2922
15.44 -1.3176
15.45 -1.3431
15.46 -1.3686
15.47 -1.394
15.48 -1.4195
15.49 -1.445
15.5 -1.4704
15.51 -1.4959
15.52 -1.5214
15.53 -1.5468
15.54 -1.5723
15.55 -1.5977
15.56 -1.6232
15.57 -1.6487
15.58 -1.6741
15.59 -1.6996
15.6 -1.7251
15.61 -1.7505
15.62 -1.776
15.63 -1.8015
15.64 -1.8269
15.65 -1.8524
15.66 -1.8779
15.67 -1.9033
15.68 -1.9288
15.69 -1.9543
15.7 -1.9797
15.71 -1.9948
15.72 -1.9693
15.73 -1.9439
15.74 -1.9184
15.75 -1.893
15.76 -1.8675
15.77 -1.842
15.78 -1.8166
15.79 -1.7911
15.8 -1.7656
15.81 -1.7402
15.82 -1.7147
15.83 -1.6892
15.84 -1.6638
15.85 -1.6383
15.86 -1.6128
15.87 -1.5874
15.88 -1.5619
15.89 -1.5364
15.9 -1.511
15.91 -1.4855
15.92 -1.4601
15.93 -1.4346
15.94 -1.4091
15.95 -1.3837
15.96 -1.3582
15.97 -1.3327
15.98 -1.3073
15.99 -1.2818
16 -1.2563
16.01 -1.2309
16.02 -1.2054
16.03 -1.1799
16.04 -1.1545
16.05 -1.129
16.06 -1.1035
16.07 -1.0781
16.08 -1.0526
16.09 -1.0272
16.1 -1.0017
16.11 -0.97622
16.12 -0.95076
16.13 -0.92529
16.14 -0.89983
16.15 -0.87436
16.16 -0.8489
16.17 -0.82343
16.18 -0.79797
16.19 -0.7725
16.2 -0.74704
16.21 -0.72157
16.22 -0.69611
16.23 -0.67064
16.24 -0.64518
16.25 -0.61971
16.26 -0.59425
16.27 -0.56879
16.28 -0.54332
16.29 -0.51786
16.3 -0.49239
16.31 -0.46693
16.32 -0.44146
16.33 -0.416
16.34 -0.39053
16.35 -0.36507
16.36 -0.3396
16.37 -0.31414
16.38 -0.28867
16.39 -0.26321
16.4 -0.23774
16.41 -0.21228
16.42 -0.18681
16.43 -0.16135
16.44 -0.13588
16.45 -0.11042
16.46 -0.084954
16.47 -0.059489
16.48 -0.034025
16.49 -0.0085598
16.5 0.016905
16.51 0.04237
16.52 0.067835
16.53 0.093299
16.54 0.11876
16.55 0.14423
16.56 0.16969
16.57 0.19516
16.58 0.22062
16.59 0.24609
16.6 0.27155
16.61 0.29702
16.62 0.32248
16.63 0.34795
16.64 0.37341
16.65 0.39888
16.66 0.42434
16.67 0.44981
16.68 0.47527
16.69 0.50074
16.7 0.5262
16.71 0.55167
16.72 0.57713
16.73 0.6026
16.74 0.62806
16.75 0.65352
16.76 0.67899
16.77 0.70445
16.78 0.72992
16.79 0.75538
16.8 0.78085
16.81 0.80631
16.82 0.83178
16.83 0.85724
16.84 0.88271
16.85 0.90817
16.86 0.93364
16.87 0.9591
16.88 0.98457
16.89 1.01
16.9 1.0355
16.91 1.061
16.92 1.0864
16.93 1.1119
16.94 1.1374
16.95 1.1628
16.96 1.1883
16.97 1.2138
16.98 1.2392
16.99 1.2647
17 1.2901
17.01 1.3156
17.02 1.3411
17.03 1.3665
17.04 1.392
17.05 1.4175
17.06 1.4429
17.07 1.4684
17.08 1.4939
17.09 1.5193
17.1 1.5448
17.11 1.5703
17.12 1.5957
17.13 1.6212
17.14 1.6467
17.15 1.6721
17.16 1.6976
17.17 1.723
17.18 1.7485
17.19 1.774
17.2 1.7994
17.21 1.8249
17.22 1.8504
17.23 1.8758
17.24 1.9013
17.25 1.9268
17.26 1.9522
17.27 1.9777
17.28 1.9968
17.29 1.9714
17.3 1.9459
17.31 1.9204
17.32 1.895
17.33 1.8695
17.34 1.8441
17.35 1.8186
17.36 1.7931
17.37 1.7677
17.38 1.7422
17.39 1.7167
17.4 1.6913
17.41 1.6658
17.42 1.6403
17.43 1.6149
17.44 1.5894
17.45 1.5639
17.46 1.5385
17.47 1.513
17.48 1.4875
17.49 1.4621
17.5 1.4366
17.51 1.4112
17.52 1.3857
17.53 1.3602
17.54 1.3348
17.55 1.3093
17.56 1.2838
17.57 1.2584
17.58 1.2329
17.59 1.2074
17.6 1.182
17.61 1.1565
17.62 1.131
17.63 1.1056
17.64 1.0801
17.65 1.0546
17.66 1.0292
17.67 1.0037
17.68 0.97825
17.69 0.95278
17.7 0.92732
17.71 0.90186
17.72 0.87639
17.73 0.85093
17.74 0.82546
17.75 0.8
17.76 0.77453
17.77 0.74907
17.78 0.7236
17.79 0.69814
17.8 0.67267
17.81 0.64721
17.82 0.62174
17.83 0.59628
17.84 0.57081
17.85 0.54535
17.86 0.51988
17.87 0.49442
17.88 0.46895
17.89 0.44349
17.9 0.41802
17.91 0.39256
17.92 0.36709
17.93 0.34163
17.94 0.31617
17.95 0.2907
17.96 0.26524
17.97 0.23977
17.98 0.21431
17.99 0.18884
18 0.16338
18.01 0.13791
18.02 0.11245
18.03 0.086982
18.04 0.061517
18.05 0.036052
18.06 0.010588
18.07 -0.014877
18.08 -0.040342
18.09 -0.065807
18.1 -0.091272
18.11 -0.11674
18.12 -0.1422
18.13 -0.16767
18.14 -0.19313
18.15 -0.2186
18.16 -0.24406
18.17 -0.26953
18.18 -0.29499
18.19 -0.32045
18.2 -0.34592
18.21 -0.37138
18.22 -0.39685
18.23 -0.42231
18.24 -0.44778
18.25 -0.47324
18.26 -0.49871
18.27 -0.52417
18.28 -0.54964
18.29 -0.5751
18.3 -0.60057
18.31 -0.62603
18.32 -0.6515
18.33 -0.67696
18.34 -0.70243
18.35 -0.72789
18.36 -0.75336
18.37 -0.77882
18.38 -0.80429
18.39 -0.82975
18.4 -0.85522
18.41 -0.88068
18.42 -0.90614
18.43 -0.93161
18.44 -0.95707
18.45 -0.98254
18.46 -1.008
18.47 -1.0335
18.48 -1.0589
18.49 -1.0844
18.5 -1.1099
18.51 -1.1353
18.52 -1.1608
18.53 -1.1863
18.54 -1.2117
18.55 -1.2372
18.56 -1.2627
18.57 -1.2881
18.58 -1.3136
18.59 -1.339
18.6 -1.3645
18.61 -1.39
18.62 -1.4154
18.63 -1.4409
18.64 -1.4664
18.65 -1.4918
18.66 -1.5173
18.67 -1.5428
18.68 -1.5682
18.69 -1.5937
18.7 -1.6192
18.71 -1.6446
18.72 -1.6701
18.73 -1.6956
18.74 -1.721
18.75 -1.7465
18.76 -1.7719
18.77 -1.7974
18.78 -1.8229
18.79 -1.8483
18.8 -1.8738
18.81 -1.8993
18.82 -1.9247
18.83 -1.9502
18.84 -1.9757
18.85 -1.9989
18.86 -1.9734
18.87 -1.9479
18.88 -1.9225
18.89 -1.897
18.9 -1.8715
18.91 -1.8461
18.92 -1.8206
18.93 -1.7952
18.94 -1.7697
18.95 -1.7442
18.96 -1.7188
18.97 -1.6933
18.98 -1.6678
18.99 -1.6424
19 -1.6169
19.01 -1.5914
19.02 -1.566
19.03 -1.5405
19.04 -1.515
19.05 -1.4896
19.06 -1.4641
19.07 -1.4386
19.08 -1.4132
19.09 -1.3877
19.1 -1.3622
19.11 -1.3368
19.12 -1.3113
19.13 -1.2859
19.14 -1.2604
19.15 -1.2349
19.16 -1.2095
19.17 -1.184
19.18 -1.1585
19.19 -1.1331
19.2 -1.1076
19.21 -1.0821
19.22 -1.0567
19.23 -1.0312
19.24 -1.0057
19.25 -0.98028
19.26 -0.95481
19.27 -0.92935
19.28 -0.90388
19.29 -0.87842
19.3 -0.85295
19.31 -0.82749
19.32 -0.80202
19.33 -0.77656
19.34 -0.75109
19.35 -0.72563
19.36 -0.70016
19.37 -0.6747
19.38 -0.64924
19.39 -0.62377
19.4 -0.59831
19.41 -0.57284
19.42 -0.54738
19.43 -0.52191
19.44 -0.49645
19.45 -0.47098
19.46 -0.44552
19.47 -0.42005
19.48 -0.39459
19.49 -0.36912
19.5 -0.34366
19.51 -0.31819
19.52 -0.29273
19.53 -0.26726
19.54 -0.2418
19.55 -0.21633
19.56 -0.19087
19.57 -0.1654
19.58 -0.13994
19.59 -0.11447
19.6 -0.08901
19.61 -0.063545
19.62 -0.03808
19.63 -0.012615
19.64 0.012849
19.65 0.038314
19.66 0.063779
19.67 0.089244
19.68 0.11471
19.69 0.14017
19.7 0.16564
19.71 0.1911
19.72 0.21657
19.73 0.24203
19.74 0.2675
19.75 0.29296
19.76 0.31843
19.77 0.34389
19.78 0.36936
19.79 0.39482
19.8 0.42029
19.81 0.44575
19.82 0.47122
19.83 0.49668
19.84 0.52215
19.85 0.54761
19.86 0.57307
19.87 0.59854
19.88 0.624
19.89 0.64947
19.9 0.67493
19.91 0.7004
19.92 0.72586
19.93 0.75133
19.94 0.77679
19.95 0.80226
19.96 0.82772
19.97 0.85319
19.98 0.87865
19.99 0.90412
20 0.92958
20.01 0.95505
20.02 0.98051
20.03 1.006
20.04 1.0314
20.05 1.0569
20.06 1.0824
20.07 1.1078
20.08 1.1333
20.09 1.1588
20.1 1.1842
20.11 1.2097
20.12 1.2352
20.13 1.2606
20.14 1.2861
20.15 1.3116
20.16 1.337
20.17 1.3625
20.18 1.3879
20.19 1.4134
20.2 1.4389
20.21 1.4643
20.22 1.4898
20.23 1.5153
20.24 1.5407
20.25 1.5662
20.26 1.5917
20.27 1.6171
20.28 1.6426
20.29 1.6681
20.3 1.6935
20.31 1.719
20.32 1.7445
20.33 1.7699
20.34 1.7954
20.35 1.8208
20.36 1.8463
20.37 1.8718
20.38 1.8972
20.39 1.9227
20.4 1.9482
20.41 1.9736
20.42 1.9991
20.43 1.9754
20.44 1.95
20.45 1.9245
20.46 1.899
20.47 1.8736
20.48 1.8481
20.49 1.8226
20.5 1.7972
20.51 1.7717
20.52 1.7462
20.53 1.7208
20.54 1.6953
20.55 1.6699
20.56 1.6444
20.57 1.6189
20.58 1.5935
20.59 1.568
20.6 1.5425
20.61 1.5171
20.62 1.4916
20.63 1.4661
20.64 1.4407
20.65 1.4152
20.66 1.3897
20.67 1.3643
20.68 1.3388
20.69 1.3133
20.7 1.2879
20.71 1.2624
20.72 1.237
20.73 1.2115
20.74 1.186
20.75 1.1606
20.76 1.1351
20.77 1.1096
20.78 1.0842
20.79 1.0587
20.8 1.0332
20.81 1.0078
20.82 0.98231
20.83 0.95684
20.84 0.93138
20.85 0.90591
20.86 0.88045
20.87 0.85498
20.88 0.82952
20.89 0.80405
20.9 0.77859
20.91 0.75312
20.92 0.72766
20.93 0.70219
20.94 0.67673
20.95 0.65126
20.96 0.6258
20.97 0.60033
20.98 0.57487
20.99 0.5494
21 0.52394
21.01 0.49847
21.02 0.47301
21.03 0.44754
21.04 0.42208
21.05 0.39662
21.06 0.37115
21.07 0.34569
21.08 0.32022
21.09 0.29476
21.1 0.26929
21.11 0.24383
21.12 0.21836
21.13 0.1929
21.14 0.16743
21.15 0.14197
21.16 0.1165
21.17 0.091038
21.18 0.065573
21.19 0.040108
21.2 0.014643
21.21 -0.010821
21.22 -0.036286
21.23 -0.061751
21.24 -0.087216
21.25 -0.11268
21.26 -0.13815
21.27 -0.16361
21.28 -0.18908
21.29 -0.21454
21.3 -0.24
21.31 -0.26547
21.32 -0.29093
21.33 -0.3164
21.34 -0.34186
21.35 -0.36733
21.36 -0.39279
21.37 -0.41826
21.38 -0.44372
21.39 -0.46919
21.4 -0.49465
21.41 -0.52012
21.42 -0.54558
21.43 -0.57105
21.44 -0.59651
21.45 -0.62198
21.46 -0.64744
21.47 -0.67291
21.48 -0.69837
21.49 -0.72384
21.5 -0.7493
21.51 -0.77477
21.52 -0.80023
21.53 -0.82569
21.54 -0.85116
21.55 -0.87662
21.56 -0.90209
21.57 -0.92755
21.58 -0.95302
21.59 -0.97848
21.6 -1.0039
21.61 -1.0294
21.62 -1.0549
21.63 -1.0803
21.64 -1.1058
21.65 -1.1313
21.66 -1.1567
21.67 -1.1822
21.68 -1.2077
21.69 -1.2331
21.7 -1.2586
21.71 -1.2841
21.72 -1.3095
21.73 -1.335
21.74 -1.3605
21.75 -1.3859
21.76 -1.4114
21.77 -1.4368
21.78 -1.4623
21.79 -1.4878
21.8 -1.5132
21.81 -1.5387
21.82 -1.5642
21.83 -1.5896
21.84 -1.6151
21.85 -1.6406
21.86 -1.666
21.87 -1.6915
21.88 -1.717
21.89 -1.7424
21.9 -1.7679
21.91 -1.7934
21.92 -1.8188
21.93 -1.8443
21.94 -1.8698
21.95 -1.8952
21.96 -1.9207
21.97 -1.9461
21.98 -1.9716
21.99 -1.9971
22 -1.9775
22.01 -1.952
22.02 -1.9265
22.03 -1.9011
22.04 -1.8756
22.05 -1.8501
22.06 -1.8247
22.07 -1.7992
22.08 -1.7737
22.09 -1.7483
22.1 -1.7228
22.11 -1.6973
22.12 -1.6719
22.13 -1.6464
22.14 -1.621
22.15 -1.5955
22.16 -1.57
22.17 -1.5446
22.18 -1.5191
22.19 -1.4936
22.2 -1.4682
22.21 -1.4427
22.22 -1.4172
22.23 -1.3918
22.24 -1.3663
22.25 -1.3408
22.26 -1.3154
22.27 -1.2899
22.28 -1.2644
22.29 -1.239
22.3 -1.2135
22.31 -1.1881
22.32 -1.1626
22.33 -1.1371
22.34 -1.1117
22.35 -1.0862
22.36 -1.0607
22.37 -1.0353
22.38 -1.0098
22.39 -0.98433
22.4 -0.95887
22.41 -0.9334
22.42 -0.90794
22.43 -0.88247
22.44 -0.85701
22.45 -0.83154
22.46 -0.80608
22.47 -0.78061
22.48 -0.75515
22.49 -0.72969
22.5 -0.70422
22.51 -0.67876
22.52 -0.65329
22.53 -0.62783
22.54 -0.60236
22.55 -0.5769
22.56 -0.55143
22.57 -0.52597
22.58 -0.5005
22.59 -0.47504
22.6 -0.44957
22.61 -0.42411
22.62 -0.39864
22.63 -0.37318
22.64 -0.34771
22.65 -0.32225
22.66 -0.29678
22.67 -0.27132
22.68 -0.24585
22.69 -0.22039
22.7 -0.19492
22.71 -0.16946
22.72 -0.144
22.73 -0.11853
22.74 -0.093066
22.75 -0.067601
22.76 -0.042136
22.77 -0.016671
22.78 0.0087937
22.79 0.034258
22.8 0.059723
22.81 0.085188
22.82 0.11065
22.83 0.13612
22.84 0.16158
22.85 0.18705
22.86 0.21251
22.87 0.23798
22.88 0.26344
22.89 0.28891
22.9 0.31437
22.91 0.33984
22.92 0.3653
22.93 0.39077
22.94 0.41623
22.95 0.4417
22.96 0.46716
22.97 0.49262
22.98 0.51809
22.99 0.54355
23 0.56902
23.01 0.59448
23.02 0.61995
23.03 0.64541
23.04 0.67088
23.05 0.69634
23.06 0.72181
23.07 0.74727
23.08 0.77274
23.09 0.7982
23.1 0.82367
23.11 0.84913
23.12 0.8746
23.13 0.90006
23.14 0.92553
23.15 0.95099
23.16 0.97646
23.17 1.0019
23.18 1.0274
23.19 1.0529
23.2 1.0783
23.21 1.1038
23.22 1.1292
23.23 1.1547
23.24 1.1802
23.25 1.2056
23.26 1.2311
23.27 1.2566
23.28 1.282
23.29 1.3075
23.3 1.333
23.31 1.3584
23.32 1.3839
23.33 1.4094
23.34 1.4348
23.35 1.4603
23.36 1.4858
23.37 1.5112
23.38 1.5367
23.39 1.5621
23.4 1.5876
23.41 1.6131
23.42 1.6385
23.43 1.664
23.44 1.6895
23.45 1.7149
23.46 1.7404
23.47 1.7659
23.48 1.7913
23.49 1.8168
23.5 1.8423
23.51 1.8677
23.52 1.8932
23.53 1.9187
23.54 1.9441
23.55 1.9696
23.56 1.995
23.57 1.9795
23.58 1.954
23.59 1.9286
23.6 1.9031
23.61 1.8776
23.62 1.8522
23.63 1.8267
23.64 1.8012
23.65 1.7758
23.66 1.7503
23.67 1.7248
23.68 1.6994
23.69 1.6739
23.7 1.6484
23.71 1.623
23.72 1.5975
23.73 1.5721
23.74 1.5466
23.75 1.5211
23.76 1.4957
23.77 1.4702
23.78 1.4447
23.79 1.4193
23.8 1.3938
23.81 1.3683
23.82 1.3429
23.83 1.3174
23.84 1.2919
23.85 1.2665
23.86 1.241
23.87 1.2155
23.88 1.1901
23.89 1.1646
23.9 1.1391
23.91 1.1137
23.92 1.0882
23.93 1.0628
23.94 1.0373
23.95 1.0118
23.96 0.98636
23.97 0.9609
23.98 0.93543
23.99 0.90997
24 0.8845
24.01 0.85904
24.02 0.83357
24.03 0.80811
24.04 0.78264
24.05 0.75718
24.06 0.73171
24.07 0.70625
24.08 0.68078
24.09 0.65532
24.1 0.62985
24.11 0.60439
24.12 0.57892
24.13 0.55346
24.14 0.52799
24.15 0.50253
24.16 0.47707
24.17 0.4516
24.18 0.42614
24.19 0.40067
24.2 0.37521
24.21 0.34974
24.22 0.32428
24.23 0.29881
24.24 0.27335
24.25 0.24788
24.26 0.22242
24.27 0.19695
24.28 0.17149
24.29 0.14602
24.3 0.12056
24.31 0.095093
24.32 0.069629
24.33 0.044164
24.34 0.018699
24.35 -0.0067658
24.36 -0.032231
24.37 -0.057695
24.38 -0.08316
24.39 -0.10862
24.4 -0.13409
24.41 -0.15955
24.42 -0.18502
24.43 -0.21048
24.44 -0.23595
24.45 -0.26141
24.46 -0.28688
24.47 -0.31234
24.48 -0.33781
24.49 -0.36327
24.5 -0.38874
24.51 -0.4142
24.52 -0.43967
24.53 -0.46513
24.54 -0.4906
24.55 -0.51606
24.56 -0.54153
24.57 -0.56699
24.58 -0.59246
24.59 -0.61792
24.6 -0.64339
24.61 -0.66885
24.62 -0.69432
24.63 -0.71978
24.64 -0.74524
24.65 -0.77071
24.66 -0.79617
24.67 -0.82164
24.68 -0.8471
24.69 -0.87257
24.7 -0.89803
24.71 -0.9235
24.72 -0.94896
24.73 -0.97443
24.74 -0.99989
24.75 -1.0254
24.76 -1.0508
24.77 -1.0763
24.78 -1.1018
24.79 -1.1272
24.8 -1.1527
24.81 -1.1781
24.82 -1.2036
24.83 -1.2291
24.84 -1.2545
24.85 -1.28
24.86 -1.3055
24.87 -1.3309
24.88 -1.3564
24.89 -1.3819
24.9 -1.4073
24.91 -1.4328
24.92 -1.4583
24.93 -1.4837
24.94 -1.5092
24.95 -1.5347
24.96 -1.5601
24.97 -1.5856
24.98 -1.611
24.99 -1.6365
25 -1.662
25.01 -1.6874
25.02 -1.7129
25.03 -1.7384
25.04 -1.7638
25.05 -1.7893
25.06 -1.8148
25.07 -1.8402
25.08 -1.8657
25.09 -1.8912
25.1 -1.9166
25.11 -1.9421
25.12 -1.9676
25.13 -1.993
25.14 -1.9815
25.15 -1.9561
25.16 -1.9306
25.17 -1.9051
25.18 -1.8797
25.19 -1.8542
25.2 -1.8287
25.21 -1.8033
25.22 -1.7778
25.23 -1.7523
25.24 -1.7269
25.25 -1.7014
25.26 -1.6759
25.27 -1.6505
25.28 -1.625
25.29 -1.5995
25.3 -1.5741
25.31 -1.5486
25.32 -1.5231
25.33 -1.4977
25.34 -1.4722
25.35 -1.4468
25.36 -1.4213
25.37 -1.3958
25.38 -1.3704
25.39 -1.3449
25.4 -1.3194
25.41 -1.294
25.42 -1.2685
25.43 -1.243
25.44 -1.2176
25.45 -1.1921
25.46 -1.1666
25.47 -1.1412
25.48 -1.1157
25.49 -1.0902
25.5 -1.0648
25.51 -1.0393
25.52 -1.0139
25.53 -0.98839
25.54 -0.96292
25.55 -0.93746
25.56 -0.91199
25.57 -0.88653
25.58 -0.86106
25.59 -0.8356
25.6 -0.81014
25.61 -0.78467
25.62 -0.75921
25.63 -0.73374
25.64 -0.70828
25.65 -0.68281
25.66 -0.65735
25.67 -0.63188
25.68 -0.60642
25.69 -0.58095
25.7 -0.55549
25.71 -0.53002
25.72 -0.50456
25.73 -0.47909
25.74 -0.45363
25.75 -0.42816
25.76 -0.4027
25.77 -0.37723
25.78 -0.35177
25.79 -0.3263
25.8 -0.30084
25.81 -0.27537
25.82 -0.24991
25.83 -0.22445
25.84 -0.19898
25.85 -0.17352
25.86 -0.14805
25.87 -0.12259
25.88 -0.097121
25.89 -0.071656
25.9 -0.046192
25.91 -0.020727
25.92 0.004738
25.93 0.030203
25.94 0.055668
25.95 0.081132
25.96 0.1066
25.97 0.13206
25.98 0.15753
25.99 0.18299
26 0.20846
26.01 0.23392
26.02 0.25939
26.03 0.28485
26.04 0.31032
26.05 0.33578
26.06 0.36125
26.07 0.38671
26.08 0.41217
26.09 0.43764
26.1 0.4631
26.11 0.48857
26.12 0.51403
26.13 0.5395
26.14 0.56496
26.15 0.59043
26.16 0.61589
26.17 0.64136
26.18 0.66682
26.19 0.69229
26.2 0.71775
26.21 0.74322
26.22 0.76868
26.23 0.79415
26.24 0.81961
26.25 0.84508
26.26 0.87054
26.27 0.89601
26.28 0.92147
26.29 0.94694
26.3 0.9724
26.31 0.99786
26.32 1.0233
26.33 1.0488
26.34 1.0743
26.35 1.0997
26.36 1.1252
26.37 1.1507
26.38 1.1761
26.39 1.2016
26.4 1.227
26.41 1.2525
26.42 1.278
26.43 1.3034
26.44 1.3289
26.45 1.3544
26.46 1.3798
26.47 1.4053
26.48 1.4308
26.49 1.4562
26.5 1.4817
26.51 1.5072
26.52 1.5326
26.53 1.5581
26.54 1.5836
26.55 1.609
26.56 1.6345
26.57 1.6599
26.58 1.6854
26.59 1.7109
26.6 1.7363
26.61 1.7618
26.62 1.7873
26.63 1.8127
26.64 1.8382
26.65 1.8637
26.66 1.8891
26.67 1.9146
26.68 1.9401
26.69 1.9655
26.7 1.991
26.71 1.9835
26.72 1.9581
26.73 1.9326
26.74 1.9071
26.75 1.8817
26.76 1.8562
26.77 1.8308
26.78 1.8053
26.79 1.7798
26.8 1.7544
26.81 1.7289
26.82 1.7034
26.83 1.678
26.84 1.6525
26.85 1.627
26.86 1.6016
26.87 1.5761
26.88 1.5506
26.89 1.5252
26.9 1.4997
26.91 1.4742
26.92 1.4488
26.93 1.4233
26.94 1.3979
26.95 1.3724
26.96 1.3469
26.97 1.3215
26.98 1.296
26.99 1.2705
27 1.2451
27.01 1.2196
27.02 1.1941
27.03 1.1687
27.04 1.1432
27.05 1.1177
27.06 1.0923
27.07 1.0668
27.08 1.0413
27.09 1.0159
27.1 0.99042
27.11 0.96495
27.12 0.93949
27.13 0.91402
27.14 0.88856
27.15 0.86309
27.16 0.83763
27.17 0.81216
27.18 0.7867
27.19 0.76123
27.2 0.73577
27.21 0.7103
27.22 0.68484
27.23 0.65937
27.24 0.63391
27.25 0.60844
27.26 0.58298
27.27 0.55752
27.28 0.53205
27.29 0.50659
27.3 0.48112
27.31 0.45566
27.32 0.43019
27.33 0.40473
27.34 0.37926
27.35 0.3538
27.36 0.32833
27.37 0.30287
27.38 0.2774
27.39 0.25194
27.4 0.22647
27.41 0.20101
27.42 0.17554
27.43 0.15008
27.44 0.12461
27.45 0.099149
27.46 0.073684
27.47 0.048219
27.48 0.022755
27.49 -0.0027102
27.5 -0.028175
27.51 -0.05364
27.52 -0.079105
27.53 -0.10457
27.54 -0.13003
27.55 -0.1555
27.56 -0.18096
27.57 -0.20643
27.58 -0.23189
27.59 -0.25736
27.6 -0.28282
27.61 -0.30829
27.62 -0.33375
27.63 -0.35922
27.64 -0.38468
27.65 -0.41015
27.66 -0.43561
27.67 -0.46108
27.68 -0.48654
27.69 -0.51201
27.7 -0.53747
27.71 -0.56294
27.72 -0.5884
27.73 -0.61387
27.74 -0.63933
27.75 -0.66479
27.76 -0.69026
27.77 -0.71572
27.78 -0.74119
27.79 -0.76665
27.8 -0.79212
27.81 -0.81758
27.82 -0.84305
27.83 -0.86851
27.84 -0.89398
27.85 -0.91944
27.86 -0.94491
27.87 -0.97037
27.88 -0.99584
27.89 -1.0213
27.9 -1.0468
27.91 -1.0722
27.92 -1.0977
27.93 -1.1232
27.94 -1.1486
27.95 -1.1741
27.96 -1.1996
27.97 -1.225
27.98 -1.2505
27.99 -1.2759
28 -1.3014
28.01 -1.3269
28.02 -1.3523
28.03 -1.3778
28.04 -1.4033
28.05 -1.4287
28.06 -1.4542
28.07 -1.4797
28.08 -1.5051
28.09 -1.5306
28.1 -1.5561
28.11 -1.5815
28.12 -1.607
28.13 -1.6325
28.14 -1.6579
28.15 -1.6834
28.16 -1.7089
28.17 -1.7343
28.18 -1.7598
28.19 -1.7852
28.2 -1.8107
28.21 -1.8362
28.22 -1.8616
28.23 -1.8871
28.24 -1.9126
28.25 -1.938
28.26 -1.9635
28.27 -1.989
28.28 -1.9856
28.29 -1.9601
28.3 -1.9346
28.31 -1.9092
28.32 -1.8837
28.33 -1.8582
28.34 -1.8328
28.35 -1.8073
28.36 -1.7819
28.37 -1.7564
28.38 -1.7309
28.39 -1.7055
28.4 -1.68
28.41 -1.6545
28.42 -1.6291
28.43 -1.6036
28.44 -1.5781
28.45 -1.5527
28.46 -1.5272
28.47 -1.5017
28.48 -1.4763
28.49 -1.4508
28.5 -1.4253
28.51 -1.3999
28.52 -1.3744
28.53 -1.349
28.54 -1.3235
28.55 -1.298
28.56 -1.2726
28.57 -1.2471
28.58 -1.2216
28.59 -1.1962
28.6 -1.1707
28.61 -1.1452
28.62 -1.1198
28.63 -1.0943
28.64 -1.0688
28.65 -1.0434
28.66 -1.0179
28.67 -0.99244
28.68 -0.96698
28.69 -0.94151
28.7 -0.91605
28.71 -0.89059
28.72 -0.86512
28.73 -0.83966
28.74 -0.81419
28.75 -0.78873
28.76 -0.76326
28.77 -0.7378
28.78 -0.71233
28.79 -0.68687
28.8 -0.6614
28.81 -0.63594
28.82 -0.61047
28.83 -0.58501
28.84 -0.55954
28.85 -0.53408
28.86 -0.50861
28.87 -0.48315
28.88 -0.45768
28.89 -0.43222
28.9 -0.40675
28.91 -0.38129
28.92 -0.35582
28.93 -0.33036
28.94 -0.3049
28.95 -0.27943
28.96 -0.25397
28.97 -0.2285
28.98 -0.20304
28.99 -0.17757
29 -0.15211
29.01 -0.12664
29.02 -0.10118
29.03 -0.075712
29.04 -0.050247
29.05 -0.024782
29.06 0.00068234
29.07 0.026147
29.08 0.051612
29.09 0.077077
29.1 0.10254
29.11 0.12801
29.12 0.15347
29.13 0.17894
29.14 0.2044
29.15 0.22987
29.16 0.25533
29.17 0.2808
29.18 0.30626
29.19 0.33172
29.2 0.35719
29.21 0.38265
29.22 0.40812
29.23 0.43358
29.24 0.45905
29.25 0.48451
29.26 0.50998
29.27 0.53544
29.28 0.56091
29.29 0.58637
29.3 0.61184
29.31 0.6373
29.32 0.66277
29.33 0.68823
29.34 0.7137
29.35 0.73916
29.36 0.76463
29.37 0.79009
29.38 0.81556
29.39 0.84102
29.4 0.86649
29.41 0.89195
29.42 0.91741
29.43 0.94288
29.44 0.96834
29.45 0.99381
29.46 1.0193
29.47 1.0447
29.48 1.0702
29.49 1.0957
29.5 1.1211
29.51 1.1466
29.52 1.1721
29.53 1.1975
29.54 1.223
29.55 1.2485
29.56 1.2739
29.57 1.2994
29.58 1.3249
29.59 1.3503
29.6 1.3758
29.61 1.4012
29.62 1.4267
29.63 1.4522
29.64 1.4776
29.65 1.5031
29.66 1.5286
29.67 1.554
29.68 1.5795
29.69 1.605
29.7 1.6304
29.71 1.6559
29.72 1.6814
29.73 1.7068
29.74 1.7323
29.75 1.7578
29.76 1.7832
29.77 1.8087
29.78 1.8341
29.79 1.8596
29.8 1.8851
29.81 1.9105
29.82 1.936
29.83 1.9615
29.84 1.9869
29.85 1.9876
29.86 1.9621
29.87 1.9367
29.88 1.9112
29.89 1.8857
29.9 1.8603
29.91 1.8348
29.92 1.8093
29.93 1.7839
29.94 1.7584
29.95 1.733
29.96 1.7075
29.97 1.682
29.98 1.6566
29.99 1.6311
30 1.6056
