5.0676383110254255
5.135276622050851
5.2029149330762765
5.270553244101702
5.3381915551271275
5.405829866152553
5.4734681771779785
5.541106488203404
5.6087447992288295
5.676383110254255
5.7440214212796805
5.811659732305106
5.8792980433305315
5.946936354355957
6.0145746653813825
6.082212976406808
6.1498512874322335
6.217489598457659
6.2851279094830845
6.35276622050851
6.4204045315339355
6.488042842559361
6.5556811535847865
6.623319464610212
6.6909577756356375
6.758596086661063
6.8262343976864885
6.893872708711914
6.9615110197373395
7.029149330762765
7.0967876417881905
7.164425952813616
7.2320642638390416
7.299702574864467
7.3673408858898926
7.434979196915318
7.502617507940744
7.570255818966169
7.637894129991595
7.70553244101702
7.773170752042446
7.840809063067871
7.908447374093297
7.976085685118722
8.0
8.0
8.0
8.0
8.0
8.0
8.0
8.0
8.0
8.0
8.0
8.0
8.0
8.0
8.0
8.0
8.0
8.0
8.0
8.0
8.0
8.0
8.0
8.0
8.0
8.0
8.0
8.0
8.0
8.0
8.0
8.0
8.0
8.0
8.0
7.9323616889745745
7.864723377949149
7.7970850669237235
7.729446755898298
7.6618084448728725
7.594170133847447
7.5265318228220215
7.458893511796596
7.3912552007711705
7.323616889745745
7.2559785787203195
7.188340267694894
7.1207019566694685
7.053063645644043
6.9854253346186175
6.917787023593192
6.8501487125677665
6.782510401542341
6.7148720905169155
6.64723377949149
6.5795954684660645
6.511957157440639
6.4443188464152135
6.376680535389788
6.3090422243643625
6.241403913338937
6.1737656023135115
6.106127291288086
6.0384889802626605
5.970850669237235
5.9032123582118095
5.835574047186384
5.7679357361609584
5.700297425135533
5.6326591141101074
5.565020803084682
5.497382492059256
5.429744181033831
5.362105870008405
5.29446755898298
5.226829247957554
5.159190936932129
5.091552625906703
5.023914314881278
4.956276003855852
4.888637692830427
4.820999381805001
4.753361070779576
4.68572275975415
4.618084448728725
4.550446137703299
4.482807826677874
4.415169515652448
4.347531204627023
4.279892893601597
4.212254582576172
4.144616271550746
4.076977960525321
4.009339649499895
3.94170133847447
3.8740630274490444
3.806424716423619
3.7387864053981934
3.671148094372768
3.6035097833473424
3.535871472321917
3.4682331612964914
3.400594850271066
3.3329565392456404
3.265318228220215
3.1976799171947894
3.130041606169364
3.0624032951439384
2.994764984118513
2.9271266730930874
2.859488362067662
2.7918500510422364
2.724211740016811
2.6565734289914085
2.724211740016834
2.7918500510422595
2.859488362067685
2.9271266730931105
2.994764984118536
3.0624032951439615
3.130041606169387
3.1976799171948125
3.265318228220238
3.3329565392456635
3.400594850271089
3.4682331612965145
3.53587147232194
3.6035097833473655
3.671148094372791
3.7387864053982165
3.806424716423642
3.8740630274490675
3.941701338474493
4.0093396494999185
4.076977960525344
4.1446162715507695
4.212254582576195
4.2798928936016205
4.347531204627046
4.4151695156524715
4.482807826677897
4.5504461377033225
4.618084448728748
4.6857227597541735
4.753361070779599
4.8209993818050245
4.88863769283045
4.9562760038558755
5.023914314881301
5.0915526259067265
5.159190936932152
5.2268292479575775
5.294467558983003
5.3621058700084285
5.429744181033854
5.4973824920592795
5.565020803084705
5.6326591141101305
5.700297425135556
5.7679357361609815
5.835574047186407
5.9032123582118325
5.970850669237258
6.0384889802626835
6.106127291288109
6.1737656023135346
6.24140391333896
6.3090422243643856
6.376680535389811
6.444318846415237
6.511957157440662
6.579595468466088
6.647233779491513
6.714872090516939
6.782510401542364
6.85014871256779
6.917787023593215
6.985425334618641
7.053063645644066
7.120701956669492
7.188340267694917
7.255978578720343
7.323616889745768
7.391255200771194
7.458893511796619
7.526531822822045
7.59417013384747
7.661808444872896
7.729446755898321
7.797085066923747
7.864723377949172
7.932361688974598
7.864723377949302
7.797085066923876
7.729446755898451
7.661808444873025
7.5941701338476
7.526531822822174
7.458893511796749
7.391255200771323
7.323616889745898
7.255978578720472
7.188340267695047
7.120701956669621
7.053063645644196
6.98542533461877
6.917787023593345
6.850148712567919
6.782510401542494
6.714872090517068
6.647233779491643
6.579595468466217
6.511957157440792
6.444318846415366
6.376680535389941
6.309042224364515
6.24140391333909
6.173765602313664
6.106127291288239
6.038488980262813
5.970850669237388
5.903212358211962
5.835574047186537
5.767935736161111
5.700297425135686
5.63265911411026
5.565020803084835
5.497382492059409
5.429744181033984
5.362105870008558
5.294467558983133
5.226829247957707
5.159190936932282
5.091552625906856
5.023914314881431
4.956276003856005
4.88863769283058
4.820999381805154
4.753361070779729
4.685722759754303
4.618084448728878
4.550446137703452
4.482807826678027
4.415169515652601
4.347531204627176
4.27989289360175
4.212254582576325
4.144616271550899
4.076977960525474
4.009339649500048
3.9417013384746227
3.874063027449197
3.8064247164237717
3.738786405398346
3.6711480943729207
3.603509783347495
3.5358714723220697
3.468233161296644
3.4005948502712187
3.332956539245793
3.2653182282203677
3.197679917194942
3.1300416061695167
3.062403295144091
2.9947649841186657
2.92712667309324
2.8594883620678146
2.791850051042389
2.7242117400169636
2.656573428991538
2.5889351179661126
2.6565734289910554
2.724211740016481
2.7918500510419064
2.859488362067332
2.9271266730927574
2.994764984118183
3.0624032951436084
3.130041606169034
3.1976799171944594
3.265318228219885
3.3329565392453104
3.400594850270736
3.4682331612961614
3.535871472321587
3.6035097833470124
3.671148094372438
3.7387864053978634
3.806424716423289
3.8740630274487144
3.94170133847414
4.009339649499566
4.076977960524991
4.144616271550417
4.212254582575842
4.279892893601268
4.347531204626693
4.415169515652119
4.482807826677544
4.55044613770297
4.618084448728395
4.685722759753821
4.753361070779246
4.820999381804672
4.888637692830097
4.956276003855523
5.023914314880948
5.091552625906374
5.159190936931799
5.226829247957225
5.29446755898265
5.362105870008076
5.429744181033501
5.497382492058927
5.565020803084352
5.632659114109778
5.700297425135203
5.767935736160629
5.835574047186054
5.90321235821148
5.970850669236905
6.038488980262331
6.106127291287756
6.173765602313182
6.2414039133386074
6.309042224364033
6.3766805353894584
6.444318846414884
6.5119571574403095
6.579595468465735
6.6472337794911605
6.714872090516586
6.7825104015420115
6.850148712567437
6.9177870235928625
6.985425334618288
7.0530636456437135
7.120701956669139
7.1883402676945645
7.25597857871999
7.3236168897454155
7.391255200770841
7.4588935117962665
7.526531822821692
7.5941701338471175
7.661808444872543
7.7294467558979685
7.797085066923394
7.8647233779488195
7.79708506692423
7.729446755898804
7.661808444873379
7.594170133847953
7.526531822822528
7.458893511797102
7.391255200771677
7.323616889746251
7.255978578720826
7.1883402676954
7.120701956669975
7.053063645644549
6.985425334619124
6.917787023593698
6.850148712568273
6.782510401542847
6.714872090517422
6.647233779491996
6.579595468466571
6.511957157441145
6.44431884641572
6.376680535390294
6.309042224364869
6.241403913339443
6.173765602314018
6.106127291288592
6.038488980263167
5.970850669237741
5.903212358212316
5.83557404718689
5.767935736161465
5.700297425136039
5.632659114110614
5.565020803085188
5.497382492059763
5.429744181034337
5.362105870008912
5.294467558983486
5.226829247958061
5.159190936932635
5.09155262590721
5.023914314881784
4.956276003856359
4.888637692830933
4.820999381805508
4.753361070780082
4.685722759754657
4.618084448729231
4.550446137703806
4.48280782667838
4.415169515652955
4.347531204627529
4.279892893602104
4.212254582576678
4.144616271551253
4.076977960525827
4.009339649500402
3.941701338474976
3.8740630274495507
3.806424716424125
3.7387864053986997
3.671148094373274
3.6035097833478487
3.535871472322423
3.4682331612969977
3.400594850271572
3.3329565392461467
3.265318228220721
3.1976799171952957
3.13004160616987
3.0624032951444446
2.994764984119019
2.9271266730935936
2.859488362068168
2.7918500510427426
2.724211740017317
2.6565734289918916
2.588935117966466
2.5212968069410406
2.5889351179652964
2.656573428990722
2.7242117400161474
2.791850051041573
2.8594883620669984
2.927126673092424
2.9947649841178494
3.062403295143275
3.1300416061687004
3.197679917194126
3.2653182282195514
3.332956539244977
3.4005948502704024
3.468233161295828
3.5358714723212534
3.603509783346679
3.6711480943721044
3.73878640539753
3.8064247164229554
3.874063027448381
3.9417013384738064
4.009339649499232
4.076977960524657
4.144616271550083
4.212254582575508
4.279892893600934
4.3475312046263594
4.415169515651785
4.4828078266772104
4.550446137702636
4.6180844487280615
4.685722759753487
4.7533610707789125
4.820999381804338
4.8886376928297635
4.956276003855189
5.0239143148806145
5.09155262590604
5.1591909369314655
5.226829247956891
5.2944675589823165
5.362105870007742
5.4297441810331675
5.497382492058593
5.5650208030840185
5.632659114109444
5.7002974251348695
5.767935736160295
5.8355740471857205
5.903212358211146
5.9708506692365715
6.038488980261997
6.1061272912874225
6.173765602312848
6.2414039133382735
6.309042224363699
6.3766805353891245
6.44431884641455
6.5119571574399755
6.579595468465401
6.6472337794908265
6.714872090516252
6.7825104015416775
6.850148712567103
6.9177870235925285
6.985425334617954
7.0530636456433795
7.120701956668805
7.1883402676942305
7.255978578719656
7.3236168897450815
7.391255200770507
7.4588935117959325
7.526531822821358
7.5941701338467835
7.661808444872209
7.7294467558976345
7.79708506692306
7.729446755899157
7.661808444873731
7.594170133848306
7.52653182282288
7.458893511797455
7.391255200772029
7.323616889746604
7.255978578721178
7.188340267695753
7.120701956670327
7.053063645644902
6.985425334619476
6.917787023594051
6.850148712568625
6.7825104015432
6.714872090517774
6.647233779492349
6.579595468466923
6.511957157441498
6.444318846416072
6.376680535390647
6.309042224365221
6.241403913339796
6.17376560231437
6.106127291288945
6.038488980263519
5.970850669238094
5.903212358212668
5.835574047187243
5.767935736161817
5.700297425136392
5.632659114110966
5.565020803085541
5.497382492060115
5.42974418103469
5.362105870009264
5.294467558983839
5.226829247958413
5.159190936932988
5.091552625907562
5.023914314882137
4.956276003856711
4.888637692831286
4.82099938180586
4.753361070780435
4.685722759755009
4.618084448729584
4.550446137704158
4.482807826678733
4.415169515653307
4.347531204627882
4.279892893602456
4.212254582577031
4.144616271551605
4.07697796052618
4.009339649500754
3.9417013384753288
3.8740630274499033
3.8064247164244778
3.7387864053990523
3.6711480943736268
3.6035097833482013
3.5358714723227758
3.4682331612973503
3.4005948502719248
3.3329565392464993
3.2653182282210738
3.1976799171956483
3.1300416061702228
3.0624032951447973
2.9947649841193718
2.9271266730939463
2.8594883620685208
2.7918500510430952
2.7242117400176697
2.6565734289922442
2.5889351179668187
2.5212968069413932
2.4536584959159677
2.521296806939518
2.5889351179649434
2.656573428990369
2.7242117400157944
2.79185005104122
2.8594883620666454
2.927126673092071
2.9947649841174964
3.062403295142922
3.1300416061683474
3.197679917193773
3.2653182282191984
3.332956539244624
3.4005948502700494
3.468233161295475
3.5358714723209004
3.603509783346326
3.6711480943717514
3.738786405397177
3.8064247164226024
3.874063027448028
3.9417013384734534
4.009339649498879
4.076977960524305
4.14461627154973
4.212254582575156
4.279892893600581
4.347531204626007
4.415169515651432
4.482807826676858
4.550446137702283
4.618084448727709
4.685722759753134
4.75336107077856
4.820999381803985
4.888637692829411
4.956276003854836
5.023914314880262
5.091552625905687
5.159190936931113
5.226829247956538
5.294467558981964
5.362105870007389
5.429744181032815
5.49738249205824
5.565020803083666
5.632659114109091
5.700297425134517
5.767935736159942
5.835574047185368
5.903212358210793
5.970850669236219
6.038488980261644
6.10612729128707
6.173765602312495
6.241403913337921
6.309042224363346
6.376680535388772
6.444318846414197
6.511957157439623
6.579595468465048
6.647233779490474
6.714872090515899
6.782510401541325
6.85014871256675
6.917787023592176
6.985425334617601
7.053063645643027
7.120701956668452
7.188340267693878
7.255978578719303
7.323616889744729
7.391255200770154
7.45889351179558
7.526531822821005
7.594170133846431
7.661808444871856
7.729446755897282
7.661808444874085
7.594170133848659
7.526531822823234
7.458893511797808
7.391255200772383
7.323616889746957
7.255978578721532
7.188340267696106
7.120701956670681
7.053063645645255
6.98542533461983
6.917787023594404
6.850148712568979
6.782510401543553
6.714872090518128
6.647233779492702
6.579595468467277
6.511957157441851
6.444318846416426
6.376680535391
6.309042224365575
6.241403913340149
6.173765602314724
6.106127291289298
6.038488980263873
5.970850669238447
5.903212358213022
5.835574047187596
5.767935736162171
5.700297425136745
5.63265911411132
5.565020803085894
5.497382492060469
5.429744181035043
5.362105870009618
5.294467558984192
5.226829247958767
5.159190936933341
5.091552625907916
5.02391431488249
4.956276003857065
4.888637692831639
4.820999381806214
4.753361070780788
4.685722759755363
4.618084448729937
4.550446137704512
4.482807826679086
4.415169515653661
4.347531204628235
4.27989289360281
4.212254582577384
4.144616271551959
4.076977960526533
4.009339649501108
3.9417013384756823
3.8740630274502568
3.8064247164248313
3.7387864053994058
3.6711480943739803
3.6035097833485548
3.5358714723231293
3.4682331612977038
3.4005948502722783
3.3329565392468528
3.2653182282214273
3.1976799171960018
3.1300416061705763
3.0624032951451508
2.9947649841197252
2.9271266730942997
2.8594883620688742
2.7918500510434487
2.7242117400180232
2.6565734289925977
2.5889351179671722
2.5212968069417467
2.4536584959163212
2.3860201848908957
2.45365849591374
2.5212968069391657
2.588935117964591
2.6565734289900167
2.724211740015442
2.7918500510408677
2.859488362066293
2.9271266730917187
2.994764984117144
3.0624032951425697
3.130041606167995
3.1976799171934207
3.265318228218846
3.3329565392442717
3.400594850269697
3.4682331612951227
3.535871472320548
3.6035097833459737
3.671148094371399
3.7387864053968247
3.80642471642225
3.8740630274476757
3.9417013384731012
4.009339649498527
4.076977960523952
4.144616271549378
4.212254582574803
4.279892893600229
4.347531204625654
4.41516951565108
4.482807826676505
4.550446137701931
4.618084448727356
4.685722759752782
4.753361070778207
4.820999381803633
4.888637692829058
4.956276003854484
5.023914314879909
5.091552625905335
5.15919093693076
5.226829247956186
5.294467558981611
5.362105870007037
5.429744181032462
5.497382492057888
5.565020803083313
5.632659114108739
5.700297425134164
5.76793573615959
5.835574047185015
5.903212358210441
5.970850669235866
6.038488980261292
6.106127291286717
6.173765602312143
6.241403913337568
6.309042224362994
6.376680535388419
6.444318846413845
6.51195715743927
6.579595468464696
6.647233779490121
6.714872090515547
6.782510401540972
6.850148712566398
6.917787023591823
6.985425334617249
7.053063645642674
7.1207019566681
7.188340267693525
7.255978578718951
7.323616889744376
7.391255200769802
7.458893511795227
7.526531822820653
7.594170133846078
7.661808444871504
7.594170133849012
7.5265318228235865
7.458893511798161
7.3912552007727355
7.32361688974731
7.2559785787218845
7.188340267696459
7.1207019566710335
7.053063645645608
6.9854253346201824
6.917787023594757
6.850148712569331
6.782510401543906
6.71487209051848
6.647233779493055
6.579595468467629
6.511957157442204
6.444318846416778
6.376680535391353
6.309042224365927
6.241403913340502
6.173765602315076
6.106127291289651
6.038488980264225
5.9708506692388
5.903212358213374
5.835574047187949
5.767935736162523
5.700297425137098
5.632659114111672
5.565020803086247
5.497382492060821
5.429744181035396
5.36210587000997
5.294467558984545
5.226829247959119
5.159190936933694
5.091552625908268
5.023914314882843
4.956276003857417
4.888637692831992
4.820999381806566
4.753361070781141
4.685722759755715
4.61808444873029
4.550446137704864
4.482807826679439
4.415169515654013
4.347531204628588
4.279892893603162
4.212254582577737
4.144616271552311
4.076977960526886
4.00933964950146
3.941701338476035
3.8740630274506094
3.806424716425184
3.7387864053997584
3.671148094374333
3.6035097833489074
3.535871472323482
3.4682331612980564
3.400594850272631
3.3329565392472054
3.26531822822178
3.1976799171963544
3.130041606170929
3.0624032951455034
2.994764984120078
2.9271266730946524
2.859488362069227
2.7918500510438014
2.724211740018376
2.6565734289929503
2.588935117967525
2.5212968069420993
2.453658495916674
2.3860201848912483
2.318381873865823
2.3860201848879807
2.4536584959134062
2.5212968069388317
2.5889351179642572
2.6565734289896827
2.7242117400151082
2.7918500510405337
2.8594883620659592
2.9271266730913847
2.9947649841168102
3.0624032951422357
3.1300416061676613
3.1976799171930868
3.2653182282185123
3.3329565392439378
3.4005948502693633
3.4682331612947888
3.5358714723202143
3.6035097833456398
3.6711480943710653
3.7387864053964908
3.8064247164219163
3.8740630274473418
3.9417013384727673
4.009339649498193
4.076977960523618
4.144616271549044
4.212254582574469
4.279892893599895
4.34753120462532
4.415169515650746
4.482807826676171
4.550446137701597
4.618084448727022
4.685722759752448
4.753361070777873
4.820999381803299
4.888637692828724
4.95627600385415
5.023914314879575
5.091552625905001
5.159190936930426
5.226829247955852
5.294467558981277
5.362105870006703
5.429744181032128
5.497382492057554
5.565020803082979
5.632659114108405
5.70029742513383
5.767935736159256
5.835574047184681
5.903212358210107
5.970850669235532
6.038488980260958
6.106127291286383
6.173765602311809
6.241403913337234
6.30904222436266
6.376680535388085
6.444318846413511
6.511957157438936
6.579595468464362
6.647233779489787
6.714872090515213
6.782510401540638
6.850148712566064
6.917787023591489
6.985425334616915
7.05306364564234
7.120701956667766
7.188340267693191
7.255978578718617
7.323616889744042
7.391255200769468
7.458893511794893
7.526531822820319
7.594170133845744
7.66180844487117
7.594170133849383
7.526531822823958
7.458893511798532
7.391255200773107
7.323616889747681
7.255978578722256
7.18834026769683
7.120701956671405
7.053063645645979
6.985425334620554
6.917787023595128
6.850148712569703
6.782510401544277
6.714872090518852
6.647233779493426
6.579595468468001
6.511957157442575
6.44431884641715
6.376680535391724
6.309042224366299
6.241403913340873
6.173765602315448
6.106127291290022
6.038488980264597
5.970850669239171
5.903212358213746
5.83557404718832
5.767935736162895
5.700297425137469
5.632659114112044
5.565020803086618
5.497382492061193
5.429744181035767
5.362105870010342
5.294467558984916
5.226829247959491
5.159190936934065
5.09155262590864
5.023914314883214
4.956276003857789
4.888637692832363
4.820999381806938
4.753361070781512
4.685722759756087
4.618084448730661
4.550446137705236
4.48280782667981
4.415169515654385
4.347531204628959
4.279892893603534
4.212254582578108
4.144616271552683
4.076977960527257
4.009339649501832
3.941701338476406
3.8740630274509806
3.806424716425555
3.7387864054001296
3.671148094374704
3.6035097833492786
3.535871472323853
3.4682331612984276
3.400594850273002
3.3329565392475766
3.265318228222151
3.1976799171967256
3.1300416061713
3.0624032951458746
2.994764984120449
2.9271266730950236
2.859488362069598
2.7918500510441726
2.724211740018747
2.6565734289933216
2.588935117967896
2.5212968069424706
2.453658495917045
2.3860201848916196
2.453658495913072
2.5212968069384973
2.588935117963923
2.6565734289893483
2.724211740014774
2.7918500510401993
2.859488362065625
2.9271266730910503
2.994764984116476
3.0624032951419013
3.130041606167327
3.1976799171927524
3.265318228218178
3.3329565392436034
3.400594850269029
3.4682331612944544
3.53587147231988
3.6035097833453054
3.671148094370731
3.7387864053961564
3.806424716421582
3.8740630274470074
3.941701338472433
4.009339649497859
4.076977960523284
4.14461627154871
4.212254582574135
4.279892893599561
4.347531204624986
4.415169515650412
4.482807826675837
4.550446137701263
4.618084448726688
4.685722759752114
4.753361070777539
4.820999381802965
4.88863769282839
4.956276003853816
5.023914314879241
5.091552625904667
5.159190936930092
5.226829247955518
5.294467558980943
5.362105870006369
5.429744181031794
5.49738249205722
5.565020803082645
5.632659114108071
5.700297425133496
5.767935736158922
5.835574047184347
5.903212358209773
5.970850669235198
6.038488980260624
6.106127291286049
6.173765602311475
6.2414039133369
6.309042224362326
6.376680535387751
6.444318846413177
6.511957157438602
6.579595468464028
6.647233779489453
6.714872090514879
6.782510401540304
6.85014871256573
6.917787023591155
6.985425334616581
7.053063645642006
7.120701956667432
7.188340267692857
7.255978578718283
7.323616889743708
7.391255200769134
7.458893511794559
7.526531822819985
7.59417013384541
7.661808444870836
7.729446755896261
7.661808444875144
7.594170133849718
7.526531822824293
7.458893511798867
7.391255200773442
7.323616889748016
7.2559785787225906
7.188340267697165
7.1207019566717396
7.053063645646314
6.9854253346208885
6.917787023595463
6.8501487125700375
6.782510401544612
6.7148720905191865
6.647233779493761
6.5795954684683355
6.51195715744291
6.4443188464174845
6.376680535392059
6.3090422243666335
6.241403913341208
6.1737656023157825
6.106127291290357
6.0384889802649315
5.970850669239506
5.9032123582140805
5.835574047188655
5.7679357361632295
5.700297425137804
5.6326591141123785
5.565020803086953
5.4973824920615275
5.429744181036102
5.3621058700106765
5.294467558985251
5.2268292479598255
5.1591909369344
5.0915526259089745
5.023914314883549
4.9562760038581235
4.888637692832698
4.8209993818072725
4.753361070781847
4.6857227597564215
4.618084448730996
4.5504461377055705
4.482807826680145
4.4151695156547195
4.347531204629294
4.2798928936038685
4.212254582578443
4.1446162715530175
4.076977960527592
4.0093396495021665
3.941701338476741
3.8740630274513155
3.80642471642589
3.7387864054004645
3.671148094375039
3.6035097833496135
3.535871472324188
3.4682331612987625
3.400594850273337
3.3329565392479115
3.265318228222486
3.1976799171970605
3.130041606171635
3.0624032951462095
2.994764984120784
2.9271266730953585
2.859488362069933
2.7918500510445075
2.724211740019082
2.6565734289936564
2.588935117968231
2.5212968069428054
2.45365849591738
2.5212968069381265
2.588935117963552
2.6565734289889775
2.724211740014403
2.7918500510398285
2.859488362065254
2.9271266730906795
2.994764984116105
3.0624032951415305
3.130041606166956
3.1976799171923815
3.265318228217807
3.3329565392432325
3.400594850268658
3.4682331612940835
3.535871472319509
3.6035097833449345
3.67114809437036
3.7387864053957856
3.806424716421211
3.8740630274466366
3.941701338472062
4.009339649497488
4.076977960522913
4.144616271548339
4.212254582573764
4.27989289359919
4.347531204624615
4.415169515650041
4.482807826675466
4.550446137700892
4.618084448726317
4.685722759751743
4.753361070777168
4.820999381802594
4.888637692828019
4.956276003853445
5.02391431487887
5.091552625904296
5.159190936929721
5.226829247955147
5.294467558980572
5.362105870005998
5.429744181031423
5.497382492056849
5.565020803082274
5.6326591141077
5.700297425133125
5.767935736158551
5.835574047183976
5.903212358209402
5.970850669234827
6.038488980260253
6.106127291285678
6.173765602311104
6.241403913336529
6.309042224361955
6.37668053538738
6.444318846412806
6.511957157438231
6.579595468463657
6.647233779489082
6.714872090514508
6.782510401539933
6.850148712565359
6.917787023590784
6.98542533461621
7.053063645641635
7.120701956667061
7.188340267692486
7.255978578717912
7.323616889743337
7.391255200768763
7.458893511794188
7.526531822819614
7.594170133845039
7.661808444870465
7.72944675589589
7.797085066921316
7.729446755900903
7.6618084448754775
7.594170133850052
7.5265318228246265
7.458893511799201
7.3912552007737755
7.32361688974835
7.2559785787229245
7.188340267697499
7.1207019566720735
7.053063645646648
6.9854253346212225
6.917787023595797
6.8501487125703715
6.782510401544946
6.7148720905195205
6.647233779494095
6.5795954684686695
6.511957157443244
6.4443188464178185
6.376680535392393
6.3090422243669675
6.241403913341542
6.1737656023161165
6.106127291290691
6.0384889802652655
5.97085066923984
5.9032123582144145
5.835574047188989
5.7679357361635635
5.700297425138138
5.6326591141127125
5.565020803087287
5.4973824920618615
5.429744181036436
5.3621058700110105
5.294467558985585
5.2268292479601595
5.159190936934734
5.0915526259093085
5.023914314883883
4.9562760038584575
4.888637692833032
4.8209993818076065
4.753361070782181
4.6857227597567555
4.61808444873133
4.5504461377059044
4.482807826680479
4.4151695156550534
4.347531204629628
4.279892893604202
4.212254582578777
4.144616271553351
4.076977960527926
4.0093396495025
3.941701338477075
3.8740630274516494
3.806424716426224
3.7387864054007984
3.671148094375373
3.6035097833499474
3.535871472324522
3.4682331612990964
3.400594850273671
3.3329565392482454
3.26531822822282
3.1976799171973944
3.130041606171969
3.0624032951465434
2.994764984121118
2.9271266730956924
2.859488362070267
2.7918500510448414
2.724211740019416
2.6565734289939904
2.588935117968565
2.5212968069431394
2.5889351179631803
2.656573428988606
2.7242117400140313
2.791850051039457
2.8594883620648823
2.927126673090308
2.9947649841157333
3.062403295141159
3.1300416061665843
3.19767991719201
3.2653182282174353
3.332956539242861
3.4005948502682863
3.468233161293712
3.5358714723191373
3.603509783344563
3.6711480943699883
3.738786405395414
3.8064247164208393
3.874063027446265
3.9417013384716904
4.009339649497116
4.076977960522542
4.144616271547967
4.212254582573393
4.279892893598818
4.347531204624244
4.415169515649669
4.482807826675095
4.55044613770052
4.618084448725946
4.685722759751371
4.753361070776797
4.820999381802222
4.888637692827648
4.956276003853073
5.023914314878499
5.091552625903924
5.15919093692935
5.226829247954775
5.294467558980201
5.362105870005626
5.429744181031052
5.497382492056477
5.565020803081903
5.632659114107328
5.700297425132754
5.767935736158179
5.835574047183605
5.90321235820903
5.970850669234456
6.038488980259881
6.106127291285307
6.173765602310732
6.241403913336158
6.309042224361583
6.376680535387009
6.444318846412434
6.51195715743786
6.579595468463285
6.647233779488711
6.714872090514136
6.782510401539562
6.850148712564987
6.917787023590413
6.985425334615838
7.053063645641264
7.120701956666689
7.188340267692115
7.25597857871754
7.323616889742966
7.391255200768391
7.458893511793817
7.526531822819242
7.594170133844668
7.661808444870093
7.729446755895519
7.797085066920944
7.86472337794637
7.797085066926663
7.729446755901238
7.661808444875812
7.594170133850387
7.526531822824961
7.458893511799536
7.39125520077411
7.323616889748685
7.255978578723259
7.188340267697834
7.120701956672408
7.053063645646983
6.985425334621557
6.917787023596132
6.850148712570706
6.782510401545281
6.714872090519855
6.64723377949443
6.579595468469004
6.511957157443579
6.444318846418153
6.376680535392728
6.309042224367302
6.241403913341877
6.173765602316451
6.106127291291026
6.0384889802656
5.970850669240175
5.903212358214749
5.835574047189324
5.767935736163898
5.700297425138473
5.632659114113047
5.565020803087622
5.497382492062196
5.429744181036771
5.362105870011345
5.29446755898592
5.226829247960494
5.159190936935069
5.091552625909643
5.023914314884218
4.956276003858792
4.888637692833367
4.820999381807941
4.753361070782516
4.68572275975709
4.618084448731665
4.550446137706239
4.482807826680814
4.415169515655388
4.347531204629963
4.279892893604537
4.212254582579112
4.144616271553686
4.076977960528261
4.009339649502835
3.9417013384774098
3.8740630274519843
3.8064247164265588
3.7387864054011333
3.6711480943757078
3.6035097833502823
3.5358714723248568
3.4682331612994313
3.4005948502740058
3.3329565392485803
3.2653182282231548
3.1976799171977293
3.1300416061723038
3.0624032951468783
2.9947649841214528
2.9271266730960273
2.8594883620706018
2.7918500510451763
2.7242117400197507
2.6565734289943252
2.5889351179688997
2.656573428988235
2.7242117400136605
2.791850051039086
2.8594883620645115
2.927126673089937
2.9947649841153625
3.062403295140788
3.1300416061662135
3.197679917191639
3.2653182282170645
3.33295653924249
3.4005948502679155
3.468233161293341
3.5358714723187665
3.603509783344192
3.6711480943696175
3.738786405395043
3.8064247164204685
3.874063027445894
3.9417013384713195
4.009339649496745
4.0769779605221705
4.144616271547596
4.2122545825730215
4.279892893598447
4.3475312046238725
4.415169515649298
4.4828078266747236
4.550446137700149
4.6180844487255746
4.685722759751
4.753361070776426
4.820999381801851
4.888637692827277
4.956276003852702
5.023914314878128
5.091552625903553
5.159190936928979
5.226829247954404
5.29446755897983
5.362105870005255
5.429744181030681
5.497382492056106
5.565020803081532
5.632659114106957
5.700297425132383
5.767935736157808
5.835574047183234
5.903212358208659
5.970850669234085
6.03848898025951
6.106127291284936
6.173765602310361
6.241403913335787
6.309042224361212
6.376680535386638
6.444318846412063
6.511957157437489
6.579595468462914
6.64723377948834
6.714872090513765
6.782510401539191
6.850148712564616
6.917787023590042
6.985425334615467
7.053063645640893
7.120701956666318
7.188340267691744
7.255978578717169
7.323616889742595
7.39125520076802
7.458893511793446
7.526531822818871
7.594170133844297
7.661808444869722
7.729446755895148
7.797085066920573
7.864723377945999
7.932361688971424
7.864723377950603
7.797085066925177
7.729446755899752
7.661808444874326
7.594170133848901
7.526531822823475
7.45889351179805
7.391255200772624
7.323616889747199
7.255978578721773
7.188340267696348
7.120701956670922
7.053063645645497
6.985425334620071
6.917787023594646
6.85014871256922
6.782510401543795
6.714872090518369
6.647233779492944
6.579595468467518
6.511957157442093
6.444318846416667
6.376680535391242
6.309042224365816
6.241403913340391
6.173765602314965
6.10612729128954
6.038488980264114
5.970850669238689
5.903212358213263
5.835574047187838
5.767935736162412
5.700297425136987
5.632659114111561
5.565020803086136
5.49738249206071
5.429744181035285
5.362105870009859
5.294467558984434
5.226829247959008
5.159190936933583
5.091552625908157
5.023914314882732
4.956276003857306
4.888637692831881
4.820999381806455
4.75336107078103
4.685722759755604
4.618084448730179
4.550446137704753
4.482807826679328
4.415169515653902
4.347531204628477
4.279892893603051
4.212254582577626
4.1446162715522
4.076977960526775
4.009339649501349
3.941701338475924
3.8740630274504984
3.806424716425073
3.7387864053996474
3.671148094374222
3.6035097833487963
3.535871472323371
3.4682331612979453
3.40059485027252
3.3329565392470943
3.265318228221669
3.1976799171962433
3.130041606170818
3.0624032951453923
2.994764984119967
2.9271266730945413
2.859488362069116
2.7918500510436903
2.724211740018265
2.6565734289928393
2.724211740016185
2.7918500510416107
2.859488362067036
2.9271266730924617
2.994764984117887
3.0624032951433127
3.130041606168738
3.1976799171941637
3.265318228219589
3.3329565392450147
3.40059485027044
3.4682331612958657
3.535871472321291
3.6035097833467167
3.671148094372142
3.7387864053975677
3.806424716422993
3.8740630274484187
3.941701338473844
4.00933964949927
4.076977960524696
4.144616271550121
4.212254582575547
4.279892893600972
4.347531204626398
4.415169515651823
4.482807826677249
4.550446137702674
4.6180844487281
4.685722759753525
4.753361070778951
4.820999381804376
4.888637692829802
4.956276003855227
5.023914314880653
5.091552625906078
5.159190936931504
5.226829247956929
5.294467558982355
5.36210587000778
5.429744181033206
5.497382492058631
5.565020803084057
5.632659114109482
5.700297425134908
5.767935736160333
5.835574047185759
5.903212358211184
5.97085066923661
6.038488980262035
6.106127291287461
6.173765602312886
6.241403913338312
6.309042224363737
6.376680535389163
6.444318846414588
6.511957157440014
6.579595468465439
6.647233779490865
6.71487209051629
6.782510401541716
6.850148712567141
6.917787023592567
6.985425334617992
7.053063645643418
7.120701956668843
7.188340267694269
7.255978578719694
7.32361688974512
7.391255200770545
7.458893511795971
7.526531822821396
7.594170133846822
7.661808444872247
7.729446755897673
7.797085066923098
7.864723377948524
7.932361688973949
7.999999999998855
7.93236168897343
7.864723377948004
7.797085066922579
7.729446755897153
7.661808444871728
7.594170133846302
7.526531822820877
7.458893511795451
7.391255200770026
7.3236168897446
7.255978578719175
7.188340267693749
7.120701956668324
7.053063645642898
6.985425334617473
6.917787023592047
6.850148712566622
6.782510401541196
6.714872090515771
6.647233779490345
6.57959546846492
6.511957157439494
6.444318846414069
6.376680535388643
6.309042224363218
6.241403913337792
6.173765602312367
6.106127291286941
6.038488980261516
5.97085066923609
5.903212358210665
5.835574047185239
5.767935736159814
5.700297425134388
5.632659114108963
5.565020803083537
5.497382492058112
5.429744181032686
5.362105870007261
5.294467558981835
5.22682924795641
5.159190936930984
5.091552625905559
5.023914314880133
4.956276003854708
4.888637692829282
4.820999381803857
4.753361070778431
4.685722759753006
4.61808444872758
4.550446137702155
4.482807826676729
4.4151695156513036
4.347531204625878
4.2798928936004526
4.212254582575027
4.1446162715496015
4.076977960524176
4.0093396494987505
3.941701338473325
3.8740630274478995
3.806424716422474
3.7387864053970485
3.671148094371623
3.6035097833461975
3.535871472320772
3.4682331612953465
3.400594850269921
3.3329565392444955
3.26531822821907
3.1976799171936445
3.130041606168219
3.0624032951427935
2.994764984117368
2.9271266730919425
2.859488362066517
2.7918500510410915
2.724211740018711
2.7918500510441366
2.859488362069562
2.9271266730949876
2.994764984120413
3.0624032951458386
3.130041606171264
3.1976799171966896
3.265318228222115
3.3329565392475407
3.400594850272966
3.4682331612983917
3.535871472323817
3.6035097833492427
3.671148094374668
3.7387864054000937
