4.919098963987854
4.838197927975708
4.757296891963562
4.676395855951416
4.59549481993927
4.514593783927124
4.433692747914978
4.352791711902832
4.271890675890686
4.19098963987854
4.1100886038663935
4.0291875678542475
3.948286531842102
3.8673854958299563
3.7864844598178107
3.705583423805665
3.6246823877935195
3.543781351781374
3.4628803157692283
3.3819792797570827
3.301078243744937
3.2201772077327915
3.139276171720646
3.0583751357085003
2.9774740996963547
2.896573063684209
2.8156720276720635
2.734770991659918
2.6538699556477723
2.5729689196356267
2.492067883623481
2.4111668476113355
2.33026581159919
2.2493647755870443
2.1684637395748987
2.087562703562753
2.0066616675506075
2.0
2.0
2.0
2.0
2.0
2.0
2.0
2.0
2.0
2.0
2.0
2.0
2.0
2.0
2.0
2.0
2.0
2.0
2.0
2.0
2.0
2.0
2.0
2.0
2.0
2.0
2.0
2.0
2.0
2.0
2.0
2.0
2.0
2.0
2.0
2.0
2.0
2.0
2.0
2.0
2.0
2.0
2.05820838231878
2.1164167646375596
2.1746251469563393
2.232833529275119
2.291041911593899
2.3492502939126787
2.4074586762314585
2.4656670585502383
2.523875440869018
2.582083823187798
2.6402922055065776
2.6985005878253574
2.756708970144137
2.814917352462917
2.8731257347816967
2.9313341171004765
2.9895424994192563
3.047750881738036
3.105959264056816
3.1641676463755957
3.2223760286943754
3.2805844110131552
3.338792793331935
3.397001175650715
3.4552095579694946
3.5134179402882744
3.571626322607054
3.629834704925834
3.6880430872446137
3.7462514695633935
3.8044598518821733
3.862668234200953
3.920876616519733
3.9790849988385126
4.037293381157292
4.095501763476072
4.153710145794852
4.211918528113632
4.2701269104324115
4.328335292751191
4.386543675069971
4.444752057388751
4.502960439707531
4.5611688220263105
4.61937720434509
4.67758558666387
4.73579396898265
4.79400235130143
4.852210733620209
4.910419115938989
4.968627498257769
5.026835880576549
5.0850442628953285
5.143252645214108
5.201461027532888
5.259669409851668
5.317877792170448
5.376086174489227
5.434294556808007
5.492502939126787
5.550711321445567
5.608919703764347
5.667128086083126
5.725336468401906
5.783544850720686
5.841753233039466
5.8999616153582455
5.958169997677025
6.016378379995805
6.074586762314585
6.132795144633365
6.191003526952144
6.249211909270924
6.307420291589704
6.365628673908484
6.4238370562272635
6.482045438546043
6.540253820864823
6.598462203183578
6.517561167171432
6.436660131159286
6.35575909514714
6.274858059134994
6.193957023122848
6.113055987110702
6.032154951098556
5.95125391508641
5.870352879074264
5.789451843062118
5.7085508070499715
5.6276497710378255
5.5467487350256794
5.465847699013533
5.384946663001387
5.304045626989241
5.223144590977095
5.142243554964949
5.061342518952803
4.980441482940657
4.899540446928511
4.818639410916365
4.737738374904219
4.656837338892073
4.575936302879927
4.495035266867781
4.414134230855635
4.333233194843489
4.252332158831343
4.171431122819197
4.090530086807051
4.009629050794905
3.928728014782759
3.8478269787706134
3.766925942758468
3.686024906746322
3.6051238707341766
3.524222834722031
3.4433217987098854
3.36242076269774
3.281519726685594
3.2006186906734486
3.119717654661303
3.0388166186491574
2.957915582637012
2.877014546624866
2.7961135106127206
2.715212474600575
2.6343114385884294
2.553410402576284
2.4725093665641382
2.3916083305519926
2.310707294539847
2.2298062585277014
2.148905222515556
2.0680041865034102
2.0
2.0
2.0
2.0
2.0
2.0
2.0
2.0
2.0
2.0
2.0
2.0
2.0
2.0
2.0
2.0
2.0
2.0
2.0
2.0
2.0
2.0
2.058208382318639
2.116416764637419
2.1746251469561986
2.2328335292749784
2.291041911593758
2.349250293912538
2.4074586762313177
2.4656670585500975
2.5238754408688773
2.582083823187657
2.640292205506437
2.6985005878252166
2.7567089701439964
2.814917352462776
2.873125734781556
2.9313341171003358
2.9895424994191155
3.0477508817378953
3.105959264056675
3.164167646375455
3.2223760286942347
3.2805844110130145
3.3387927933317942
3.397001175650574
3.455209557969354
3.5134179402881336
3.5716263226069134
3.629834704925693
3.688043087244473
3.7462514695632527
3.8044598518820325
3.8626682342008123
3.920876616519592
3.979084998838372
4.037293381157152
4.095501763475932
4.153710145794712
4.211918528113491
4.270126910432271
4.328335292751051
4.386543675069831
4.444752057388611
4.50296043970739
4.56116882202617
4.61937720434495
4.67758558666373
4.7357939689825095
4.794002351301289
4.852210733620069
4.910419115938849
4.968627498257629
5.026835880576408
5.085044262895188
5.143252645213968
5.201461027532748
5.2596694098515275
5.317877792170307
5.376086174489087
5.434294556807867
5.492502939126647
5.5507113214454264
5.608919703764206
5.667128086082986
5.725336468401766
5.783544850720546
5.841753233039325
5.899961615358105
5.958169997676885
6.016378379995665
6.0745867623144445
6.132795144633224
6.191003526952004
6.249211909270784
6.307420291589564
6.365628673908343
6.423837056227123
6.482045438545903
6.540253820864683
6.5984622031834625
6.5175611671718405
6.4366601311596945
6.355759095147548
6.274858059135402
6.193957023123256
6.11305598711111
6.032154951098964
5.951253915086818
5.870352879074672
5.789451843062526
5.70855080705038
5.627649771038234
5.546748735026088
5.465847699013942
5.384946663001796
5.30404562698965
5.223144590977504
5.142243554965358
5.061342518953212
4.980441482941066
4.89954044692892
4.818639410916774
4.737738374904628
4.6568373388924815
4.5759363028803355
4.495035266868189
4.414134230856043
4.333233194843897
4.252332158831751
4.171431122819605
4.090530086807459
4.009629050795313
3.9287280147831676
3.847826978771022
3.7669259427588764
3.686024906746731
3.605123870734585
3.5242228347224396
3.443321798710294
3.3624207626981484
3.281519726686003
3.200618690673857
3.1197176546617116
3.038816618649566
2.9579155826374204
2.877014546625275
2.796113510613129
2.7152124746009836
2.634311438588838
2.5534104025766924
2.472509366564547
2.391608330552401
2.3107072945402556
2.22980625852811
2.1489052225159644
2.068004186503819
2.0
2.0
2.0
2.0
2.0
2.0
2.0
2.0
2.0
2.0
2.0
2.0
2.0
2.0
2.0
2.0
2.0
2.0
2.0
2.0
2.0
2.0
2.058208382317873
2.1164167646366527
2.1746251469554325
2.2328335292742123
2.291041911592992
2.349250293911772
2.4074586762305517
2.4656670585493314
2.523875440868111
2.582083823186891
2.640292205505671
2.6985005878244506
2.7567089701432304
2.81491735246201
2.87312573478079
2.9313341170995697
2.9895424994183495
3.0477508817371293
3.105959264055909
3.164167646374689
3.2223760286934686
3.2805844110122484
3.338792793331028
3.397001175649808
3.4552095579685878
3.5134179402873675
3.5716263226061473
3.629834704924927
3.688043087243707
3.7462514695624867
3.8044598518812665
3.8626682342000462
3.920876616518826
3.979084998837606
4.037293381156386
4.095501763475165
4.153710145793945
4.211918528112725
4.270126910431505
4.3283352927502845
4.386543675069064
4.444752057387844
4.502960439706624
4.561168822025404
4.619377204344183
4.677585586662963
4.735793968981743
4.794002351300523
4.8522107336193026
4.910419115938082
4.968627498256862
5.026835880575642
5.085044262894422
5.1432526452132015
5.201461027531981
5.259669409850761
5.317877792169541
5.376086174488321
5.4342945568071
5.49250293912588
5.55071132144466
5.60891970376344
5.6671280860822195
5.725336468400999
5.783544850719779
5.841753233038559
5.899961615357339
5.958169997676118
6.016378379994898
6.074586762313678
6.132795144632458
6.191003526951238
6.249211909270017
6.307420291588797
6.365628673907577
6.423837056226357
6.4820454385451365
6.540253820863916
6.598462203182696
6.51756116717182
6.436660131159674
6.355759095147528
6.274858059135382
6.193957023123236
6.11305598711109
6.032154951098944
5.951253915086798
5.870352879074652
5.789451843062506
5.70855080705036
5.627649771038214
5.546748735026068
5.4658476990139215
5.3849466630017755
5.3040456269896294
5.223144590977483
5.142243554965337
5.061342518953191
4.980441482941045
4.899540446928899
4.818639410916753
4.737738374904607
4.656837338892461
4.575936302880315
4.495035266868169
4.414134230856023
4.333233194843877
4.252332158831731
4.171431122819585
4.090530086807439
4.009629050795293
3.928728014783147
3.8478269787710015
3.766925942758856
3.6860249067467104
3.6051238707345648
3.524222834722419
3.4433217987102736
3.362420762698128
3.2815197266859824
3.2006186906738368
3.119717654661691
3.0388166186495456
2.9579155826374
2.8770145466252544
2.7961135106131088
2.715212474600963
2.6343114385888176
2.553410402576672
2.4725093665645264
2.3916083305523808
2.310707294540235
2.2298062585280896
2.148905222515944
2.0680041865037984
2.0
2.0
2.0
2.0
2.0
2.0
2.0
2.0
2.0
2.0
2.0
2.0
2.0
2.0
2.0
2.0
2.0
2.0
2.0
2.0
2.0
2.0
2.0582083823171273
2.116416764635907
2.174625146954687
2.2328335292734667
2.2910419115922465
2.3492502939110262
2.407458676229806
2.465667058548586
2.5238754408673656
2.5820838231861454
2.640292205504925
2.698500587823705
2.7567089701424847
2.8149173524612645
2.8731257347800443
2.931334117098824
2.989542499417604
3.0477508817363836
3.1059592640551634
3.164167646373943
3.222376028692723
3.2805844110115028
3.3387927933302826
3.3970011756490623
3.455209557967842
3.513417940286622
3.5716263226054017
3.6298347049241815
3.6880430872429613
3.746251469561741
3.804459851880521
3.8626682341993006
3.9208766165180804
3.97908499883686
4.03729338115564
4.09550176347442
4.1537101457932
4.21191852811198
4.2701269104307595
4.328335292749539
4.386543675068319
4.444752057387099
4.502960439705879
4.5611688220246585
4.619377204343438
4.677585586662218
4.735793968980998
4.794002351299778
4.852210733618557
4.910419115937337
4.968627498256117
5.026835880574897
5.0850442628936765
5.143252645212456
5.201461027531236
5.259669409850016
5.317877792168796
5.376086174487575
5.434294556806355
5.492502939125135
5.550711321443915
5.6089197037626946
5.667128086081474
5.725336468400254
5.783544850719034
5.841753233037814
5.8999616153565935
5.958169997675373
6.016378379994153
6.074586762312933
6.132795144631713
6.191003526950492
6.249211909269272
6.307420291588052
6.365628673906832
6.4238370562256115
6.482045438544391
6.540253820863171
6.598462203181951
6.5175611671718405
6.4366601311596945
6.355759095147548
6.274858059135402
6.193957023123256
6.11305598711111
6.032154951098964
5.951253915086818
5.870352879074672
5.789451843062526
5.70855080705038
5.627649771038234
5.546748735026088
5.465847699013942
5.384946663001796
5.30404562698965
5.223144590977504
5.142243554965358
5.061342518953212
4.980441482941066
4.89954044692892
4.818639410916774
4.737738374904628
4.6568373388924815
4.5759363028803355
4.495035266868189
4.414134230856043
4.333233194843897
4.252332158831751
4.171431122819605
4.090530086807459
4.009629050795313
3.9287280147831676
3.847826978771022
3.7669259427588764
3.686024906746731
3.605123870734585
3.5242228347224396
3.443321798710294
3.3624207626981484
3.281519726686003
3.200618690673857
3.1197176546617116
3.038816618649566
2.9579155826374204
2.877014546625275
2.796113510613129
2.7152124746009836
2.634311438588838
2.5534104025766924
2.472509366564547
2.391608330552401
2.3107072945402556
2.22980625852811
2.1489052225159644
2.068004186503819
2.0
2.0
2.0
2.0
2.0
2.0
2.0
2.0
2.0
2.0
2.0
2.0
2.0
2.0
2.0
2.0
2.0
2.0
2.0
2.0
2.0
2.0
2.0582083823163613
2.116416764635141
2.174625146953921
2.2328335292727006
2.2910419115914804
2.34925029391026
2.40745867622904
2.4656670585478198
2.5238754408665995
2.5820838231853793
2.640292205504159
2.698500587822939
2.7567089701417187
2.8149173524604985
2.8731257347792782
2.931334117098058
2.989542499416838
3.0477508817356176
3.1059592640543974
3.164167646373177
3.222376028691957
3.2805844110107367
3.3387927933295165
3.3970011756482963
3.455209557967076
3.513417940285856
3.5716263226046356
3.6298347049234154
3.688043087242195
3.746251469560975
3.8044598518797548
3.8626682341985346
3.9208766165173143
3.979084998836094
4.037293381154874
4.095501763473654
4.1537101457924335
4.211918528111213
4.270126910429993
4.328335292748773
4.386543675067553
4.444752057386332
4.502960439705112
4.561168822023892
4.619377204342672
4.6775855866614515
4.735793968980231
4.794002351299011
4.852210733617791
4.910419115936571
4.96862749825535
5.02683588057413
5.08504426289291
5.14325264521169
5.20146102753047
5.259669409849249
5.317877792168029
5.376086174486809
5.434294556805589
5.4925029391243685
5.550711321443148
5.608919703761928
5.667128086080708
5.725336468399488
5.783544850718267
5.841753233037047
5.899961615355827
5.958169997674607
6.0163783799933865
6.074586762312166
6.132795144630946
6.191003526949726
6.249211909268506
6.3074202915872855
6.365628673906065
6.423837056224845
6.482045438543625
6.540253820862405
6.598462203181184
6.5175611671718405
6.4366601311596945
6.355759095147548
6.274858059135402
6.193957023123256
6.11305598711111
6.032154951098964
5.951253915086818
5.870352879074672
5.789451843062526
5.70855080705038
5.627649771038234
5.546748735026088
5.465847699013942
5.384946663001796
5.30404562698965
5.223144590977504
5.142243554965358
5.061342518953212
4.980441482941066
4.89954044692892
4.818639410916774
4.737738374904628
4.6568373388924815
4.5759363028803355
4.495035266868189
4.414134230856043
4.333233194843897
4.252332158831751
4.171431122819605
4.090530086807459
4.009629050795313
3.9287280147831676
3.847826978771022
3.7669259427588764
3.686024906746731
3.605123870734585
3.5242228347224396
3.443321798710294
3.3624207626981484
3.281519726686003
3.200618690673857
3.1197176546617116
3.038816618649566
2.9579155826374204
2.877014546625275
2.796113510613129
2.7152124746009836
2.634311438588838
2.5534104025766924
2.472509366564547
2.391608330552401
2.3107072945402556
2.22980625852811
2.1489052225159644
2.068004186503819
2.0
2.0
2.0
2.0
2.0
2.0
2.0
2.0
2.0
2.0
2.0
2.0
2.0
2.0
2.0
2.0
2.0
2.0
2.0
2.0
2.0
2.0
2.058208382315595
2.116416764634375
2.174625146953155
2.2328335292719346
2.2910419115907144
2.349250293909494
2.407458676228274
2.4656670585470537
2.5238754408658335
2.5820838231846133
2.640292205503393
2.698500587822173
2.7567089701409526
2.8149173524597324
2.873125734778512
2.931334117097292
2.9895424994160718
3.0477508817348515
3.1059592640536313
3.164167646372411
3.222376028691191
3.2805844110099707
3.3387927933287505
3.3970011756475302
3.45520955796631
3.51341794028509
3.5716263226038696
3.6298347049226494
3.688043087241429
3.746251469560209
3.8044598518789887
3.8626682341977685
3.9208766165165483
3.979084998835328
4.037293381154108
4.095501763472888
4.153710145791668
4.211918528110448
4.270126910429227
4.328335292748007
4.386543675066787
4.444752057385567
4.502960439704347
4.561168822023126
4.619377204341906
4.677585586660686
4.735793968979466
4.7940023512982455
4.852210733617025
4.910419115935805
4.968627498254585
5.026835880573365
5.085044262892144
5.143252645210924
5.201461027529704
5.259669409848484
5.3178777921672635
5.376086174486043
5.434294556804823
5.492502939123603
5.550711321442383
5.6089197037611624
5.667128086079942
5.725336468398722
5.783544850717502
5.841753233036282
5.899961615355061
5.958169997673841
6.016378379992621
6.074586762311401
6.1327951446301805
6.19100352694896
6.24921190926774
6.30742029158652
6.3656286739053
6.423837056224079
6.482045438542859
6.540253820861639
6.598462203180419
6.51756116717182
6.436660131159674
6.355759095147528
6.274858059135382
6.193957023123236
6.11305598711109
6.032154951098944
5.951253915086798
5.870352879074652
5.789451843062506
5.70855080705036
5.627649771038214
5.546748735026068
5.4658476990139215
5.3849466630017755
5.3040456269896294
5.223144590977483
5.142243554965337
5.061342518953191
4.980441482941045
4.899540446928899
4.818639410916753
4.737738374904607
4.656837338892461
4.575936302880315
4.495035266868169
4.414134230856023
4.333233194843877
4.252332158831731
4.171431122819585
4.090530086807439
4.009629050795293
3.928728014783147
3.8478269787710015
3.766925942758856
3.6860249067467104
3.6051238707345648
3.524222834722419
3.4433217987102736
3.362420762698128
3.2815197266859824
3.2006186906738368
3.119717654661691
3.0388166186495456
2.9579155826374
2.8770145466252544
2.7961135106131088
2.715212474600963
2.6343114385888176
2.553410402576672
2.4725093665645264
2.3916083305523808
2.310707294540235
2.2298062585280896
2.148905222515944
2.0680041865037984
2.0
2.0
2.0
2.0
2.0
2.0
2.0
2.0
2.0
2.0
2.0
2.0
2.0
2.0
2.0
2.0
2.0
2.0
2.0
2.0
2.0
2.0
2.0
2.0582083823148296
2.1164167646336094
2.174625146952389
2.232833529271169
2.2910419115899487
2.3492502939087285
2.4074586762275083
2.465667058546288
2.523875440865068
2.5820838231838477
2.6402922055026274
2.6985005878214072
2.756708970140187
2.814917352458967
2.8731257347777466
2.9313341170965264
2.989542499415306
3.047750881734086
3.1059592640528657
3.1641676463716455
3.2223760286904253
3.280584411009205
3.338792793327985
3.3970011756467646
3.4552095579655444
3.513417940284324
3.571626322603104
3.6298347049218838
3.6880430872406635
3.7462514695594433
3.804459851878223
3.862668234197003
3.9208766165157827
3.9790849988345625
4.037293381153343
4.0955017634721225
4.153710145790902
4.211918528109682
4.270126910428462
4.328335292747242
4.386543675066021
4.444752057384801
4.502960439703581
4.561168822022361
4.6193772043411405
4.67758558665992
4.7357939689787
4.79400235129748
4.85221073361626
4.910419115935039
4.968627498253819
5.026835880572599
5.085044262891379
5.143252645210159
5.201461027528938
5.259669409847718
5.317877792166498
5.376086174485278
5.4342945568040575
5.492502939122837
5.550711321441617
5.608919703760397
5.667128086079177
5.725336468397956
5.783544850716736
5.841753233035516
5.899961615354296
5.9581699976730755
6.016378379991855
6.074586762310635
6.132795144629415
6.191003526948195
6.2492119092669745
6.307420291585754
6.365628673904534
6.423837056223314
6.482045438542094
6.540253820860873
6.459352784853041
6.378451748840895
6.297550712828749
6.216649676816603
6.135748640804457
6.054847604792311
5.973946568780165
5.893045532768019
5.812144496755873
5.731243460743727
5.650342424731581
5.569441388719435
5.488540352707289
5.407639316695143
5.326738280682997
5.2458372446708506
5.1649362086587045
5.0840351726465585
5.003134136634412
4.922233100622266
4.84133206461012
4.760431028597974
4.679529992585828
4.598628956573682
4.517727920561536
4.43682688454939
4.355925848537244
4.275024812525098
4.194123776512952
4.113222740500806
4.03232170448866
3.9514206684765143
3.8705196324643687
3.789618596452223
3.7087175604400775
3.627816524427932
3.5469154884157863
3.4660144524036407
3.385113416391495
3.3042123803793495
3.223311344367204
3.1424103083550583
3.0615092723429127
2.980608236330767
2.8997072003186215
2.818806164306476
2.7379051282943303
2.6570040922821847
2.576103056270039
2.4952020202578935
2.414300984245748
2.3333999482336023
2.2524989122214567
2.171597876209311
2.0906968401971655
2.00979580418502
2.0
2.0
2.0
2.0
2.0
2.0
2.0
2.0
2.0
2.0
2.0
2.0
2.0
2.0
2.0
2.0
2.0
2.0
2.0
2.0
2.0
2.0
2.0
2.058208382314104
2.1164167646328838
2.1746251469516635
2.2328335292704433
2.291041911589223
2.349250293908003
2.4074586762267827
2.4656670585455625
2.5238754408643422
2.582083823183122
2.640292205501902
2.6985005878206816
2.7567089701394614
2.814917352458241
2.873125734777021
2.9313341170958007
2.9895424994145805
3.0477508817333603
3.10595926405214
3.16416764637092
3.2223760286896996
3.2805844110084794
3.338792793327259
3.397001175646039
3.4552095579648188
3.5134179402835986
3.5716263226023783
3.629834704921158
3.688043087239938
3.7462514695587177
3.8044598518774975
3.8626682341962773
3.920876616515057
3.979084998833837
4.037293381152617
4.095501763471397
4.153710145790177
4.211918528108956
4.270126910427736
4.328335292746516
4.386543675065296
4.4447520573840755
4.502960439702855
4.561168822021635
4.619377204340415
4.677585586659195
4.7357939689779744
4.794002351296754
4.852210733615534
4.910419115934314
4.968627498253094
5.026835880571873
5.085044262890653
5.143252645209433
5.201461027528213
5.2596694098469925
5.317877792165772
5.376086174484552
5.434294556803332
5.492502939122112
5.550711321440891
5.608919703759671
5.667128086078451
5.725336468397231
5.7835448507160105
5.84175323303479
5.89996161535357
5.95816999767235
6.01637837999113
6.0745867623099095
6.132795144628689
6.191003526947469
6.249211909266249
6.307420291585029
6.365628673903808
6.423837056222588
6.482045438541368
6.540253820860148
6.459352784853081
6.378451748840935
6.297550712828789
6.216649676816643
6.135748640804497
6.054847604792351
5.973946568780205
5.893045532768059
5.812144496755913
5.731243460743767
5.650342424731621
5.569441388719475
5.488540352707329
5.407639316695183
5.326738280683037
5.2458372446708905
5.1649362086587445
5.084035172646598
5.003134136634452
4.922233100622306
4.84133206461016
4.760431028598014
4.679529992585868
4.598628956573722
4.517727920561576
4.43682688454943
4.355925848537284
4.275024812525138
4.194123776512992
4.113222740500846
4.0323217044887
3.9514206684765543
3.8705196324644087
3.789618596452263
3.7087175604401175
3.627816524427972
3.5469154884158263
3.4660144524036807
3.385113416391535
3.3042123803793895
3.223311344367244
3.1424103083550983
3.0615092723429527
2.980608236330807
2.8997072003186615
2.818806164306516
2.7379051282943703
2.6570040922822247
2.576103056270079
2.4952020202579335
2.414300984245788
2.3333999482336423
2.2524989122214967
2.171597876209351
2.0906968401972055
2.00979580418506
2.0
2.0
2.0
2.0
2.0
2.0
2.0
2.0
2.0
2.0
2.0
2.0
2.0
2.0
2.0
2.0
2.0
2.0
2.0
2.0
2.0
2.0
2.0
2.058208382313338
2.1164167646321177
2.1746251469508975
2.2328335292696773
2.291041911588457
2.349250293907237
2.4074586762260166
2.4656670585447964
2.523875440863576
2.582083823182356
2.6402922055011357
2.6985005878199155
2.7567089701386953
2.814917352457475
2.873125734776255
2.9313341170950347
2.9895424994138144
3.0477508817325942
3.105959264051374
3.164167646370154
3.2223760286889336
3.2805844110077134
3.338792793326493
3.397001175645273
3.4552095579640527
3.5134179402828325
3.5716263226016123
3.629834704920392
3.688043087239172
3.7462514695579516
3.8044598518767314
3.862668234195511
3.920876616514291
3.9790849988330708
4.0372933811518505
4.09550176347063
4.15371014578941
4.21191852810819
4.27012691042697
4.3283352927457495
4.386543675064529
4.444752057383309
4.502960439702089
4.561168822020869
4.619377204339648
4.677585586658428
4.735793968977208
4.794002351295988
4.8522107336147675
4.910419115933547
4.968627498252327
5.026835880571107
5.085044262889887
5.143252645208666
5.201461027527446
5.259669409846226
5.317877792165006
5.376086174483786
5.434294556802565
5.492502939121345
5.550711321440125
5.608919703758905
5.6671280860776845
5.725336468396464
5.783544850715244
5.841753233034024
5.899961615352804
5.958169997671583
6.016378379990363
6.074586762309143
6.132795144627923
6.1910035269467025
6.249211909265482
6.307420291584262
6.365628673903042
6.423837056221822
6.4820454385406014
6.540253820859381
6.45935278485308
6.378451748840934
6.297550712828788
6.216649676816642
6.135748640804496
6.05484760479235
5.973946568780204
5.893045532768058
5.812144496755912
5.731243460743766
5.65034242473162
5.569441388719474
5.488540352707328
5.407639316695182
5.326738280683036
5.24583724467089
5.164936208658744
5.0840351726465975
5.0031341366344515
4.9222331006223055
4.841332064610159
4.760431028598013
4.679529992585867
4.598628956573721
4.517727920561575
4.436826884549429
4.355925848537283
4.275024812525137
4.194123776512991
4.113222740500845
4.032321704488699
3.9514206684765534
3.8705196324644078
3.789618596452262
3.7087175604401166
3.627816524427971
3.5469154884158254
3.46601445240368
3.385113416391534
3.3042123803793886
3.223311344367243
3.1424103083550974
3.061509272342952
2.980608236330806
2.8997072003186606
2.818806164306515
2.7379051282943694
2.657004092282224
2.576103056270078
2.4952020202579326
2.414300984245787
2.3333999482336414
2.252498912221496
2.17159787620935
2.0906968401972046
2.009795804185059
2.0
2.0
2.0
2.0
2.0
2.0
2.0
2.0
2.0
2.0
2.0
2.0
2.0
2.0
2.0
2.0
2.0
2.0
2.0
2.0
2.0
2.0
2.0
2.0582083823125723
2.116416764631352
2.174625146950132
2.2328335292689117
2.2910419115876914
2.349250293906471
2.407458676225251
2.465667058544031
2.5238754408628106
2.5820838231815904
2.64029220550037
2.69850058781915
2.7567089701379297
2.8149173524567095
2.8731257347754893
2.931334117094269
2.989542499413049
3.0477508817318286
3.1059592640506084
3.164167646369388
3.222376028688168
3.2805844110069478
3.3387927933257275
3.3970011756445073
3.455209557963287
3.513417940282067
3.5716263226008467
3.6298347049196265
3.6880430872384062
3.746251469557186
3.804459851875966
3.8626682341947456
3.9208766165135254
3.979084998832305
4.037293381151085
4.095501763469865
4.1537101457886445
4.211918528107424
4.270126910426204
4.328335292744984
4.386543675063764
4.444752057382543
4.502960439701323
4.561168822020103
4.619377204338883
4.6775855866576626
4.735793968976442
4.794002351295222
4.852210733614002
4.910419115932782
4.9686274982515615
5.026835880570341
5.085044262889121
5.143252645207901
5.201461027526681
5.25966940984546
5.31787779216424
5.37608617448302
5.4342945568018
5.4925029391205795
5.550711321439359
5.608919703758139
5.667128086076919
5.725336468395699
5.783544850714478
5.841753233033258
5.899961615352038
5.958169997670818
6.016378379989598
6.074586762308377
6.132795144627157
6.191003526945937
6.249211909264717
6.3074202915834965
6.365628673902276
6.423837056221056
6.482045438539836
6.540253820858616
6.459352784853081
6.378451748840935
6.297550712828789
6.216649676816643
6.135748640804497
6.054847604792351
5.973946568780205
5.893045532768059
5.812144496755913
5.731243460743767
5.650342424731621
5.569441388719475
5.488540352707329
5.407639316695183
5.326738280683037
5.2458372446708905
5.1649362086587445
5.084035172646598
5.003134136634452
4.922233100622306
4.84133206461016
4.760431028598014
4.679529992585868
4.598628956573722
4.517727920561576
4.43682688454943
4.355925848537284
4.275024812525138
4.194123776512992
4.113222740500846
4.0323217044887
3.9514206684765543
3.8705196324644087
3.789618596452263
3.7087175604401175
3.627816524427972
3.5469154884158263
3.4660144524036807
3.385113416391535
3.3042123803793895
3.223311344367244
3.1424103083550983
3.0615092723429527
2.980608236330807
2.8997072003186615
2.818806164306516
2.7379051282943703
2.6570040922822247
2.576103056270079
2.4952020202579335
2.414300984245788
2.3333999482336423
2.2524989122214967
2.171597876209351
2.0906968401972055
2.00979580418506
2.0
2.0
2.0
2.0
2.0
2.0
2.0
2.0
2.0
2.0
2.0
2.0
2.0
2.0
2.0
2.0
2.0
2.0
2.0
2.0
2.0
2.0
2.0
2.0582083823137816
2.1164167646325613
2.174625146951341
2.232833529270121
2.2910419115889007
2.3492502939076805
2.4074586762264603
2.46566705854524
2.52387544086402
2.5820838231827996
2.6402922055015794
2.698500587820359
2.756708970139139
2.8149173524579187
2.8731257347766985
2.9313341170954783
2.989542499414258
3.047750881733038
3.1059592640518177
3.1641676463705974
3.2223760286893772
3.280584411008157
3.338792793326937
3.3970011756457166
3.4552095579644964
3.513417940283276
3.571626322602056
3.6298347049208357
3.6880430872396155
3.7462514695583953
3.804459851877175
3.862668234195955
3.9208766165147346
3.9790849988335144
4.037293381152295
4.095501763471074
4.153710145789854
4.211918528108634
4.270126910427414
4.3283352927461936
4.386543675064973
4.444752057383753
4.502960439702533
4.561168822021313
4.6193772043400925
4.677585586658872
4.735793968977652
4.794002351296432
4.852210733615212
4.910419115933991
4.968627498252771
5.026835880571551
5.085044262890331
5.1432526452091105
5.20146102752789
5.25966940984667
5.31787779216545
5.37608617448423
5.434294556803009
5.492502939121789
5.550711321440569
5.608919703759349
5.667128086078129
5.725336468396908
5.783544850715688
5.841753233034468
5.899961615353248
5.9581699976720275
6.016378379990807
6.074586762309587
6.132795144628367
6.191003526947147
6.249211909265926
6.307420291584706
6.365628673903486
6.423837056222266
6.4820454385410455
6.540253820859825
6.459352784849937
6.378451748837791
6.297550712825645
6.216649676813499
6.135748640801353
6.054847604789207
5.973946568777061
5.893045532764915
5.812144496752769
5.731243460740623
5.650342424728477
5.5694413887163305
5.4885403527041845
5.4076393166920385
5.326738280679892
5.245837244667746
5.1649362086556
5.084035172643454
5.003134136631308
4.922233100619162
4.841332064607016
4.76043102859487
4.679529992582724
4.598628956570578
4.517727920558432
4.436826884546286
4.35592584853414
4.275024812521994
4.194123776509848
4.113222740497702
4.032321704485556
3.95142066847341
3.8705196324612645
3.789618596449119
3.7087175604369733
3.6278165244248277
3.546915488412682
3.4660144524005365
3.385113416388391
3.3042123803762453
3.2233113443640997
3.142410308351954
3.0615092723398085
2.980608236327663
2.8997072003155173
2.8188061643033717
2.737905128291226
2.6570040922790805
2.576103056266935
2.4952020202547893
2.4143009842426437
2.333399948230498
2.2524989122183525
2.171597876206207
2.0906968401940613
2.0097958041819157
2.0
2.0
2.0
2.0
2.0
2.0
2.0
2.0
2.0
2.0
2.0
2.0
2.0
2.0
2.0
2.0
2.0
2.0
2.0
2.0
2.0
2.0
2.0
2.05820838231878
2.1164167646375596
2.1746251469563393
2.232833529275119
2.291041911593899
2.3492502939126787
2.4074586762314585
2.4656670585502383
2.523875440869018
2.582083823187798
2.6402922055065776
2.6985005878253574
2.756708970144137
2.814917352462917
2.8731257347816967
2.9313341171004765
2.9895424994192563
3.047750881738036
3.105959264056816
3.1641676463755957
3.2223760286943754
3.2805844110131552
3.338792793331935
3.397001175650715
3.4552095579694946
3.5134179402882744
3.571626322607054
3.629834704925834
3.6880430872446137
3.7462514695633935
3.8044598518821733
3.862668234200953
3.920876616519733
3.9790849988385126
4.037293381157292
4.095501763476072
4.153710145794852
4.211918528113632
4.2701269104324115
4.328335292751191
4.386543675069971
4.444752057388751
4.502960439707531
4.5611688220263105
4.61937720434509
4.67758558666387
4.73579396898265
4.79400235130143
4.852210733620209
4.910419115938989
4.968627498257769
5.026835880576549
5.0850442628953285
5.143252645214108
5.201461027532888
5.259669409851668
5.317877792170448
5.376086174489227
5.434294556808007
5.492502939126787
5.550711321445567
5.608919703764347
5.667128086083126
5.725336468401906
5.783544850720686
5.841753233039466
5.8999616153582455
5.958169997677025
6.016378379995805
6.074586762314585
6.132795144633365
6.191003526952144
6.249211909270924
6.307420291589704
6.365628673908484
6.4238370562272635
6.482045438546043
6.540253820861518
6.459352784849372
6.378451748837226
6.29755071282508
6.216649676812934
6.135748640800788
6.054847604788642
5.973946568776496
5.89304553276435
5.812144496752204
5.731243460740058
5.650342424727912
5.569441388715766
5.48854035270362
5.407639316691474
5.3267382806793275
