0 0.5
0.01 0.5
0.02 0.5
0.03 0.5
0.04 0.5
0.05 0.5
0.06 0.5
0.07 0.5
0.08 0.5
0.09 0.5
0.1 0.5
0.11 0.5
0.12 0.5
0.13 0.5
0.14 0.5
0.15 0.5
0.16 0.5
0.17 0.5
0.18 0.5
0.19 0.5
0.2 0.5
0.21 0.5
0.22 0.5
0.23 0.5
0.24 0.5
0.25 0.5
0.26 0.5
0.27 0.5
0.28 0.5
0.29 0.5
0.3 0.5
0.31 0.5
0.32 0.5
0.33 0.5
0.34 0.5
0.35 0.5
0.36 0.5
0.37 0.5
0.38 0.5
0.39 0.5
0.4 0.5
0.41 0.5
0.42 0.5
0.43 0.5
0.44 0.5
0.45 0.5
0.46 0.5
0.47 0.5
0.48 0.5
0.49 0.5
0.5 0.5
0.51 0.5
0.52 0.5
0.53 0.5
0.54 0.5
0.55 0.5
0.56 0.5
0.57 0.5
0.58 0.5
0.59 0.5
0.6 0.5
0.61 0.5
0.62 0.5
0.63 0.5
0.64 0.5
0.65 0.5
0.66 0.5
0.67 0.5
0.68 0.5
0.69 0.5
0.7 0.5
0.71 0.5
0.72 0.5
0.73 0.5
0.74 0.5
0.75 0.5
0.76 0.5
0.77 0.5
0.78 0.5
0.79 0.5
0.8 0.5
0.81 0.5
0.82 0.5
0.83 0.5
0.84 0.5
0.85 0.5
0.86 0.5
0.87 0.5
0.88 0.5
0.89 0.5
0.9 0.5
0.91 0.5
0.92 0.5
0.93 0.5
0.94 0.5
0.95 0.5
0.96 0.5
0.97 0.5
0.98 0.5
0.99 0.5
1 0.5
1.01 0.5
1.02 0.5
1.03 0.5
1.04 0.5
1.05 0.5
1.06 0.5
1.07 0.5
1.08 0.5
1.09 0.5
1.1 0.5
1.11 0.5
1.12 0.5
1.13 0.5
1.14 0.5
1.15 0.5
1.16 0.5
1.17 0.5
1.18 0.5
1.19 0.5
1.2 0.5
1.21 0.5
1.22 0.5
1.23 0.5
1.24 0.5
1.25 0.5
1.26 0.5
1.27 0.5
1.28 0.5
1.29 0.5
1.3 0.5
1.31 0.5
1.32 0.5
1.33 0.5
1.34 0.5
1.35 0.5
1.36 0.5
1.37 0.5
1.38 0.5
1.39 0.5
1.4 0.5
1.41 0.5
1.42 0.5
1.43 0.5
1.44 0.5
1.45 0.5
1.46 0.5
1.47 0.5
1.48 0.5
1.49 0.5
1.5 0.5
1.51 0.5
1.52 0.5
1.53 0.5
1.54 0.5
1.55 0.5
1.56 0.5
1.57 0.5
1.58 -0.5
1.59 -0.5
1.6 -0.5
1.61 -0.5
1.62 -0.5
1.63 -0.5
1.64 -0.5
1.65 -0.5
1.66 -0.5
1.67 -0.5
1.68 -0.5
1.69 -0.5
1.7 -0.5
1.71 -0.5
1.72 -0.5
1.73 -0.5
1.74 -0.5
1.75 -0.5
1.76 -0.5
1.77 -0.5
1.78 -0.5
1.79 -0.5
1.8 -0.5
1.81 -0.5
1.82 -0.5
1.83 -0.5
1.84 -0.5
1.85 -0.5
1.86 -0.5
1.87 -0.5
1.88 -0.5
1.89 -0.5
1.9 -0.5
1.91 -0.5
1.92 -0.5
1.93 -0.5
1.94 -0.5
1.95 -0.5
1.96 -0.5
1.97 -0.5
1.98 -0.5
1.99 -0.5
2 -0.5
2.01 -0.5
2.02 -0.5
2.03 -0.5
2.04 -0.5
2.05 -0.5
2.06 -0.5
2.07 -0.5
2.08 -0.5
2.09 -0.5
2.1 -0.5
2.11 -0.5
2.12 -0.5
2.13 -0.5
2.14 -0.5
2.15 -0.5
2.16 -0.5
2.17 -0.5
2.18 -0.5
2.19 -0.5
2.2 -0.5
2.21 -0.5
2.22 -0.5
2.23 -0.5
2.24 -0.5
2.25 -0.5
2.26 -0.5
2.27 -0.5
2.28 -0.5
2.29 -0.5
2.3 -0.5
2.31 -0.5
2.32 -0.5
2.33 -0.5
2.34 -0.5
2.35 -0.5
2.36 -0.5
2.37 -0.5
2.38 -0.5
2.39 -0.5
2.4 -0.5
2.41 -0.5
2.42 -0.5
2.43 -0.5
2.44 -0.5
2.45 -0.5
2.46 -0.5
2.47 -0.5
2.48 -0.5
2.49 -0.5
2.5 -0.5
2.51 -0.5
2.52 -0.5
2.53 -0.5
2.54 -0.5
2.55 -0.5
2.56 -0.5
2.57 -0.5
2.58 -0.5
2.59 -0.5
2.6 -0.5
2.61 -0.5
2.62 -0.5
2.63 -0.5
2.64 -0.5
2.65 -0.5
2.66 -0.5
2.67 -0.5
2.68 -0.5
2.69 -0.5
2.7 -0.5
2.71 -0.5
2.72 -0.5
2.73 -0.5
2.74 -0.5
2.75 -0.5
2.76 -0.5
2.77 -0.5
2.78 -0.5
2.79 -0.5
2.8 -0.5
2.81 -0.5
2.82 -0.5
2.83 -0.5
2.84 -0.5
2.85 -0.5
2.86 -0.5
2.87 -0.5
2.88 -0.5
2.89 -0.5
2.9 -0.5
2.91 -0.5
2.92 -0.5
2.93 -0.5
2.94 -0.5
2.95 -0.5
2.96 -0.5
2.97 -0.5
2.98 -0.5
2.99 -0.5
3 -0.5
3.01 -0.5
3.02 -0.5
3.03 -0.5
3.04 -0.5
3.05 -0.5
3.06 -0.5
3.07 -0.5
3.08 -0.5
3.09 -0.5
3.1 -0.5
3.11 -0.5
3.12 -0.5
3.13 -0.5
3.14 -0.5
3.15 0.5
3.16 0.5
3.17 0.5
3.18 0.5
3.19 0.5
3.2 0.5
3.21 0.5
3.22 0.5
3.23 0.5
3.24 0.5
3.25 0.5
3.26 0.5
3.27 0.5
3.28 0.5
3.29 0.5
3.3 0.5
3.31 0.5
3.32 0.5
3.33 0.5
3.34 0.5
3.35 0.5
3.36 0.5
3.37 0.5
3.38 0.5
3.39 0.5
3.4 0.5
3.41 0.5
3.42 0.5
3.43 0.5
3.44 0.5
3.45 0.5
3.46 0.5
3.47 0.5
3.48 0.5
3.49 0.5
3.5 0.5
3.51 0.5
3.52 0.5
3.53 0.5
3.54 0.5
3.55 0.5
3.56 0.5
3.57 0.5
3.58 0.5
3.59 0.5
3.6 0.5
3.61 0.5
3.62 0.5
3.63 0.5
3.64 0.5
3.65 0.5
3.66 0.5
3.67 0.5
3.68 0.5
3.69 0.5
3.7 0.5
3.71 0.5
3.72 0.5
3.73 0.5
3.74 0.5
3.75 0.5
3.76 0.5
3.77 0.5
3.78 0.5
3.79 0.5
3.8 0.5
3.81 0.5
3.82 0.5
3.83 0.5
3.84 0.5
3.85 0.5
3.86 0.5
3.87 0.5
3.88 0.5
3.89 0.5
3.9 0.5
3.91 0.5
3.92 0.5
3.93 0.5
3.94 0.5
3.95 0.5
3.96 0.5
3.97 0.5
3.98 0.5
3.99 0.5
4 0.5
4.01 0.5
4.02 0.5
4.03 0.5
4.04 0.5
4.05 0.5
4.06 0.5
4.07 0.5
4.08 0.5
4.09 0.5
4.1 0.5
4.11 0.5
4.12 0.5
4.13 0.5
4.14 0.5
4.15 0.5
4.16 0.5
4.17 0.5
4.18 0.5
4.19 0.5
4.2 0.5
4.21 0.5
4.22 0.5
4.23 0.5
4.24 0.5
4.25 0.5
4.26 0.5
4.27 0.5
4.28 0.5
4.29 0.5
4.3 0.5
4.31 0.5
4.32 0.5
4.33 0.5
4.34 0.5
4.35 0.5
4.36 0.5
4.37 0.5
4.38 0.5
4.39 0.5
4.4 0.5
4.41 0.5
4.42 0.5
4.43 0.5
4.44 0.5
4.45 0.5
4.46 0.5
4.47 0.5
4.48 0.5
4.49 0.5
4.5 0.5
4.51 0.5
4.52 0.5
4.53 0.5
4.54 0.5
4.55 0.5
4.56 0.5
4.57 0.5
4.58 0.5
4.59 0.5
4.6 0.5
4.61 0.5
4.62 0.5
4.63 0.5
4.64 0.5
4.65 0.5
4.66 0.5
4.67 0.5
4.68 0.5
4.69 0.5
4.7 0.5
4.71 0.5
4.72 -0.5
4.73 -0.5
4.74 -0.5
4.75 -0.5
4.76 -0.5
4.77 -0.5
4.78 -0.5
4.79 -0.5
4.8 -0.5
4.81 -0.5
4.82 -0.5
4.83 -0.5
4.84 -0.5
4.85 -0.5
4.86 -0.5
4.87 -0.5
4.88 -0.5
4.89 -0.5
4.9 -0.5
4.91 -0.5
4.92 -0.5
4.93 -0.5
4.94 -0.5
4.95 -0.5
4.96 -0.5
4.97 -0.5
4.98 -0.5
4.99 -0.5
5 -0.5
5.01 -0.5
5.02 -0.5
5.03 -0.5
5.04 -0.5
5.05 -0.5
5.06 -0.5
5.07 -0.5
5.08 -0.5
5.09 -0.5
5.1 -0.5
5.11 -0.5
5.12 -0.5
5.13 -0.5
5.14 -0.5
5.15 -0.5
5.16 -0.5
5.17 -0.5
5.18 -0.5
5.19 -0.5
5.2 -0.5
5.21 -0.5
5.22 -0.5
5.23 -0.5
5.24 -0.5
5.25 -0.5
5.26 -0.5
5.27 -0.5
5.28 -0.5
5.29 -0.5
5.3 -0.5
5.31 -0.5
5.32 -0.5
5.33 -0.5
5.34 -0.5
5.35 -0.5
5.36 -0.5
5.37 -0.5
5.38 -0.5
5.39 -0.5
5.4 -0.5
5.41 -0.5
5.42 -0.5
5.43 -0.5
5.44 -0.5
5.45 -0.5
5.46 -0.5
5.47 -0.5
5.48 -0.5
5.49 -0.5
5.5 -0.5
5.51 -0.5
5.52 -0.5
5.53 -0.5
5.54 -0.5
5.55 -0.5
5.56 -0.5
5.57 -0.5
5.58 -0.5
5.59 -0.5
5.6 -0.5
5.61 -0.5
5.62 -0.5
5.63 -0.5
5.64 -0.5
5.65 -0.5
5.66 -0.5
5.67 -0.5
5.68 -0.5
5.69 -0.5
5.7 -0.5
5.71 -0.5
5.72 -0.5
5.73 -0.5
5.74 -0.5
5.75 -0.5
5.76 -0.5
5.77 -0.5
5.78 -0.5
5.79 -0.5
5.8 -0.5
5.81 -0.5
5.82 -0.5
5.83 -0.5
5.84 -0.5
5.85 -0.5
5.86 -0.5
5.87 -0.5
5.88 -0.5
5.89 -0.5
5.9 -0.5
5.91 -0.5
5.92 -0.5
5.93 -0.5
5.94 -0.5
5.95 -0.5
5.96 -0.5
5.97 -0.5
5.98 -0.5
5.99 -0.5
6 -0.5
6.01 -0.5
6.02 -0.5
6.03 -0.5
6.04 -0.5
6.05 -0.5
6.06 -0.5
6.07 -0.5
6.08 -0.5
6.09 -0.5
6.1 -0.5
6.11 -0.5
6.12 -0.5
6.13 -0.5
6.14 -0.5
6.15 -0.5
6.16 -0.5
6.17 -0.5
6.18 -0.5
6.19 -0.5
6.2 -0.5
6.21 -0.5
6.22 -0.5
6.23 -0.5
6.24 -0.5
6.25 -0.5
6.26 -0.5
6.27 -0.5
6.28 -0.5
6.29 0.5
6.3 0.5
6.31 0.5
6.32 0.5
6.33 0.5
6.34 0.5
6.35 0.5
6.36 0.5
6.37 0.5
6.38 0.5
6.39 0.5
6.4 0.5
6.41 0.5
6.42 0.5
6.43 0.5
6.44 0.5
6.45 0.5
6.46 0.5
6.47 0.5
6.48 0.5
6.49 0.5
6.5 0.5
6.51 0.5
6.52 0.5
6.53 0.5
6.54 0.5
6.55 0.5
6.56 0.5
6.57 0.5
6.58 0.5
6.59 0.5
6.6 0.5
6.61 0.5
6.62 0.5
6.63 0.5
6.64 0.5
6.65 0.5
6.66 0.5
6.67 0.5
6.68 0.5
6.69 0.5
6.7 0.5
6.71 0.5
6.72 0.5
6.73 0.5
6.74 0.5
6.75 0.5
6.76 0.5
6.77 0.5
6.78 0.5
6.79 0.5
6.8 0.5
6.81 0.5
6.82 0.5
6.83 0.5
6.84 0.5
6.85 0.5
6.86 0.5
6.87 0.5
6.88 0.5
6.89 0.5
6.9 0.5
6.91 0.5
6.92 0.5
6.93 0.5
6.94 0.5
6.95 0.5
6.96 0.5
6.97 0.5
6.98 0.5
6.99 0.5
7 0.5
7.01 0.5
7.02 0.5
7.03 0.5
7.04 0.5
7.05 0.5
7.06 0.5
7.07 0.5
7.08 0.5
7.09 0.5
7.1 0.5
7.11 0.5
7.12 0.5
7.13 0.5
7.14 0.5
7.15 0.5
7.16 0.5
7.17 0.5
7.18 0.5
7.19 0.5
7.2 0.5
7.21 0.5
7.22 0.5
7.23 0.5
7.24 0.5
7.25 0.5
7.26 0.5
7.27 0.5
7.28 0.5
7.29 0.5
7.3 0.5
7.31 0.5
7.32 0.5
7.33 0.5
7.34 0.5
7.35 0.5
7.36 0.5
7.37 0.5
7.38 0.5
7.39 0.5
7.4 0.5
7.41 0.5
7.42 0.5
7.43 0.5
7.44 0.5
7.45 0.5
7.46 0.5
7.47 0.5
7.48 0.5
7.49 0.5
7.5 0.5
7.51 0.5
7.52 0.5
7.53 0.5
7.54 0.5
7.55 0.5
7.56 0.5
7.57 0.5
7.58 0.5
7.59 0.5
7.6 0.5
7.61 0.5
7.62 0.5
7.63 0.5
7.64 0.5
7.65 0.5
7.66 0.5
7.67 0.5
7.68 0.5
7.69 0.5
7.7 0.5
7.71 0.5
7.72 0.5
7.73 0.5
7.74 0.5
7.75 0.5
7.76 0.5
7.77 0.5
7.78 0.5
7.79 0.5
7.8 0.5
7.81 0.5
7.82 0.5
7.83 0.5
7.84 0.5
7.85 0.5
7.86 -0.5
7.87 -0.5
7.88 -0.5
7.89 -0.5
7.9 -0.5
7.91 -0.5
7.92 -0.5
7.93 -0.5
7.94 -0.5
7.95 -0.5
7.96 -0.5
7.97 -0.5
7.98 -0.5
7.99 -0.5
8 -0.5
8.01 -0.5
8.02 -0.5
8.03 -0.5
8.04 -0.5
8.05 -0.5
8.06 -0.5
8.07 -0.5
8.08 -0.5
8.09 -0.5
8.1 -0.5
8.11 -0.5
8.12 -0.5
8.13 -0.5
8.14 -0.5
8.15 -0.5
8.16 -0.5
8.17 -0.5
8.18 -0.5
8.19 -0.5
8.2 -0.5
8.21 -0.5
8.22 -0.5
8.23 -0.5
8.24 -0.5
8.25 -0.5
8.26 -0.5
8.27 -0.5
8.28 -0.5
8.29 -0.5
8.3 -0.5
8.31 -0.5
8.32 -0.5
8.33 -0.5
8.34 -0.5
8.35 -0.5
8.36 -0.5
8.37 -0.5
8.38 -0.5
8.39 -0.5
8.4 -0.5
8.41 -0.5
8.42 -0.5
8.43 -0.5
8.44 -0.5
8.45 -0.5
8.46 -0.5
8.47 -0.5
8.48 -0.5
8.49 -0.5
8.5 -0.5
8.51 -0.5
8.52 -0.5
8.53 -0.5
8.54 -0.5
8.55 -0.5
8.56 -0.5
8.57 -0.5
8.58 -0.5
8.59 -0.5
8.6 -0.5
8.61 -0.5
8.62 -0.5
8.63 -0.5
8.64 -0.5
8.65 -0.5
8.66 -0.5
8.67 -0.5
8.68 -0.5
8.69 -0.5
8.7 -0.5
8.71 -0.5
8.72 -0.5
8.73 -0.5
8.74 -0.5
8.75 -0.5
8.76 -0.5
8.77 -0.5
8.78 -0.5
8.79 -0.5
8.8 -0.5
8.81 -0.5
8.82 -0.5
8.83 -0.5
8.84 -0.5
8.85 -0.5
8.86 -0.5
8.87 -0.5
8.88 -0.5
8.89 -0.5
8.9 -0.5
8.91 -0.5
8.92 -0.5
8.93 -0.5
8.94 -0.5
8.95 -0.5
8.96 -0.5
8.97 -0.5
8.98 -0.5
8.99 -0.5
9 -0.5
9.01 -0.5
9.02 -0.5
9.03 -0.5
9.04 -0.5
9.05 -0.5
9.06 -0.5
9.07 -0.5
9.08 -0.5
9.09 -0.5
9.1 -0.5
9.11 -0.5
9.12 -0.5
9.13 -0.5
9.14 -0.5
9.15 -0.5
9.16 -0.5
9.17 -0.5
9.18 -0.5
9.19 -0.5
9.2 -0.5
9.21 -0.5
9.22 -0.5
9.23 -0.5
9.24 -0.5
9.25 -0.5
9.26 -0.5
9.27 -0.5
9.28 -0.5
9.29 -0.5
9.3 -0.5
9.31 -0.5
9.32 -0.5
9.33 -0.5
9.34 -0.5
9.35 -0.5
9.36 -0.5
9.37 -0.5
9.38 -0.5
9.39 -0.5
9.4 -0.5
9.41 -0.5
9.42 -0.5
9.43 0.5
9.44 0.5
9.45 0.5
9.46 0.5
9.47 0.5
9.48 0.5
9.49 0.5
9.5 0.5
9.51 0.5
9.52 0.5
9.53 0.5
9.54 0.5
9.55 0.5
9.56 0.5
9.57 0.5
9.58 0.5
9.59 0.5
9.6 0.5
9.61 0.5
9.62 0.5
9.63 0.5
9.64 0.5
9.65 0.5
9.66 0.5
9.67 0.5
9.68 0.5
9.69 0.5
9.7 0.5
9.71 0.5
9.72 0.5
9.73 0.5
9.74 0.5
9.75 0.5
9.76 0.5
9.77 0.5
9.78 0.5
9.79 0.5
9.8 0.5
9.81 0.5
9.82 0.5
9.83 0.5
9.84 0.5
9.85 0.5
9.86 0.5
9.87 0.5
9.88 0.5
9.89 0.5
9.9 0.5
9.91 0.5
9.92 0.5
9.93 0.5
9.94 0.5
9.95 0.5
9.96 0.5
9.97 0.5
9.98 0.5
9.99 0.5
10 0.5
10.01 0.5
10.02 0.5
10.03 0.5
10.04 0.5
10.05 0.5
10.06 0.5
10.07 0.5
10.08 0.5
10.09 0.5
10.1 0.5
10.11 0.5
10.12 0.5
10.13 0.5
10.14 0.5
10.15 0.5
10.16 0.5
10.17 0.5
10.18 0.5
10.19 0.5
10.2 0.5
10.21 0.5
10.22 0.5
10.23 0.5
10.24 0.5
10.25 0.5
10.26 0.5
10.27 0.5
10.28 0.5
10.29 0.5
10.3 0.5
10.31 0.5
10.32 0.5
10.33 0.5
10.34 0.5
10.35 0.5
10.36 0.5
10.37 0.5
10.38 0.5
10.39 0.5
10.4 0.5
10.41 0.5
10.42 0.5
10.43 0.5
10.44 0.5
10.45 0.5
10.46 0.5
10.47 0.5
10.48 0.5
10.49 0.5
10.5 0.5
10.51 0.5
10.52 0.5
10.53 0.5
10.54 0.5
10.55 0.5
10.56 0.5
10.57 0.5
10.58 0.5
10.59 0.5
10.6 0.5
10.61 0.5
10.62 0.5
10.63 0.5
10.64 0.5
10.65 0.5
10.66 0.5
10.67 0.5
10.68 0.5
10.69 0.5
10.7 0.5
10.71 0.5
10.72 0.5
10.73 0.5
10.74 0.5
10.75 0.5
10.76 0.5
10.77 0.5
10.78 0.5
10.79 0.5
10.8 0.5
10.81 0.5
10.82 0.5
10.83 0.5
10.84 0.5
10.85 0.5
10.86 0.5
10.87 0.5
10.88 0.5
10.89 0.5
10.9 0.5
10.91 0.5
10.92 0.5
10.93 0.5
10.94 0.5
10.95 0.5
10.96 0.5
10.97 0.5
10.98 0.5
10.99 0.5
11 -0.5
11.01 -0.5
11.02 -0.5
11.03 -0.5
11.04 -0.5
11.05 -0.5
11.06 -0.5
11.07 -0.5
11.08 -0.5
11.09 -0.5
11.1 -0.5
11.11 -0.5
11.12 -0.5
11.13 -0.5
11.14 -0.5
11.15 -0.5
11.16 -0.5
11.17 -0.5
11.18 -0.5
11.19 -0.5
11.2 -0.5
11.21 -0.5
11.22 -0.5
11.23 -0.5
11.24 -0.5
11.25 -0.5
11.26 -0.5
11.27 -0.5
11.28 -0.5
11.29 -0.5
11.3 -0.5
11.31 -0.5
11.32 -0.5
11.33 -0.5
11.34 -0.5
11.35 -0.5
11.36 -0.5
11.37 -0.5
11.38 -0.5
11.39 -0.5
11.4 -0.5
11.41 -0.5
11.42 -0.5
11.43 -0.5
11.44 -0.5
11.45 -0.5
11.46 -0.5
11.47 -0.5
11.48 -0.5
11.49 -0.5
11.5 -0.5
11.51 -0.5
11.52 -0.5
11.53 -0.5
11.54 -0.5
11.55 -0.5
11.56 -0.5
11.57 -0.5
11.58 -0.5
11.59 -0.5
11.6 -0.5
11.61 -0.5
11.62 -0.5
11.63 -0.5
11.64 -0.5
11.65 -0.5
11.66 -0.5
11.67 -0.5
11.68 -0.5
11.69 -0.5
11.7 -0.5
11.71 -0.5
11.72 -0.5
11.73 -0.5
11.74 -0.5
11.75 -0.5
11.76 -0.5
11.77 -0.5
11.78 -0.5
11.79 -0.5
11.8 -0.5
11.81 -0.5
11.82 -0.5
11.83 -0.5
11.84 -0.5
11.85 -0.5
11.86 -0.5
11.87 -0.5
11.88 -0.5
11.89 -0.5
11.9 -0.5
11.91 -0.5
11.92 -0.5
11.93 -0.5
11.94 -0.5
11.95 -0.5
11.96 -0.5
11.97 -0.5
11.98 -0.5
11.99 -0.5
12 -0.5
12.01 -0.5
12.02 -0.5
12.03 -0.5
12.04 -0.5
12.05 -0.5
12.06 -0.5
12.07 -0.5
12.08 -0.5
12.09 -0.5
12.1 -0.5
12.11 -0.5
12.12 -0.5
12.13 -0.5
12.14 -0.5
12.15 -0.5
12.16 -0.5
12.17 -0.5
12.18 -0.5
12.19 -0.5
12.2 -0.5
12.21 -0.5
12.22 -0.5
12.23 -0.5
12.24 -0.5
12.25 -0.5
12.26 -0.5
12.27 -0.5
12.28 -0.5
12.29 -0.5
12.3 -0.5
12.31 -0.5
12.32 -0.5
12.33 -0.5
12.34 -0.5
12.35 -0.5
12.36 -0.5
12.37 -0.5
12.38 -0.5
12.39 -0.5
12.4 -0.5
12.41 -0.5
12.42 -0.5
12.43 -0.5
12.44 -0.5
12.45 -0.5
12.46 -0.5
12.47 -0.5
12.48 -0.5
12.49 -0.5
12.5 -0.5
12.51 -0.5
12.52 -0.5
12.53 -0.5
12.54 -0.5
12.55 -0.5
12.56 -0.5
12.57 0.5
12.58 0.5
12.59 0.5
12.6 0.5
12.61 0.5
12.62 0.5
12.63 0.5
12.64 0.5
12.65 0.5
12.66 0.5
12.67 0.5
12.68 0.5
12.69 0.5
12.7 0.5
12.71 0.5
12.72 0.5
12.73 0.5
12.74 0.5
12.75 0.5
12.76 0.5
12.77 0.5
12.78 0.5
12.79 0.5
12.8 0.5
12.81 0.5
12.82 0.5
12.83 0.5
12.84 0.5
12.85 0.5
12.86 0.5
12.87 0.5
12.88 0.5
12.89 0.5
12.9 0.5
12.91 0.5
12.92 0.5
12.93 0.5
12.94 0.5
12.95 0.5
12.96 0.5
12.97 0.5
12.98 0.5
12.99 0.5
13 0.5
13.01 0.5
13.02 0.5
13.03 0.5
13.04 0.5
13.05 0.5
13.06 0.5
13.07 0.5
13.08 0.5
13.09 0.5
13.1 0.5
13.11 0.5
13.12 0.5
13.13 0.5
13.14 0.5
13.15 0.5
13.16 0.5
13.17 0.5
13.18 0.5
13.19 0.5
13.2 0.5
13.21 0.5
13.22 0.5
13.23 0.5
13.24 0.5
13.25 0.5
13.26 0.5
13.27 0.5
13.28 0.5
13.29 0.5
13.3 0.5
13.31 0.5
13.32 0.5
13.33 0.5
13.34 0.5
13.35 0.5
13.36 0.5
13.37 0.5
13.38 0.5
13.39 0.5
13.4 0.5
13.41 0.5
13.42 0.5
13.43 0.5
13.44 0.5
13.45 0.5
13.46 0.5
13.47 0.5
13.48 0.5
13.49 0.5
13.5 0.5
13.51 0.5
13.52 0.5
13.53 0.5
13.54 0.5
13.55 0.5
13.56 0.5
13.57 0.5
13.58 0.5
13.59 0.5
13.6 0.5
13.61 0.5
13.62 0.5
13.63 0.5
13.64 0.5
13.65 0.5
13.66 0.5
13.67 0.5
13.68 0.5
13.69 0.5
13.7 0.5
13.71 0.5
13.72 0.5
13.73 0.5
13.74 0.5
13.75 0.5
13.76 0.5
13.77 0.5
13.78 0.5
13.79 0.5
13.8 0.5
13.81 0.5
13.82 0.5
13.83 0.5
13.84 0.5
13.85 0.5
13.86 0.5
13.87 0.5
13.88 0.5
13.89 0.5
13.9 0.5
13.91 0.5
13.92 0.5
13.93 0.5
13.94 0.5
13.95 0.5
13.96 0.5
13.97 0.5
13.98 0.5
13.99 0.5
14 0.5
14.01 0.5
14.02 0.5
14.03 0.5
14.04 0.5
14.05 0.5
14.06 0.5
14.07 0.5
14.08 0.5
14.09 0.5
14.1 0.5
14.11 0.5
14.12 0.5
14.13 0.5
14.14 -0.5
14.15 -0.5
14.16 -0.5
14.17 -0.5
14.18 -0.5
14.19 -0.5
14.2 -0.5
14.21 -0.5
14.22 -0.5
14.23 -0.5
14.24 -0.5
14.25 -0.5
14.26 -0.5
14.27 -0.5
14.28 -0.5
14.29 -0.5
14.3 -0.5
14.31 -0.5
14.32 -0.5
14.33 -0.5
14.34 -0.5
14.35 -0.5
14.36 -0.5
14.37 -0.5
14.38 -0.5
14.39 -0.5
14.4 -0.5
14.41 -0.5
14.42 -0.5
14.43 -0.5
14.44 -0.5
14.45 -0.5
14.46 -0.5
14.47 -0.5
14.48 -0.5
14.49 -0.5
14.5 -0.5
14.51 -0.5
14.52 -0.5
14.53 -0.5
14.54 -0.5
14.55 -0.5
14.56 -0.5
14.57 -0.5
14.58 -0.5
14.59 -0.5
14.6 -0.5
14.61 -0.5
14.62 -0.5
14.63 -0.5
14.64 -0.5
14.65 -0.5
14.66 -0.5
14.67 -0.5
14.68 -0.5
14.69 -0.5
14.7 -0.5
14.71 -0.5
14.72 -0.5
14.73 -0.5
14.74 -0.5
14.75 -0.5
14.76 -0.5
14.77 -0.5
14.78 -0.5
14.79 -0.5
14.8 -0.5
14.81 -0.5
14.82 -0.5
14.83 -0.5
14.84 -0.5
14.85 -0.5
14.86 -0.5
14.87 -0.5
14.88 -0.5
14.89 -0.5
14.9 -0.5
14.91 -0.5
14.92 -0.5
14.93 -0.5
14.94 -0.5
14.95 -0.5
14.96 -0.5
14.97 -0.5
14.98 -0.5
14.99 -0.5
15 -0.5
15.01 -0.5
15.02 -0.5
15.03 -0.5
15.04 -0.5
15.05 -0.5
15.06 -0.5
15.07 -0.5
15.08 -0.5
15.09 -0.5
15.1 -0.5
15.11 -0.5
15.12 -0.5
15.13 -0.5
15.14 -0.5
15.15 -0.5
15.16 -0.5
15.17 -0.5
15.18 -0.5
15.19 -0.5
15.2 -0.5
15.21 -0.5
15.22 -0.5
15.23 -0.5
15.24 -0.5
15.25 -0.5
15.26 -0.5
15.27 -0.5
15.28 -0.5
15.29 -0.5
15.3 -0.5
15.31 -0.5
15.32 -0.5
15.33 -0.5
15.34 -0.5
15.35 -0.5
15.36 -0.5
15.37 -0.5
15.38 -0.5
15.39 -0.5
15.4 -0.5
15.41 -0.5
15.42 -0.5
15.43 -0.5
15.44 -0.5
15.45 -0.5
15.46 -0.5
15.47 -0.5
15.48 -0.5
15.49 -0.5
15.5 -0.5
15.51 -0.5
15.52 -0.5
15.53 -0.5
15.54 -0.5
15.55 -0.5
15.56 -0.5
15.57 -0.5
15.58 -0.5
15.59 -0.5
15.6 -0.5
15.61 -0.5
15.62 -0.5
15.63 -0.5
15.64 -0.5
15.65 -0.5
15.66 -0.5
15.67 -0.5
15.68 -0.5
15.69 -0.5
15.7 -0.5
15.71 0.5
15.72 0.5
15.73 0.5
15.74 0.5
15.75 0.5
15.76 0.5
15.77 0.5
15.78 0.5
15.79 0.5
15.8 0.5
15.81 0.5
15.82 0.5
15.83 0.5
15.84 0.5
15.85 0.5
15.86 0.5
15.87 0.5
15.88 0.5
15.89 0.5
15.9 0.5
15.91 0.5
15.92 0.5
15.93 0.5
15.94 0.5
15.95 0.5
15.96 0.5
15.97 0.5
15.98 0.5
15.99 0.5
16 0.5
16.01 0.5
16.02 0.5
16.03 0.5
16.04 0.5
16.05 0.5
16.06 0.5
16.07 0.5
16.08 0.5
16.09 0.5
16.1 0.5
16.11 0.5
16.12 0.5
16.13 0.5
16.14 0.5
16.15 0.5
16.16 0.5
16.17 0.5
16.18 0.5
16.19 0.5
16.2 0.5
16.21 0.5
16.22 0.5
16.23 0.5
16.24 0.5
16.25 0.5
16.26 0.5
16.27 0.5
16.28 0.5
16.29 0.5
16.3 0.5
16.31 0.5
16.32 0.5
16.33 0.5
16.34 0.5
16.35 0.5
16.36 0.5
16.37 0.5
16.38 0.5
16.39 0.5
16.4 0.5
16.41 0.5
16.42 0.5
16.43 0.5
16.44 0.5
16.45 0.5
16.46 0.5
16.47 0.5
16.48 0.5
16.49 0.5
16.5 0.5
16.51 0.5
16.52 0.5
16.53 0.5
16.54 0.5
16.55 0.5
16.56 0.5
16.57 0.5
16.58 0.5
16.59 0.5
16.6 0.5
16.61 0.5
16.62 0.5
16.63 0.5
16.64 0.5
16.65 0.5
16.66 0.5
16.67 0.5
16.68 0.5
16.69 0.5
16.7 0.5
16.71 0.5
16.72 0.5
16.73 0.5
16.74 0.5
16.75 0.5
16.76 0.5
16.77 0.5
16.78 0.5
16.79 0.5
16.8 0.5
16.81 0.5
16.82 0.5
16.83 0.5
16.84 0.5
16.85 0.5
16.86 0.5
16.87 0.5
16.88 0.5
16.89 0.5
16.9 0.5
16.91 0.5
16.92 0.5
16.93 0.5
16.94 0.5
16.95 0.5
16.96 0.5
16.97 0.5
16.98 0.5
16.99 0.5
17 0.5
17.01 0.5
17.02 0.5
17.03 0.5
17.04 0.5
17.05 0.5
17.06 0.5
17.07 0.5
17.08 0.5
17.09 0.5
17.1 0.5
17.11 0.5
17.12 0.5
17.13 0.5
17.14 0.5
17.15 0.5
17.16 0.5
17.17 0.5
17.18 0.5
17.19 0.5
17.2 0.5
17.21 0.5
17.22 0.5
17.23 0.5
17.24 0.5
17.25 0.5
17.26 0.5
17.27 0.5
17.28 -0.5
17.29 -0.5
17.3 -0.5
17.31 -0.5
17.32 -0.5
17.33 -0.5
17.34 -0.5
17.35 -0.5
17.36 -0.5
17.37 -0.5
17.38 -0.5
17.39 -0.5
17.4 -0.5
17.41 -0.5
17.42 -0.5
17.43 -0.5
17.44 -0.5
17.45 -0.5
17.46 -0.5
17.47 -0.5
17.48 -0.5
17.49 -0.5
17.5 -0.5
17.51 -0.5
17.52 -0.5
17.53 -0.5
17.54 -0.5
17.55 -0.5
17.56 -0.5
17.57 -0.5
17.58 -0.5
17.59 -0.5
17.6 -0.5
17.61 -0.5
17.62 -0.5
17.63 -0.5
17.64 -0.5
17.65 -0.5
17.66 -0.5
17.67 -0.5
17.68 -0.5
17.69 -0.5
17.7 -0.5
17.71 -0.5
17.72 -0.5
17.73 -0.5
17.74 -0.5
17.75 -0.5
17.76 -0.5
17.77 -0.5
17.78 -0.5
17.79 -0.5
17.8 -0.5
17.81 -0.5
17.82 -0.5
17.83 -0.5
17.84 -0.5
17.85 -0.5
17.86 -0.5
17.87 -0.5
17.88 -0.5
17.89 -0.5
17.9 -0.5
17.91 -0.5
17.92 -0.5
17.93 -0.5
17.94 -0.5
17.95 -0.5
17.96 -0.5
17.97 -0.5
17.98 -0.5
17.99 -0.5
18 -0.5
18.01 -0.5
18.02 -0.5
18.03 -0.5
18.04 -0.5
18.05 -0.5
18.06 -0.5
18.07 -0.5
18.08 -0.5
18.09 -0.5
18.1 -0.5
18.11 -0.5
18.12 -0.5
18.13 -0.5
18.14 -0.5
18.15 -0.5
18.16 -0.5
18.17 -0.5
18.18 -0.5
18.19 -0.5
18.2 -0.5
18.21 -0.5
18.22 -0.5
18.23 -0.5
18.24 -0.5
18.25 -0.5
18.26 -0.5
18.27 -0.5
18.28 -0.5
18.29 -0.5
18.3 -0.5
18.31 -0.5
18.32 -0.5
18.33 -0.5
18.34 -0.5
18.35 -0.5
18.36 -0.5
18.37 -0.5
18.38 -0.5
18.39 -0.5
18.4 -0.5
18.41 -0.5
18.42 -0.5
18.43 -0.5
18.44 -0.5
18.45 -0.5
18.46 -0.5
18.47 -0.5
18.48 -0.5
18.49 -0.5
18.5 -0.5
18.51 -0.5
18.52 -0.5
18.53 -0.5
18.54 -0.5
18.55 -0.5
18.56 -0.5
18.57 -0.5
18.58 -0.5
18.59 -0.5
18.6 -0.5
18.61 -0.5
18.62 -0.5
18.63 -0.5
18.64 -0.5
18.65 -0.5
18.66 -0.5
18.67 -0.5
18.68 -0.5
18.69 -0.5
18.7 -0.5
18.71 -0.5
18.72 -0.5
18.73 -0.5
18.74 -0.5
18.75 -0.5
18.76 -0.5
18.77 -0.5
18.78 -0.5
18.79 -0.5
18.8 -0.5
18.81 -0.5
18.82 -0.5
18.83 -0.5
18.84 -0.5
18.85 0.5
18.86 0.5
18.87 0.5
18.88 0.5
18.89 0.5
18.9 0.5
18.91 0.5
18.92 0.5
18.93 0.5
18.94 0.5
18.95 0.5
18.96 0.5
18.97 0.5
18.98 0.5
18.99 0.5
19 0.5
19.01 0.5
19.02 0.5
19.03 0.5
19.04 0.5
19.05 0.5
19.06 0.5
19.07 0.5
19.08 0.5
19.09 0.5
19.1 0.5
19.11 0.5
19.12 0.5
19.13 0.5
19.14 0.5
19.15 0.5
19.16 0.5
19.17 0.5
19.18 0.5
19.19 0.5
19.2 0.5
19.21 0.5
19.22 0.5
19.23 0.5
19.24 0.5
19.25 0.5
19.26 0.5
19.27 0.5
19.28 0.5
19.29 0.5
19.3 0.5
19.31 0.5
19.32 0.5
19.33 0.5
19.34 0.5
19.35 0.5
19.36 0.5
19.37 0.5
19.38 0.5
19.39 0.5
19.4 0.5
19.41 0.5
19.42 0.5
19.43 0.5
19.44 0.5
19.45 0.5
19.46 0.5
19.47 0.5
19.48 0.5
19.49 0.5
19.5 0.5
19.51 0.5
19.52 0.5
19.53 0.5
19.54 0.5
19.55 0.5
19.56 0.5
19.57 0.5
19.58 0.5
19.59 0.5
19.6 0.5
19.61 0.5
19.62 0.5
19.63 0.5
19.64 0.5
19.65 0.5
19.66 0.5
19.67 0.5
19.68 0.5
19.69 0.5
19.7 0.5
19.71 0.5
19.72 0.5
19.73 0.5
19.74 0.5
19.75 0.5
19.76 0.5
19.77 0.5
19.78 0.5
19.79 0.5
19.8 0.5
19.81 0.5
19.82 0.5
19.83 0.5
19.84 0.5
19.85 0.5
19.86 0.5
19.87 0.5
19.88 0.5
19.89 0.5
19.9 0.5
19.91 0.5
19.92 0.5
19.93 0.5
19.94 0.5
19.95 0.5
19.96 0.5
19.97 0.5
19.98 0.5
19.99 0.5
20 0.5
20.01 0.5
20.02 0.5
20.03 0.5
20.04 0.5
20.05 0.5
20.06 0.5
20.07 0.5
20.08 0.5
20.09 0.5
20.1 0.5
20.11 0.5
20.12 0.5
20.13 0.5
20.14 0.5
20.15 0.5
20.16 0.5
20.17 0.5
20.18 0.5
20.19 0.5
20.2 0.5
20.21 0.5
20.22 0.5
20.23 0.5
20.24 0.5
20.25 0.5
20.26 0.5
20.27 0.5
20.28 0.5
20.29 0.5
20.3 0.5
20.31 0.5
20.32 0.5
20.33 0.5
20.34 0.5
20.35 0.5
20.36 0.5
20.37 0.5
20.38 0.5
20.39 0.5
20.4 0.5
20.41 0.5
20.42 0.5
20.43 -0.5
20.44 -0.5
20.45 -0.5
20.46 -0.5
20.47 -0.5
20.48 -0.5
20.49 -0.5
20.5 -0.5
20.51 -0.5
20.52 -0.5
20.53 -0.5
20.54 -0.5
20.55 -0.5
20.56 -0.5
20.57 -0.5
20.58 -0.5
20.59 -0.5
20.6 -0.5
20.61 -0.5
20.62 -0.5
20.63 -0.5
20.64 -0.5
20.65 -0.5
20.66 -0.5
20.67 -0.5
20.68 -0.5
20.69 -0.5
20.7 -0.5
20.71 -0.5
20.72 -0.5
20.73 -0.5
20.74 -0.5
20.75 -0.5
20.76 -0.5
20.77 -0.5
20.78 -0.5
20.79 -0.5
20.8 -0.5
20.81 -0.5
20.82 -0.5
20.83 -0.5
20.84 -0.5
20.85 -0.5
20.86 -0.5
20.87 -0.5
20.88 -0.5
20.89 -0.5
20.9 -0.5
20.91 -0.5
20.92 -0.5
20.93 -0.5
20.94 -0.5
20.95 -0.5
20.96 -0.5
20.97 -0.5
20.98 -0.5
20.99 -0.5
21 -0.5
21.01 -0.5
21.02 -0.5
21.03 -0.5
21.04 -0.5
21.05 -0.5
21.06 -0.5
21.07 -0.5
21.08 -0.5
21.09 -0.5
21.1 -0.5
21.11 -0.5
21.12 -0.5
21.13 -0.5
21.14 -0.5
21.15 -0.5
21.16 -0.5
21.17 -0.5
21.18 -0.5
21.19 -0.5
21.2 -0.5
21.21 -0.5
21.22 -0.5
21.23 -0.5
21.24 -0.5
21.25 -0.5
21.26 -0.5
21.27 -0.5
21.28 -0.5
21.29 -0.5
21.3 -0.5
21.31 -0.5
21.32 -0.5
21.33 -0.5
21.34 -0.5
21.35 -0.5
21.36 -0.5
21.37 -0.5
21.38 -0.5
21.39 -0.5
21.4 -0.5
21.41 -0.5
21.42 -0.5
21.43 -0.5
21.44 -0.5
21.45 -0.5
21.46 -0.5
21.47 -0.5
21.48 -0.5
21.49 -0.5
21.5 -0.5
21.51 -0.5
21.52 -0.5
21.53 -0.5
21.54 -0.5
21.55 -0.5
21.56 -0.5
21.57 -0.5
21.58 -0.5
21.59 -0.5
21.6 -0.5
21.61 -0.5
21.62 -0.5
21.63 -0.5
21.64 -0.5
21.65 -0.5
21.66 -0.5
21.67 -0.5
21.68 -0.5
21.69 -0.5
21.7 -0.5
21.71 -0.5
21.72 -0.5
21.73 -0.5
21.74 -0.5
21.75 -0.5
21.76 -0.5
21.77 -0.5
21.78 -0.5
21.79 -0.5
21.8 -0.5
21.81 -0.5
21.82 -0.5
21.83 -0.5
21.84 -0.5
21.85 -0.5
21.86 -0.5
21.87 -0.5
21.88 -0.5
21.89 -0.5
21.9 -0.5
21.91 -0.5
21.92 -0.5
21.93 -0.5
21.94 -0.5
21.95 -0.5
21.96 -0.5
21.97 -0.5
21.98 -0.5
21.99 -0.5
22 0.5
22.01 0.5
22.02 0.5
22.03 0.5
22.04 0.5
22.05 0.5
22.06 0.5
22.07 0.5
22.08 0.5
22.09 0.5
22.1 0.5
22.11 0.5
22.12 0.5
22.13 0.5
22.14 0.5
22.15 0.5
22.16 0.5
22.17 0.5
22.18 0.5
22.19 0.5
22.2 0.5
22.21 0.5
22.22 0.5
22.23 0.5
22.24 0.5
22.25 0.5
22.26 0.5
22.27 0.5
22.28 0.5
22.29 0.5
22.3 0.5
22.31 0.5
22.32 0.5
22.33 0.5
22.34 0.5
22.35 0.5
22.36 0.5
22.37 0.5
22.38 0.5
22.39 0.5
22.4 0.5
22.41 0.5
22.42 0.5
22.43 0.5
22.44 0.5
22.45 0.5
22.46 0.5
22.47 0.5
22.48 0.5
22.49 0.5
22.5 0.5
22.51 0.5
22.52 0.5
22.53 0.5
22.54 0.5
22.55 0.5
22.56 0.5
22.57 0.5
22.58 0.5
22.59 0.5
22.6 0.5
22.61 0.5
22.62 0.5
22.63 0.5
22.64 0.5
22.65 0.5
22.66 0.5
22.67 0.5
22.68 0.5
22.69 0.5
22.7 0.5
22.71 0.5
22.72 0.5
22.73 0.5
22.74 0.5
22.75 0.5
22.76 0.5
22.77 0.5
22.78 0.5
22.79 0.5
22.8 0.5
22.81 0.5
22.82 0.5
22.83 0.5
22.84 0.5
22.85 0.5
22.86 0.5
22.87 0.5
22.88 0.5
22.89 0.5
22.9 0.5
22.91 0.5
22.92 0.5
22.93 0.5
22.94 0.5
22.95 0.5
22.96 0.5
22.97 0.5
22.98 0.5
22.99 0.5
23 0.5
23.01 0.5
23.02 0.5
23.03 0.5
23.04 0.5
23.05 0.5
23.06 0.5
23.07 0.5
23.08 0.5
23.09 0.5
23.1 0.5
23.11 0.5
23.12 0.5
23.13 0.5
23.14 0.5
23.15 0.5
23.16 0.5
23.17 0.5
23.18 0.5
23.19 0.5
23.2 0.5
23.21 0.5
23.22 0.5
23.23 0.5
23.24 0.5
23.25 0.5
23.26 0.5
23.27 0.5
23.28 0.5
23.29 0.5
23.3 0.5
23.31 0.5
23.32 0.5
23.33 0.5
23.34 0.5
23.35 0.5
23.36 0.5
23.37 0.5
23.38 0.5
23.39 0.5
23.4 0.5
23.41 0.5
23.42 0.5
23.43 0.5
23.44 0.5
23.45 0.5
23.46 0.5
23.47 0.5
23.48 0.5
23.49 0.5
23.5 0.5
23.51 0.5
23.52 0.5
23.53 0.5
23.54 0.5
23.55 0.5
23.56 0.5
23.57 -0.5
23.58 -0.5
23.59 -0.5
23.6 -0.5
23.61 -0.5
23.62 -0.5
23.63 -0.5
23.64 -0.5
23.65 -0.5
23.66 -0.5
23.67 -0.5
23.68 -0.5
23.69 -0.5
23.7 -0.5
23.71 -0.5
23.72 -0.5
23.73 -0.5
23.74 -0.5
23.75 -0.5
23.76 -0.5
23.77 -0.5
23.78 -0.5
23.79 -0.5
23.8 -0.5
23.81 -0.5
23.82 -0.5
23.83 -0.5
23.84 -0.5
23.85 -0.5
23.86 -0.5
23.87 -0.5
23.88 -0.5
23.89 -0.5
23.9 -0.5
23.91 -0.5
23.92 -0.5
23.93 -0.5
23.94 -0.5
23.95 -0.5
23.96 -0.5
23.97 -0.5
23.98 -0.5
23.99 -0.5
24 -0.5
24.01 -0.5
24.02 -0.5
24.03 -0.5
24.04 -0.5
24.05 -0.5
24.06 -0.5
24.07 -0.5
24.08 -0.5
24.09 -0.5
24.1 -0.5
24.11 -0.5
24.12 -0.5
24.13 -0.5
24.14 -0.5
24.15 -0.5
24.16 -0.5
24.17 -0.5
24.18 -0.5
24.19 -0.5
24.2 -0.5
24.21 -0.5
24.22 -0.5
24.23 -0.5
24.24 -0.5
24.25 -0.5
24.26 -0.5
24.27 -0.5
24.28 -0.5
24.29 -0.5
24.3 -0.5
24.31 -0.5
24.32 -0.5
24.33 -0.5
24.34 -0.5
24.35 -0.5
24.36 -0.5
24.37 -0.5
24.38 -0.5
24.39 -0.5
24.4 -0.5
24.41 -0.5
24.42 -0.5
24.43 -0.5
24.44 -0.5
24.45 -0.5
24.46 -0.5
24.47 -0.5
24.48 -0.5
24.49 -0.5
24.5 -0.5
24.51 -0.5
24.52 -0.5
24.53 -0.5
24.54 -0.5
24.55 -0.5
24.56 -0.5
24.57 -0.5
24.58 -0.5
24.59 -0.5
24.6 -0.5
24.61 -0.5
24.62 -0.5
24.63 -0.5
24.64 -0.5
24.65 -0.5
24.66 -0.5
24.67 -0.5
24.68 -0.5
24.69 -0.5
24.7 -0.5
24.71 -0.5
24.72 -0.5
24.73 -0.5
24.74 -0.5
24.75 -0.5
24.76 -0.5
24.77 -0.5
24.78 -0.5
24.79 -0.5
24.8 -0.5
24.81 -0.5
24.82 -0.5
24.83 -0.5
24.84 -0.5
24.85 -0.5
24.86 -0.5
24.87 -0.5
24.88 -0.5
24.89 -0.5
24.9 -0.5
24.91 -0.5
24.92 -0.5
24.93 -0.5
24.94 -0.5
24.95 -0.5
24.96 -0.5
24.97 -0.5
24.98 -0.5
24.99 -0.5
25 -0.5
25.01 -0.5
25.02 -0.5
25.03 -0.5
25.04 -0.5
25.05 -0.5
25.06 -0.5
25.07 -0.5
25.08 -0.5
25.09 -0.5
25.1 -0.5
25.11 -0.5
25.12 -0.5
25.13 -0.5
25.14 0.5
25.15 0.5
25.16 0.5
25.17 0.5
25.18 0.5
25.19 0.5
25.2 0.5
25.21 0.5
25.22 0.5
25.23 0.5
25.24 0.5
25.25 0.5
25.26 0.5
25.27 0.5
25.28 0.5
25.29 0.5
25.3 0.5
25.31 0.5
25.32 0.5
25.33 0.5
25.34 0.5
25.35 0.5
25.36 0.5
25.37 0.5
25.38 0.5
25.39 0.5
25.4 0.5
25.41 0.5
25.42 0.5
25.43 0.5
25.44 0.5
25.45 0.5
25.46 0.5
25.47 0.5
25.48 0.5
25.49 0.5
25.5 0.5
25.51 0.5
25.52 0.5
25.53 0.5
25.54 0.5
25.55 0.5
25.56 0.5
25.57 0.5
25.58 0.5
25.59 0.5
25.6 0.5
25.61 0.5
25.62 0.5
25.63 0.5
25.64 0.5
25.65 0.5
25.66 0.5
25.67 0.5
25.68 0.5
25.69 0.5
25.7 0.5
25.71 0.5
25.72 0.5
25.73 0.5
25.74 0.5
25.75 0.5
25.76 0.5
25.77 0.5
25.78 0.5
25.79 0.5
25.8 0.5
25.81 0.5
25.82 0.5
25.83 0.5
25.84 0.5
25.85 0.5
25.86 0.5
25.87 0.5
25.88 0.5
25.89 0.5
25.9 0.5
25.91 0.5
25.92 0.5
25.93 0.5
25.94 0.5
25.95 0.5
25.96 0.5
25.97 0.5
25.98 0.5
25.99 0.5
26 0.5
26.01 0.5
26.02 0.5
26.03 0.5
26.04 0.5
26.05 0.5
26.06 0.5
26.07 0.5
26.08 0.5
26.09 0.5
26.1 0.5
26.11 0.5
26.12 0.5
26.13 0.5
26.14 0.5
26.15 0.5
26.16 0.5
26.17 0.5
26.18 0.5
26.19 0.5
26.2 0.5
26.21 0.5
26.22 0.5
26.23 0.5
26.24 0.5
26.25 0.5
26.26 0.5
26.27 0.5
26.28 0.5
26.29 0.5
26.3 0.5
26.31 0.5
26.32 0.5
26.33 0.5
26.34 0.5
26.35 0.5
26.36 0.5
26.37 0.5
26.38 0.5
26.39 0.5
26.4 0.5
26.41 0.5
26.42 0.5
26.43 0.5
26.44 0.5
26.45 0.5
26.46 0.5
26.47 0.5
26.48 0.5
26.49 0.5
26.5 0.5
26.51 0.5
26.52 0.5
26.53 0.5
26.54 0.5
26.55 0.5
26.56 0.5
26.57 0.5
26.58 0.5
26.59 0.5
26.6 0.5
26.61 0.5
26.62 0.5
26.63 0.5
26.64 0.5
26.65 0.5
26.66 0.5
26.67 0.5
26.68 0.5
26.69 0.5
26.7 0.5
26.71 -0.5
26.72 -0.5
26.73 -0.5
26.74 -0.5
26.75 -0.5
26.76 -0.5
26.77 -0.5
26.78 -0.5
26.79 -0.5
26.8 -0.5
26.81 -0.5
26.82 -0.5
26.83 -0.5
26.84 -0.5
26.85 -0.5
26.86 -0.5
26.87 -0.5
26.88 -0.5
26.89 -0.5
26.9 -0.5
26.91 -0.5
26.92 -0.5
26.93 -0.5
26.94 -0.5
26.95 -0.5
26.96 -0.5
26.97 -0.5
26.98 -0.5
26.99 -0.5
27 -0.5
27.01 -0.5
27.02 -0.5
27.03 -0.5
27.04 -0.5
27.05 -0.5
27.06 -0.5
27.07 -0.5
27.08 -0.5
27.09 -0.5
27.1 -0.5
27.11 -0.5
27.12 -0.5
27.13 -0.5
27.14 -0.5
27.15 -0.5
27.16 -0.5
27.17 -0.5
27.18 -0.5
27.19 -0.5
27.2 -0.5
27.21 -0.5
27.22 -0.5
27.23 -0.5
27.24 -0.5
27.25 -0.5
27.26 -0.5
27.27 -0.5
27.28 -0.5
27.29 -0.5
27.3 -0.5
27.31 -0.5
27.32 -0.5
27.33 -0.5
27.34 -0.5
27.35 -0.5
27.36 -0.5
27.37 -0.5
27.38 -0.5
27.39 -0.5
27.4 -0.5
27.41 -0.5
27.42 -0.5
27.43 -0.5
27.44 -0.5
27.45 -0.5
27.46 -0.5
27.47 -0.5
27.48 -0.5
27.49 -0.5
27.5 -0.5
27.51 -0.5
27.52 -0.5
27.53 -0.5
27.54 -0.5
27.55 -0.5
27.56 -0.5
27.57 -0.5
27.58 -0.5
27.59 -0.5
27.6 -0.5
27.61 -0.5
27.62 -0.5
27.63 -0.5
27.64 -0.5
27.65 -0.5
27.66 -0.5
27.67 -0.5
27.68 -0.5
27.69 -0.5
27.7 -0.5
27.71 -0.5
27.72 -0.5
27.73 -0.5
27.74 -0.5
27.75 -0.5
27.76 -0.5
27.77 -0.5
27.78 -0.5
27.79 -0.5
27.8 -0.5
27.81 -0.5
27.82 -0.5
27.83 -0.5
27.84 -0.5
27.85 -0.5
27.86 -0.5
27.87 -0.5
27.88 -0.5
27.89 -0.5
27.9 -0.5
27.91 -0.5
27.92 -0.5
27.93 -0.5
27.94 -0.5
27.95 -0.5
27.96 -0.5
27.97 -0.5
27.98 -0.5
27.99 -0.5
28 -0.5
28.01 -0.5
28.02 -0.5
28.03 -0.5
28.04 -0.5
28.05 -0.5
28.06 -0.5
28.07 -0.5
28.08 -0.5
28.09 -0.5
28.1 -0.5
28.11 -0.5
28.12 -0.5
28.13 -0.5
28.14 -0.5
28.15 -0.5
28.16 -0.5
28.17 -0.5
28.18 -0.5
28.19 -0.5
28.2 -0.5
28.21 -0.5
28.22 -0.5
28.23 -0.5
28.24 -0.5
28.25 -0.5
28.26 -0.5
28.27 -0.5
28.28 0.5
28.29 0.5
28.3 0.5
28.31 0.5
28.32 0.5
28.33 0.5
28.34 0.5
28.35 0.5
28.36 0.5
28.37 0.5
28.38 0.5
28.39 0.5
28.4 0.5
28.41 0.5
28.42 0.5
28.43 0.5
28.44 0.5
28.45 0.5
28.46 0.5
28.47 0.5
28.48 0.5
28.49 0.5
28.5 0.5
28.51 0.5
28.52 0.5
28.53 0.5
28.54 0.5
28.55 0.5
28.56 0.5
28.57 0.5
28.58 0.5
28.59 0.5
28.6 0.5
28.61 0.5
28.62 0.5
28.63 0.5
28.64 0.5
28.65 0.5
28.66 0.5
28.67 0.5
28.68 0.5
28.69 0.5
28.7 0.5
28.71 0.5
28.72 0.5
28.73 0.5
28.74 0.5
28.75 0.5
28.76 0.5
28.77 0.5
28.78 0.5
28.79 0.5
28.8 0.5
28.81 0.5
28.82 0.5
28.83 0.5
28.84 0.5
28.85 0.5
28.86 0.5
28.87 0.5
28.88 0.5
28.89 0.5
28.9 0.5
28.91 0.5
28.92 0.5
28.93 0.5
28.94 0.5
28.95 0.5
28.96 0.5
28.97 0.5
28.98 0.5
28.99 0.5
29 0.5
29.01 0.5
29.02 0.5
29.03 0.5
29.04 0.5
29.05 0.5
29.06 0.5
29.07 0.5
29.08 0.5
29.09 0.5
29.1 0.5
29.11 0.5
29.12 0.5
29.13 0.5
29.14 0.5
29.15 0.5
29.16 0.5
29.17 0.5
29.18 0.5
29.19 0.5
29.2 0.5
29.21 0.5
29.22 0.5
29.23 0.5
29.24 0.5
29.25 0.5
29.26 0.5
29.27 0.5
29.28 0.5
29.29 0.5
29.3 0.5
29.31 0.5
29.32 0.5
29.33 0.5
29.34 0.5
29.35 0.5
29.36 0.5
29.37 0.5
29.38 0.5
29.39 0.5
29.4 0.5
29.41 0.5
29.42 0.5
29.43 0.5
29.44 0.5
29.45 0.5
29.46 0.5
29.47 0.5
29.48 0.5
29.49 0.5
29.5 0.5
29.51 0.5
29.52 0.5
29.53 0.5
29.54 0.5
29.55 0.5
29.56 0.5
29.57 0.5
29.58 0.5
29.59 0.5
29.6 0.5
29.61 0.5
29.62 0.5
29.63 0.5
29.64 0.5
29.65 0.5
29.66 0.5
29.67 0.5
29.68 0.5
29.69 0.5
29.7 0.5
29.71 0.5
29.72 0.5
29.73 0.5
29.74 0.5
29.75 0.5
29.76 0.5
29.77 0.5
29.78 0.5
29.79 0.5
29.8 0.5
29.81 0.5
29.82 0.5
29.83 0.5
29.84 0.5
29.85 -0.5
29.86 -0.5
29.87 -0.5
29.88 -0.5
29.89 -0.5
29.9 -0.5
29.91 -0.5
29.92 -0.5
29.93 -0.5
29.94 -0.5
29.95 -0.5
29.96 -0.5
29.97 -0.5
29.98 -0.5
29.99 -0.5
30 -0.5
