0 -0.9
0.01 -0.88854
0.02 -0.87708
0.03 -0.86562
0.04 -0.85416
0.05 -0.8427
0.06 -0.83125
0.07 -0.81979
0.08 -0.80833
0.09 -0.79687
0.1 -0.78541
0.11 -0.77395
0.12 -0.76249
0.13 -0.75103
0.14 -0.73957
0.15 -0.72811
0.16 -0.71665
0.17 -0.70519
0.18 -0.69374
0.19 -0.68228
0.2 -0.67082
0.21 -0.65936
0.22 -0.6479
0.23 -0.63644
0.24 -0.62498
0.25 -0.61352
0.26 -0.60206
0.27 -0.5906
0.28 -0.57914
0.29 -0.56768
0.3 -0.55623
0.31 -0.54477
0.32 -0.53331
0.33 -0.52185
0.34 -0.51039
0.35 -0.49893
0.36 -0.48747
0.37 -0.47601
0.38 -0.46455
0.39 -0.45309
0.4 -0.44163
0.41 -0.43017
0.42 -0.41872
0.43 -0.40726
0.44 -0.3958
0.45 -0.38434
0.46 -0.37288
0.47 -0.36142
0.48 -0.34996
0.49 -0.3385
0.5 -0.32704
0.51 -0.31558
0.52 -0.30412
0.53 -0.29266
0.54 -0.28121
0.55 -0.26975
0.56 -0.25829
0.57 -0.24683
0.58 -0.23537
0.59 -0.22391
0.6 -0.21245
0.61 -0.20099
0.62 -0.18953
0.63 -0.17807
0.64 -0.16661
0.65 -0.15515
0.66 -0.1437
0.67 -0.13224
0.68 -0.12078
0.69 -0.10932
0.7 -0.097859
0.71 -0.0864
0.72 -0.074941
0.73 -0.063482
0.74 -0.052022
0.75 -0.040563
0.76 -0.029104
0.77 -0.017645
0.78 -0.0061858
0.79 0.0052733
0.8 0.016732
0.81 0.028192
0.82 0.039651
0.83 0.05111
0.84 0.062569
0.85 0.074028
0.86 0.085487
0.87 0.096947
0.88 0.10841
0.89 0.11986
0.9 0.13132
0.91 0.14278
0.92 0.15424
0.93 0.1657
0.94 0.17716
0.95 0.18862
0.96 0.20008
0.97 0.21154
0.98 0.223
0.99 0.23446
1 0.24592
1.01 0.25737
1.02 0.26883
1.03 0.28029
1.04 0.29175
1.05 0.30321
1.06 0.31467
1.07 0.32613
1.08 0.33759
1.09 0.34905
1.1 0.36051
1.11 0.37197
1.12 0.38343
1.13 0.39488
1.14 0.40634
1.15 0.4178
1.16 0.42926
1.17 0.44072
1.18 0.45218
1.19 0.46364
1.2 0.4751
1.21 0.48656
1.22 0.49802
1.23 0.50948
1.24 0.52094
1.25 0.53239
1.26 0.54385
1.27 0.55531
1.28 0.56677
1.29 0.57823
1.3 0.58969
1.31 0.60115
1.32 0.61261
1.33 0.62407
1.34 0.63553
1.35 0.64699
1.36 0.65845
1.37 0.6699
1.38 0.68136
1.39 0.69282
1.4 0.70428
1.41 0.71574
1.42 0.7272
1.43 0.73866
1.44 0.75012
1.45 0.76158
1.46 0.77304
1.47 0.7845
1.48 0.79596
1.49 0.80741
1.5 0.81887
1.51 0.83033
1.52 0.84179
1.53 0.85325
1.54 0.86471
1.55 0.87617
1.56 0.88763
1.57 0.89909
1.58 0.88945
1.59 0.87799
1.6 0.86654
1.61 0.85508
1.62 0.84362
1.63 0.83216
1.64 0.8207
1.65 0.80924
1.66 0.79778
1.67 0.78632
1.68 0.77486
1.69 0.7634
1.7 0.75194
1.71 0.74048
1.72 0.72903
1.73 0.71757
1.74 0.70611
1.75 0.69465
1.76 0.68319
1.77 0.67173
1.78 0.66027
1.79 0.64881
1.8 0.63735
1.81 0.62589
1.82 0.61443
1.83 0.60297
1.84 0.59152
1.85 0.58006
1.86 0.5686
1.87 0.55714
1.88 0.54568
1.89 0.53422
1.9 0.52276
1.91 0.5113
1.92 0.49984
1.93 0.48838
1.94 0.47692
1.95 0.46546
1.96 0.45401
1.97 0.44255
1.98 0.43109
1.99 0.41963
2 0.40817
2.01 0.39671
2.02 0.38525
2.03 0.37379
2.04 0.36233
2.05 0.35087
2.06 0.33941
2.07 0.32795
2.08 0.3165
2.09 0.30504
2.1 0.29358
2.11 0.28212
2.12 0.27066
2.13 0.2592
2.14 0.24774
2.15 0.23628
2.16 0.22482
2.17 0.21336
2.18 0.2019
2.19 0.19044
2.2 0.17899
2.21 0.16753
2.22 0.15607
2.23 0.14461
2.24 0.13315
2.25 0.12169
2.26 0.11023
2.27 0.098772
2.28 0.087312
2.29 0.075853
2.3 0.064394
2.31 0.052935
2.32 0.041476
2.33 0.030017
2.34 0.018558
2.35 0.0070984
2.36 -0.0043608
2.37 -0.01582
2.38 -0.027279
2.39 -0.038738
2.4 -0.050197
2.41 -0.061657
2.42 -0.073116
2.43 -0.084575
2.44 -0.096034
2.45 -0.10749
2.46 -0.11895
2.47 -0.13041
2.48 -0.14187
2.49 -0.15333
2.5 -0.16479
2.51 -0.17625
2.52 -0.18771
2.53 -0.19917
2.54 -0.21063
2.55 -0.22208
2.56 -0.23354
2.57 -0.245
2.58 -0.25646
2.59 -0.26792
2.6 -0.27938
2.61 -0.29084
2.62 -0.3023
2.63 -0.31376
2.64 -0.32522
2.65 -0.33668
2.66 -0.34814
2.67 -0.35959
2.68 -0.37105
2.69 -0.38251
2.7 -0.39397
2.71 -0.40543
2.72 -0.41689
2.73 -0.42835
2.74 -0.43981
2.75 -0.45127
2.76 -0.46273
2.77 -0.47419
2.78 -0.48565
2.79 -0.4971
2.8 -0.50856
2.81 -0.52002
2.82 -0.53148
2.83 -0.54294
2.84 -0.5544
2.85 -0.56586
2.86 -0.57732
2.87 -0.58878
2.88 -0.60024
2.89 -0.6117
2.9 -0.62316
2.91 -0.63461
2.92 -0.64607
2.93 -0.65753
2.94 -0.66899
2.95 -0.68045
2.96 -0.69191
2.97 -0.70337
2.98 -0.71483
2.99 -0.72629
3 -0.73775
3.01 -0.74921
3.02 -0.76067
3.03 -0.77212
3.04 -0.78358
3.05 -0.79504
3.06 -0.8065
3.07 -0.81796
3.08 -0.82942
3.09 -0.84088
3.1 -0.85234
3.11 -0.8638
3.12 -0.87526
3.13 -0.88672
3.14 -0.89817
3.15 -0.89037
3.16 -0.87891
3.17 -0.86745
3.18 -0.85599
3.19 -0.84453
3.2 -0.83307
3.21 -0.82161
3.22 -0.81015
3.23 -0.79869
3.24 -0.78723
3.25 -0.77577
3.26 -0.76432
3.27 -0.75286
3.28 -0.7414
3.29 -0.72994
3.3 -0.71848
3.31 -0.70702
3.32 -0.69556
3.33 -0.6841
3.34 -0.67264
3.35 -0.66118
3.36 -0.64972
3.37 -0.63826
3.38 -0.62681
3.39 -0.61535
3.4 -0.60389
3.41 -0.59243
3.42 -0.58097
3.43 -0.56951
3.44 -0.55805
3.45 -0.54659
3.46 -0.53513
3.47 -0.52367
3.48 -0.51221
3.49 -0.50075
3.5 -0.4893
3.51 -0.47784
3.52 -0.46638
3.53 -0.45492
3.54 -0.44346
3.55 -0.432
3.56 -0.42054
3.57 -0.40908
3.58 -0.39762
3.59 -0.38616
3.6 -0.3747
3.61 -0.36324
3.62 -0.35179
3.63 -0.34033
3.64 -0.32887
3.65 -0.31741
3.66 -0.30595
3.67 -0.29449
3.68 -0.28303
3.69 -0.27157
3.7 -0.26011
3.71 -0.24865
3.72 -0.23719
3.73 -0.22573
3.74 -0.21428
3.75 -0.20282
3.76 -0.19136
3.77 -0.1799
3.78 -0.16844
3.79 -0.15698
3.8 -0.14552
3.81 -0.13406
3.82 -0.1226
3.83 -0.11114
3.84 -0.099684
3.85 -0.088225
3.86 -0.076766
3.87 -0.065307
3.88 -0.053848
3.89 -0.042388
3.9 -0.030929
3.91 -0.01947
3.92 -0.0080109
3.93 0.0034483
3.94 0.014907
3.95 0.026367
3.96 0.037826
3.97 0.049285
3.98 0.060744
3.99 0.072203
4 0.083662
4.01 0.095122
4.02 0.10658
4.03 0.11804
4.04 0.1295
4.05 0.14096
4.06 0.15242
4.07 0.16388
4.08 0.17534
4.09 0.18679
4.1 0.19825
4.11 0.20971
4.12 0.22117
4.13 0.23263
4.14 0.24409
4.15 0.25555
4.16 0.26701
4.17 0.27847
4.18 0.28993
4.19 0.30139
4.2 0.31285
4.21 0.3243
4.22 0.33576
4.23 0.34722
4.24 0.35868
4.25 0.37014
4.26 0.3816
4.27 0.39306
4.28 0.40452
4.29 0.41598
4.3 0.42744
4.31 0.4389
4.32 0.45036
4.33 0.46181
4.34 0.47327
4.35 0.48473
4.36 0.49619
4.37 0.50765
4.38 0.51911
4.39 0.53057
4.4 0.54203
4.41 0.55349
4.42 0.56495
4.43 0.57641
4.44 0.58787
4.45 0.59932
4.46 0.61078
4.47 0.62224
4.48 0.6337
4.49 0.64516
4.5 0.65662
4.51 0.66808
4.52 0.67954
4.53 0.691
4.54 0.70246
4.55 0.71392
4.56 0.72538
4.57 0.73683
4.58 0.74829
4.59 0.75975
4.6 0.77121
4.61 0.78267
4.62 0.79413
4.63 0.80559
4.64 0.81705
4.65 0.82851
4.66 0.83997
4.67 0.85143
4.68 0.86288
4.69 0.87434
4.7 0.8858
4.71 0.89726
4.72 0.89128
4.73 0.87982
4.74 0.86836
4.75 0.8569
4.76 0.84544
4.77 0.83398
4.78 0.82252
4.79 0.81106
4.8 0.79961
4.81 0.78815
4.82 0.77669
4.83 0.76523
4.84 0.75377
4.85 0.74231
4.86 0.73085
4.87 0.71939
4.88 0.70793
4.89 0.69647
4.9 0.68501
4.91 0.67355
4.92 0.6621
4.93 0.65064
4.94 0.63918
4.95 0.62772
4.96 0.61626
4.97 0.6048
4.98 0.59334
4.99 0.58188
5 0.57042
5.01 0.55896
5.02 0.5475
5.03 0.53604
5.04 0.52459
5.05 0.51313
5.06 0.50167
5.07 0.49021
5.08 0.47875
5.09 0.46729
5.1 0.45583
5.11 0.44437
5.12 0.43291
5.13 0.42145
5.14 0.40999
5.15 0.39853
5.16 0.38708
5.17 0.37562
5.18 0.36416
5.19 0.3527
5.2 0.34124
5.21 0.32978
5.22 0.31832
5.23 0.30686
5.24 0.2954
5.25 0.28394
5.26 0.27248
5.27 0.26102
5.28 0.24957
5.29 0.23811
5.3 0.22665
5.31 0.21519
5.32 0.20373
5.33 0.19227
5.34 0.18081
5.35 0.16935
5.36 0.15789
5.37 0.14643
5.38 0.13497
5.39 0.12351
5.4 0.11206
5.41 0.1006
5.42 0.089138
5.43 0.077678
5.44 0.066219
5.45 0.05476
5.46 0.043301
5.47 0.031842
5.48 0.020383
5.49 0.0089234
5.5 -0.0025357
5.51 -0.013995
5.52 -0.025454
5.53 -0.036913
5.54 -0.048372
5.55 -0.059832
5.56 -0.071291
5.57 -0.08275
5.58 -0.094209
5.59 -0.10567
5.6 -0.11713
5.61 -0.12859
5.62 -0.14005
5.63 -0.1515
5.64 -0.16296
5.65 -0.17442
5.66 -0.18588
5.67 -0.19734
5.68 -0.2088
5.69 -0.22026
5.7 -0.23172
5.71 -0.24318
5.72 -0.25464
5.73 -0.2661
5.74 -0.27756
5.75 -0.28901
5.76 -0.30047
5.77 -0.31193
5.78 -0.32339
5.79 -0.33485
5.8 -0.34631
5.81 -0.35777
5.82 -0.36923
5.83 -0.38069
5.84 -0.39215
5.85 -0.40361
5.86 -0.41507
5.87 -0.42652
5.88 -0.43798
5.89 -0.44944
5.9 -0.4609
5.91 -0.47236
5.92 -0.48382
5.93 -0.49528
5.94 -0.50674
5.95 -0.5182
5.96 -0.52966
5.97 -0.54112
5.98 -0.55258
5.99 -0.56403
6 -0.57549
6.01 -0.58695
6.02 -0.59841
6.03 -0.60987
6.04 -0.62133
6.05 -0.63279
6.06 -0.64425
6.07 -0.65571
6.08 -0.66717
6.09 -0.67863
6.1 -0.69009
6.11 -0.70154
6.12 -0.713
6.13 -0.72446
6.14 -0.73592
6.15 -0.74738
6.16 -0.75884
6.17 -0.7703
6.18 -0.78176
6.19 -0.79322
6.2 -0.80468
6.21 -0.81614
6.22 -0.82759
6.23 -0.83905
6.24 -0.85051
6.25 -0.86197
6.26 -0.87343
6.27 -0.88489
6.28 -0.89635
6.29 -0.89219
6.3 -0.88073
6.31 -0.86927
6.32 -0.85781
6.33 -0.84635
6.34 -0.8349
6.35 -0.82344
6.36 -0.81198
6.37 -0.80052
6.38 -0.78906
6.39 -0.7776
6.4 -0.76614
6.41 -0.75468
6.42 -0.74322
6.43 -0.73176
6.44 -0.7203
6.45 -0.70884
6.46 -0.69739
6.47 -0.68593
6.48 -0.67447
6.49 -0.66301
6.5 -0.65155
6.51 -0.64009
6.52 -0.62863
6.53 -0.61717
6.54 -0.60571
6.55 -0.59425
6.56 -0.58279
6.57 -0.57133
6.58 -0.55988
6.59 -0.54842
6.6 -0.53696
6.61 -0.5255
6.62 -0.51404
6.63 -0.50258
6.64 -0.49112
6.65 -0.47966
6.66 -0.4682
6.67 -0.45674
6.68 -0.44528
6.69 -0.43382
6.7 -0.42237
6.71 -0.41091
6.72 -0.39945
6.73 -0.38799
6.74 -0.37653
6.75 -0.36507
6.76 -0.35361
6.77 -0.34215
6.78 -0.33069
6.79 -0.31923
6.8 -0.30777
6.81 -0.29631
6.82 -0.28486
6.83 -0.2734
6.84 -0.26194
6.85 -0.25048
6.86 -0.23902
6.87 -0.22756
6.88 -0.2161
6.89 -0.20464
6.9 -0.19318
6.91 -0.18172
6.92 -0.17026
6.93 -0.1588
6.94 -0.14735
6.95 -0.13589
6.96 -0.12443
6.97 -0.11297
6.98 -0.10151
6.99 -0.09005
7 -0.078591
7.01 -0.067132
7.02 -0.055673
7.03 -0.044213
7.04 -0.032754
7.05 -0.021295
7.06 -0.0098359
7.07 0.0016232
7.08 0.013082
7.09 0.024542
7.1 0.036001
7.11 0.04746
7.12 0.058919
7.13 0.070378
7.14 0.081837
7.15 0.093296
7.16 0.10476
7.17 0.11621
7.18 0.12767
7.19 0.13913
7.2 0.15059
7.21 0.16205
7.22 0.17351
7.23 0.18497
7.24 0.19643
7.25 0.20789
7.26 0.21935
7.27 0.23081
7.28 0.24227
7.29 0.25372
7.3 0.26518
7.31 0.27664
7.32 0.2881
7.33 0.29956
7.34 0.31102
7.35 0.32248
7.36 0.33394
7.37 0.3454
7.38 0.35686
7.39 0.36832
7.4 0.37978
7.41 0.39123
7.42 0.40269
7.43 0.41415
7.44 0.42561
7.45 0.43707
7.46 0.44853
7.47 0.45999
7.48 0.47145
7.49 0.48291
7.5 0.49437
7.51 0.50583
7.52 0.51729
7.53 0.52874
7.54 0.5402
7.55 0.55166
7.56 0.56312
7.57 0.57458
7.58 0.58604
7.59 0.5975
7.6 0.60896
7.61 0.62042
7.62 0.63188
7.63 0.64334
7.64 0.6548
7.65 0.66625
7.66 0.67771
7.67 0.68917
7.68 0.70063
7.69 0.71209
7.7 0.72355
7.71 0.73501
7.72 0.74647
7.73 0.75793
7.74 0.76939
7.75 0.78085
7.76 0.7923
7.77 0.80376
7.78 0.81522
7.79 0.82668
7.8 0.83814
7.81 0.8496
7.82 0.86106
7.83 0.87252
7.84 0.88398
7.85 0.89544
7.86 0.8931
7.87 0.88164
7.88 0.87019
7.89 0.85873
7.9 0.84727
7.91 0.83581
7.92 0.82435
7.93 0.81289
7.94 0.80143
7.95 0.78997
7.96 0.77851
7.97 0.76705
7.98 0.75559
7.99 0.74413
8 0.73268
8.01 0.72122
8.02 0.70976
8.03 0.6983
8.04 0.68684
8.05 0.67538
8.06 0.66392
8.07 0.65246
8.08 0.641
8.09 0.62954
8.1 0.61808
8.11 0.60662
8.12 0.59517
8.13 0.58371
8.14 0.57225
8.15 0.56079
8.16 0.54933
8.17 0.53787
8.18 0.52641
8.19 0.51495
8.2 0.50349
8.21 0.49203
8.22 0.48057
8.23 0.46911
8.24 0.45766
8.25 0.4462
8.26 0.43474
8.27 0.42328
8.28 0.41182
8.29 0.40036
8.3 0.3889
8.31 0.37744
8.32 0.36598
8.33 0.35452
8.34 0.34306
8.35 0.3316
8.36 0.32015
8.37 0.30869
8.38 0.29723
8.39 0.28577
8.4 0.27431
8.41 0.26285
8.42 0.25139
8.43 0.23993
8.44 0.22847
8.45 0.21701
8.46 0.20555
8.47 0.19409
8.48 0.18264
8.49 0.17118
8.5 0.15972
8.51 0.14826
8.52 0.1368
8.53 0.12534
8.54 0.11388
8.55 0.10242
8.56 0.090963
8.57 0.079503
8.58 0.068044
8.59 0.056585
8.6 0.045126
8.61 0.033667
8.62 0.022208
8.63 0.010748
8.64 -0.0007107
8.65 -0.01217
8.66 -0.023629
8.67 -0.035088
8.68 -0.046547
8.69 -0.058006
8.7 -0.069466
8.71 -0.080925
8.72 -0.092384
8.73 -0.10384
8.74 -0.1153
8.75 -0.12676
8.76 -0.13822
8.77 -0.14968
8.78 -0.16114
8.79 -0.1726
8.8 -0.18406
8.81 -0.19552
8.82 -0.20698
8.83 -0.21843
8.84 -0.22989
8.85 -0.24135
8.86 -0.25281
8.87 -0.26427
8.88 -0.27573
8.89 -0.28719
8.9 -0.29865
8.91 -0.31011
8.92 -0.32157
8.93 -0.33303
8.94 -0.34449
8.95 -0.35594
8.96 -0.3674
8.97 -0.37886
8.98 -0.39032
8.99 -0.40178
9 -0.41324
9.01 -0.4247
9.02 -0.43616
9.03 -0.44762
9.04 -0.45908
9.05 -0.47054
9.06 -0.482
9.07 -0.49345
9.08 -0.50491
9.09 -0.51637
9.1 -0.52783
9.11 -0.53929
9.12 -0.55075
9.13 -0.56221
9.14 -0.57367
9.15 -0.58513
9.16 -0.59659
9.17 -0.60805
9.18 -0.61951
9.19 -0.63096
9.2 -0.64242
9.21 -0.65388
9.22 -0.66534
9.23 -0.6768
9.24 -0.68826
9.25 -0.69972
9.26 -0.71118
9.27 -0.72264
9.28 -0.7341
9.29 -0.74556
9.3 -0.75701
9.31 -0.76847
9.32 -0.77993
9.33 -0.79139
9.34 -0.80285
9.35 -0.81431
9.36 -0.82577
9.37 -0.83723
9.38 -0.84869
9.39 -0.86015
9.4 -0.87161
9.41 -0.88307
9.42 -0.89452
9.43 -0.89402
9.44 -0.88256
9.45 -0.8711
9.46 -0.85964
9.47 -0.84818
9.48 -0.83672
9.49 -0.82526
9.5 -0.8138
9.51 -0.80234
9.52 -0.79088
9.53 -0.77942
9.54 -0.76797
9.55 -0.75651
9.56 -0.74505
9.57 -0.73359
9.58 -0.72213
9.59 -0.71067
9.6 -0.69921
9.61 -0.68775
9.62 -0.67629
9.63 -0.66483
9.64 -0.65337
9.65 -0.64191
9.66 -0.63046
9.67 -0.619
9.68 -0.60754
9.69 -0.59608
9.7 -0.58462
9.71 -0.57316
9.72 -0.5617
9.73 -0.55024
9.74 -0.53878
9.75 -0.52732
9.76 -0.51586
9.77 -0.5044
9.78 -0.49295
9.79 -0.48149
9.8 -0.47003
9.81 -0.45857
9.82 -0.44711
9.83 -0.43565
9.84 -0.42419
9.85 -0.41273
9.86 -0.40127
9.87 -0.38981
9.88 -0.37835
9.89 -0.36689
9.9 -0.35544
9.91 -0.34398
9.92 -0.33252
9.93 -0.32106
9.94 -0.3096
9.95 -0.29814
9.96 -0.28668
9.97 -0.27522
9.98 -0.26376
9.99 -0.2523
10 -0.24084
10.01 -0.22938
10.02 -0.21793
10.03 -0.20647
10.04 -0.19501
10.05 -0.18355
10.06 -0.17209
10.07 -0.16063
10.08 -0.14917
10.09 -0.13771
10.1 -0.12625
10.11 -0.11479
10.12 -0.10333
10.13 -0.091875
10.14 -0.080416
10.15 -0.068957
10.16 -0.057498
10.17 -0.046038
10.18 -0.034579
10.19 -0.02312
10.2 -0.011661
10.21 -0.00020182
10.22 0.011257
10.23 0.022716
10.24 0.034176
10.25 0.045635
10.26 0.057094
10.27 0.068553
10.28 0.080012
10.29 0.091471
10.3 0.10293
10.31 0.11439
10.32 0.12585
10.33 0.13731
10.34 0.14877
10.35 0.16023
10.36 0.17169
10.37 0.18314
10.38 0.1946
10.39 0.20606
10.4 0.21752
10.41 0.22898
10.42 0.24044
10.43 0.2519
10.44 0.26336
10.45 0.27482
10.46 0.28628
10.47 0.29774
10.48 0.3092
10.49 0.32065
10.5 0.33211
10.51 0.34357
10.52 0.35503
10.53 0.36649
10.54 0.37795
10.55 0.38941
10.56 0.40087
10.57 0.41233
10.58 0.42379
10.59 0.43525
10.6 0.44671
10.61 0.45816
10.62 0.46962
10.63 0.48108
10.64 0.49254
10.65 0.504
10.66 0.51546
10.67 0.52692
10.68 0.53838
10.69 0.54984
10.7 0.5613
10.71 0.57276
10.72 0.58422
10.73 0.59567
10.74 0.60713
10.75 0.61859
10.76 0.63005
10.77 0.64151
10.78 0.65297
10.79 0.66443
10.8 0.67589
10.81 0.68735
10.82 0.69881
10.83 0.71027
10.84 0.72172
10.85 0.73318
10.86 0.74464
10.87 0.7561
10.88 0.76756
10.89 0.77902
10.9 0.79048
10.91 0.80194
10.92 0.8134
10.93 0.82486
10.94 0.83632
10.95 0.84778
10.96 0.85923
10.97 0.87069
10.98 0.88215
10.99 0.89361
11 0.89493
11.01 0.88347
11.02 0.87201
11.03 0.86055
11.04 0.84909
11.05 0.83763
11.06 0.82617
11.07 0.81471
11.08 0.80326
11.09 0.7918
11.1 0.78034
11.11 0.76888
11.12 0.75742
11.13 0.74596
11.14 0.7345
11.15 0.72304
11.16 0.71158
11.17 0.70012
11.18 0.68866
11.19 0.6772
11.2 0.66575
11.21 0.65429
11.22 0.64283
11.23 0.63137
11.24 0.61991
11.25 0.60845
11.26 0.59699
11.27 0.58553
11.28 0.57407
11.29 0.56261
11.3 0.55115
11.31 0.53969
11.32 0.52824
11.33 0.51678
11.34 0.50532
11.35 0.49386
11.36 0.4824
11.37 0.47094
11.38 0.45948
11.39 0.44802
11.4 0.43656
11.41 0.4251
11.42 0.41364
11.43 0.40218
11.44 0.39073
11.45 0.37927
11.46 0.36781
11.47 0.35635
11.48 0.34489
11.49 0.33343
11.5 0.32197
11.51 0.31051
11.52 0.29905
11.53 0.28759
11.54 0.27613
11.55 0.26467
11.56 0.25322
11.57 0.24176
11.58 0.2303
11.59 0.21884
11.6 0.20738
11.61 0.19592
11.62 0.18446
11.63 0.173
11.64 0.16154
11.65 0.15008
11.66 0.13862
11.67 0.12717
11.68 0.11571
11.69 0.10425
11.7 0.092788
11.71 0.081328
11.72 0.069869
11.73 0.05841
11.74 0.046951
11.75 0.035492
11.76 0.024033
11.77 0.012574
11.78 0.0011143
11.79 -0.010345
11.8 -0.021804
11.81 -0.033263
11.82 -0.044722
11.83 -0.056181
11.84 -0.067641
11.85 -0.0791
11.86 -0.090559
11.87 -0.10202
11.88 -0.11348
11.89 -0.12494
11.9 -0.1364
11.91 -0.14785
11.92 -0.15931
11.93 -0.17077
11.94 -0.18223
11.95 -0.19369
11.96 -0.20515
11.97 -0.21661
11.98 -0.22807
11.99 -0.23953
12 -0.25099
12.01 -0.26245
12.02 -0.27391
12.03 -0.28536
12.04 -0.29682
12.05 -0.30828
12.06 -0.31974
12.07 -0.3312
12.08 -0.34266
12.09 -0.35412
12.1 -0.36558
12.11 -0.37704
12.12 -0.3885
12.13 -0.39996
12.14 -0.41142
12.15 -0.42287
12.16 -0.43433
12.17 -0.44579
12.18 -0.45725
12.19 -0.46871
12.2 -0.48017
12.21 -0.49163
12.22 -0.50309
12.23 -0.51455
12.24 -0.52601
12.25 -0.53747
12.26 -0.54893
12.27 -0.56038
12.28 -0.57184
12.29 -0.5833
12.3 -0.59476
12.31 -0.60622
12.32 -0.61768
12.33 -0.62914
12.34 -0.6406
12.35 -0.65206
12.36 -0.66352
12.37 -0.67498
12.38 -0.68644
12.39 -0.69789
12.4 -0.70935
12.41 -0.72081
12.42 -0.73227
12.43 -0.74373
12.44 -0.75519
12.45 -0.76665
12.46 -0.77811
12.47 -0.78957
12.48 -0.80103
12.49 -0.81249
12.5 -0.82394
12.51 -0.8354
12.52 -0.84686
12.53 -0.85832
12.54 -0.86978
12.55 -0.88124
12.56 -0.8927
12.57 -0.89584
12.58 -0.88438
12.59 -0.87292
12.6 -0.86146
12.61 -0.85
12.62 -0.83855
12.63 -0.82709
12.64 -0.81563
12.65 -0.80417
12.66 -0.79271
12.67 -0.78125
12.68 -0.76979
12.69 -0.75833
12.7 -0.74687
12.71 -0.73541
12.72 -0.72395
12.73 -0.71249
12.74 -0.70104
12.75 -0.68958
12.76 -0.67812
12.77 -0.66666
12.78 -0.6552
12.79 -0.64374
12.8 -0.63228
12.81 -0.62082
12.82 -0.60936
12.83 -0.5979
12.84 -0.58644
12.85 -0.57498
12.86 -0.56353
12.87 -0.55207
12.88 -0.54061
12.89 -0.52915
12.9 -0.51769
12.91 -0.50623
12.92 -0.49477
12.93 -0.48331
12.94 -0.47185
12.95 -0.46039
12.96 -0.44893
12.97 -0.43747
12.98 -0.42602
12.99 -0.41456
13 -0.4031
13.01 -0.39164
13.02 -0.38018
13.03 -0.36872
13.04 -0.35726
13.05 -0.3458
13.06 -0.33434
13.07 -0.32288
13.08 -0.31142
13.09 -0.29996
13.1 -0.28851
13.11 -0.27705
13.12 -0.26559
13.13 -0.25413
13.14 -0.24267
13.15 -0.23121
13.16 -0.21975
13.17 -0.20829
13.18 -0.19683
13.19 -0.18537
13.2 -0.17391
13.21 -0.16246
13.22 -0.151
13.23 -0.13954
13.24 -0.12808
13.25 -0.11662
13.26 -0.10516
13.27 -0.0937
13.28 -0.082241
13.29 -0.070782
13.3 -0.059323
13.31 -0.047863
13.32 -0.036404
13.33 -0.024945
13.34 -0.013486
13.35 -0.0020269
13.36 0.0094323
13.37 0.020891
13.38 0.032351
13.39 0.04381
13.4 0.055269
13.41 0.066728
13.42 0.078187
13.43 0.089646
13.44 0.10111
13.45 0.11256
13.46 0.12402
13.47 0.13548
13.48 0.14694
13.49 0.1584
13.5 0.16986
13.51 0.18132
13.52 0.19278
13.53 0.20424
13.54 0.2157
13.55 0.22716
13.56 0.23862
13.57 0.25007
13.58 0.26153
13.59 0.27299
13.6 0.28445
13.61 0.29591
13.62 0.30737
13.63 0.31883
13.64 0.33029
13.65 0.34175
13.66 0.35321
13.67 0.36467
13.68 0.37613
13.69 0.38758
13.7 0.39904
13.71 0.4105
13.72 0.42196
13.73 0.43342
13.74 0.44488
13.75 0.45634
13.76 0.4678
13.77 0.47926
13.78 0.49072
13.79 0.50218
13.8 0.51364
13.81 0.52509
13.82 0.53655
13.83 0.54801
13.84 0.55947
13.85 0.57093
13.86 0.58239
13.87 0.59385
13.88 0.60531
13.89 0.61677
13.9 0.62823
13.91 0.63969
13.92 0.65115
13.93 0.6626
13.94 0.67406
13.95 0.68552
13.96 0.69698
13.97 0.70844
13.98 0.7199
13.99 0.73136
14 0.74282
14.01 0.75428
14.02 0.76574
14.03 0.7772
14.04 0.78865
14.05 0.80011
14.06 0.81157
14.07 0.82303
14.08 0.83449
14.09 0.84595
14.1 0.85741
14.11 0.86887
14.12 0.88033
14.13 0.89179
14.14 0.89675
14.15 0.88529
14.16 0.87384
14.17 0.86238
14.18 0.85092
14.19 0.83946
14.2 0.828
14.21 0.81654
14.22 0.80508
14.23 0.79362
14.24 0.78216
14.25 0.7707
14.26 0.75924
14.27 0.74778
14.28 0.73633
14.29 0.72487
14.3 0.71341
14.31 0.70195
14.32 0.69049
14.33 0.67903
14.34 0.66757
14.35 0.65611
14.36 0.64465
14.37 0.63319
14.38 0.62173
14.39 0.61027
14.4 0.59882
14.41 0.58736
14.42 0.5759
14.43 0.56444
14.44 0.55298
14.45 0.54152
14.46 0.53006
14.47 0.5186
14.48 0.50714
14.49 0.49568
14.5 0.48422
14.51 0.47276
14.52 0.46131
14.53 0.44985
14.54 0.43839
14.55 0.42693
14.56 0.41547
14.57 0.40401
14.58 0.39255
14.59 0.38109
14.6 0.36963
14.61 0.35817
14.62 0.34671
14.63 0.33525
14.64 0.3238
14.65 0.31234
14.66 0.30088
14.67 0.28942
14.68 0.27796
14.69 0.2665
14.7 0.25504
14.71 0.24358
14.72 0.23212
14.73 0.22066
14.74 0.2092
14.75 0.19775
14.76 0.18629
14.77 0.17483
14.78 0.16337
14.79 0.15191
14.8 0.14045
14.81 0.12899
14.82 0.11753
14.83 0.10607
14.84 0.094613
14.85 0.083153
14.86 0.071694
14.87 0.060235
14.88 0.048776
14.89 0.037317
14.9 0.025858
14.91 0.014399
14.92 0.0029394
14.93 -0.0085198
14.94 -0.019979
14.95 -0.031438
14.96 -0.042897
14.97 -0.054356
14.98 -0.065816
14.99 -0.077275
15 -0.088734
15.01 -0.10019
15.02 -0.11165
15.03 -0.12311
15.04 -0.13457
15.05 -0.14603
15.06 -0.15749
15.07 -0.16895
15.08 -0.18041
15.09 -0.19187
15.1 -0.20333
15.11 -0.21478
15.12 -0.22624
15.13 -0.2377
15.14 -0.24916
15.15 -0.26062
15.16 -0.27208
15.17 -0.28354
15.18 -0.295
15.19 -0.30646
15.2 -0.31792
15.21 -0.32938
15.22 -0.34084
15.23 -0.35229
15.24 -0.36375
15.25 -0.37521
15.26 -0.38667
15.27 -0.39813
15.28 -0.40959
15.29 -0.42105
15.3 -0.43251
15.31 -0.44397
15.32 -0.45543
15.33 -0.46689
15.34 -0.47835
15.35 -0.4898
15.36 -0.50126
15.37 -0.51272
15.38 -0.52418
15.39 -0.53564
15.4 -0.5471
15.41 -0.55856
15.42 -0.57002
15.43 -0.58148
15.44 -0.59294
15.45 -0.6044
15.46 -0.61586
15.47 -0.62731
15.48 -0.63877
15.49 -0.65023
15.5 -0.66169
15.51 -0.67315
15.52 -0.68461
15.53 -0.69607
15.54 -0.70753
15.55 -0.71899
15.56 -0.73045
15.57 -0.74191
15.58 -0.75336
15.59 -0.76482
15.6 -0.77628
15.61 -0.78774
15.62 -0.7992
15.63 -0.81066
15.64 -0.82212
15.65 -0.83358
15.66 -0.84504
15.67 -0.8565
15.68 -0.86796
15.69 -0.87942
15.7 -0.89087
15.71 -0.89767
15.72 -0.88621
15.73 -0.87475
15.74 -0.86329
15.75 -0.85183
15.76 -0.84037
15.77 -0.82891
15.78 -0.81745
15.79 -0.80599
15.8 -0.79453
15.81 -0.78307
15.82 -0.77162
15.83 -0.76016
15.84 -0.7487
15.85 -0.73724
15.86 -0.72578
15.87 -0.71432
15.88 -0.70286
15.89 -0.6914
15.9 -0.67994
15.91 -0.66848
15.92 -0.65702
15.93 -0.64556
15.94 -0.63411
15.95 -0.62265
15.96 -0.61119
15.97 -0.59973
15.98 -0.58827
15.99 -0.57681
16 -0.56535
16.01 -0.55389
16.02 -0.54243
16.03 -0.53097
16.04 -0.51951
16.05 -0.50805
16.06 -0.4966
16.07 -0.48514
16.08 -0.47368
16.09 -0.46222
16.1 -0.45076
16.11 -0.4393
16.12 -0.42784
16.13 -0.41638
16.14 -0.40492
16.15 -0.39346
16.16 -0.382
16.17 -0.37054
16.18 -0.35909
16.19 -0.34763
16.2 -0.33617
16.21 -0.32471
16.22 -0.31325
16.23 -0.30179
16.24 -0.29033
16.25 -0.27887
16.26 -0.26741
16.27 -0.25595
16.28 -0.24449
16.29 -0.23304
16.3 -0.22158
16.31 -0.21012
16.32 -0.19866
16.33 -0.1872
16.34 -0.17574
16.35 -0.16428
16.36 -0.15282
16.37 -0.14136
16.38 -0.1299
16.39 -0.11844
16.4 -0.10698
16.41 -0.095525
16.42 -0.084066
16.43 -0.072607
16.44 -0.061148
16.45 -0.049689
16.46 -0.038229
16.47 -0.02677
16.48 -0.015311
16.49 -0.0038519
16.5 0.0076072
16.51 0.019066
16.52 0.030526
16.53 0.041985
16.54 0.053444
16.55 0.064903
16.56 0.076362
16.57 0.087821
16.58 0.09928
16.59 0.11074
16.6 0.1222
16.61 0.13366
16.62 0.14512
16.63 0.15658
16.64 0.16804
16.65 0.17949
16.66 0.19095
16.67 0.20241
16.68 0.21387
16.69 0.22533
16.7 0.23679
16.71 0.24825
16.72 0.25971
16.73 0.27117
16.74 0.28263
16.75 0.29409
16.76 0.30555
16.77 0.317
16.78 0.32846
16.79 0.33992
16.8 0.35138
16.81 0.36284
16.82 0.3743
16.83 0.38576
16.84 0.39722
16.85 0.40868
16.86 0.42014
16.87 0.4316
16.88 0.44306
16.89 0.45451
16.9 0.46597
16.91 0.47743
16.92 0.48889
16.93 0.50035
16.94 0.51181
16.95 0.52327
16.96 0.53473
16.97 0.54619
16.98 0.55765
16.99 0.56911
17 0.58057
17.01 0.59202
17.02 0.60348
17.03 0.61494
17.04 0.6264
17.05 0.63786
17.06 0.64932
17.07 0.66078
17.08 0.67224
17.09 0.6837
17.1 0.69516
17.11 0.70662
17.12 0.71807
17.13 0.72953
17.14 0.74099
17.15 0.75245
17.16 0.76391
17.17 0.77537
17.18 0.78683
17.19 0.79829
17.2 0.80975
17.21 0.82121
17.22 0.83267
17.23 0.84413
17.24 0.85558
17.25 0.86704
17.26 0.8785
17.27 0.88996
17.28 0.89858
17.29 0.88712
17.3 0.87566
17.31 0.8642
17.32 0.85274
17.33 0.84128
17.34 0.82982
17.35 0.81836
17.36 0.80691
17.37 0.79545
17.38 0.78399
17.39 0.77253
17.4 0.76107
17.41 0.74961
17.42 0.73815
17.43 0.72669
17.44 0.71523
17.45 0.70377
17.46 0.69231
17.47 0.68085
17.48 0.6694
17.49 0.65794
17.5 0.64648
17.51 0.63502
17.52 0.62356
17.53 0.6121
17.54 0.60064
17.55 0.58918
17.56 0.57772
17.57 0.56626
17.58 0.5548
17.59 0.54334
17.6 0.53189
17.61 0.52043
17.62 0.50897
17.63 0.49751
17.64 0.48605
17.65 0.47459
17.66 0.46313
17.67 0.45167
17.68 0.44021
17.69 0.42875
17.7 0.41729
17.71 0.40583
17.72 0.39438
17.73 0.38292
17.74 0.37146
17.75 0.36
17.76 0.34854
17.77 0.33708
17.78 0.32562
17.79 0.31416
17.8 0.3027
17.81 0.29124
17.82 0.27978
17.83 0.26833
17.84 0.25687
17.85 0.24541
17.86 0.23395
17.87 0.22249
17.88 0.21103
17.89 0.19957
17.9 0.18811
17.91 0.17665
17.92 0.16519
17.93 0.15373
17.94 0.14227
17.95 0.13082
17.96 0.11936
17.97 0.1079
17.98 0.096438
17.99 0.084979
18 0.073519
18.01 0.06206
18.02 0.050601
18.03 0.039142
18.04 0.027683
18.05 0.016224
18.06 0.0047644
18.07 -0.0066947
18.08 -0.018154
18.09 -0.029613
18.1 -0.041072
18.11 -0.052531
18.12 -0.06399
18.13 -0.07545
18.14 -0.086909
18.15 -0.098368
18.16 -0.10983
18.17 -0.12129
18.18 -0.13275
18.19 -0.1442
18.2 -0.15566
18.21 -0.16712
18.22 -0.17858
18.23 -0.19004
18.24 -0.2015
18.25 -0.21296
18.26 -0.22442
18.27 -0.23588
18.28 -0.24734
18.29 -0.2588
18.3 -0.27026
18.31 -0.28171
18.32 -0.29317
18.33 -0.30463
18.34 -0.31609
18.35 -0.32755
18.36 -0.33901
18.37 -0.35047
18.38 -0.36193
18.39 -0.37339
18.4 -0.38485
18.41 -0.39631
18.42 -0.40777
18.43 -0.41922
18.44 -0.43068
18.45 -0.44214
18.46 -0.4536
18.47 -0.46506
18.48 -0.47652
18.49 -0.48798
18.5 -0.49944
18.51 -0.5109
18.52 -0.52236
18.53 -0.53382
18.54 -0.54528
18.55 -0.55673
18.56 -0.56819
18.57 -0.57965
18.58 -0.59111
18.59 -0.60257
18.6 -0.61403
18.61 -0.62549
18.62 -0.63695
18.63 -0.64841
18.64 -0.65987
18.65 -0.67133
18.66 -0.68278
18.67 -0.69424
18.68 -0.7057
18.69 -0.71716
18.7 -0.72862
18.71 -0.74008
18.72 -0.75154
18.73 -0.763
18.74 -0.77446
18.75 -0.78592
18.76 -0.79738
18.77 -0.80884
18.78 -0.82029
18.79 -0.83175
18.8 -0.84321
18.81 -0.85467
18.82 -0.86613
18.83 -0.87759
18.84 -0.88905
18.85 -0.89949
18.86 -0.88803
18.87 -0.87657
18.88 -0.86511
18.89 -0.85365
18.9 -0.8422
18.91 -0.83074
18.92 -0.81928
18.93 -0.80782
18.94 -0.79636
18.95 -0.7849
18.96 -0.77344
18.97 -0.76198
18.98 -0.75052
18.99 -0.73906
19 -0.7276
19.01 -0.71614
19.02 -0.70469
19.03 -0.69323
19.04 -0.68177
19.05 -0.67031
19.06 -0.65885
19.07 -0.64739
19.08 -0.63593
19.09 -0.62447
19.1 -0.61301
19.11 -0.60155
19.12 -0.59009
19.13 -0.57863
19.14 -0.56718
19.15 -0.55572
19.16 -0.54426
19.17 -0.5328
19.18 -0.52134
19.19 -0.50988
19.2 -0.49842
19.21 -0.48696
19.22 -0.4755
19.23 -0.46404
19.24 -0.45258
19.25 -0.44112
19.26 -0.42967
19.27 -0.41821
19.28 -0.40675
19.29 -0.39529
19.3 -0.38383
19.31 -0.37237
19.32 -0.36091
19.33 -0.34945
19.34 -0.33799
19.35 -0.32653
19.36 -0.31507
19.37 -0.30362
19.38 -0.29216
19.39 -0.2807
19.4 -0.26924
19.41 -0.25778
19.42 -0.24632
19.43 -0.23486
19.44 -0.2234
19.45 -0.21194
19.46 -0.20048
19.47 -0.18902
19.48 -0.17756
19.49 -0.16611
19.5 -0.15465
19.51 -0.14319
19.52 -0.13173
19.53 -0.12027
19.54 -0.10881
19.55 -0.09735
19.56 -0.085891
19.57 -0.074432
19.58 -0.062973
19.59 -0.051514
19.6 -0.040054
19.61 -0.028595
19.62 -0.017136
19.63 -0.005677
19.64 0.0057822
19.65 0.017241
19.66 0.028701
19.67 0.04016
19.68 0.051619
19.69 0.063078
19.7 0.074537
19.71 0.085996
19.72 0.097455
19.73 0.10891
19.74 0.12037
19.75 0.13183
19.76 0.14329
19.77 0.15475
19.78 0.16621
19.79 0.17767
19.8 0.18913
19.81 0.20059
19.82 0.21205
19.83 0.22351
19.84 0.23497
19.85 0.24642
19.86 0.25788
19.87 0.26934
19.88 0.2808
19.89 0.29226
19.9 0.30372
19.91 0.31518
19.92 0.32664
19.93 0.3381
19.94 0.34956
19.95 0.36102
19.96 0.37248
19.97 0.38393
19.98 0.39539
19.99 0.40685
20 0.41831
20.01 0.42977
20.02 0.44123
20.03 0.45269
20.04 0.46415
20.05 0.47561
20.06 0.48707
20.07 0.49853
20.08 0.50999
20.09 0.52144
20.1 0.5329
20.11 0.54436
20.12 0.55582
20.13 0.56728
20.14 0.57874
20.15 0.5902
20.16 0.60166
20.17 0.61312
20.18 0.62458
20.19 0.63604
20.2 0.64749
20.21 0.65895
20.22 0.67041
20.23 0.68187
20.24 0.69333
20.25 0.70479
20.26 0.71625
20.27 0.72771
20.28 0.73917
20.29 0.75063
20.3 0.76209
20.31 0.77355
20.32 0.785
20.33 0.79646
20.34 0.80792
20.35 0.81938
20.36 0.83084
20.37 0.8423
20.38 0.85376
20.39 0.86522
20.4 0.87668
20.41 0.88814
20.42 0.8996
20.43 0.88894
20.44 0.87749
20.45 0.86603
20.46 0.85457
20.47 0.84311
20.48 0.83165
20.49 0.82019
20.5 0.80873
20.51 0.79727
20.52 0.78581
20.53 0.77435
20.54 0.76289
20.55 0.75143
20.56 0.73998
20.57 0.72852
20.58 0.71706
20.59 0.7056
20.6 0.69414
20.61 0.68268
20.62 0.67122
20.63 0.65976
20.64 0.6483
20.65 0.63684
20.66 0.62538
20.67 0.61392
20.68 0.60247
20.69 0.59101
20.7 0.57955
20.71 0.56809
20.72 0.55663
20.73 0.54517
20.74 0.53371
20.75 0.52225
20.76 0.51079
20.77 0.49933
20.78 0.48787
20.79 0.47641
20.8 0.46496
20.81 0.4535
20.82 0.44204
20.83 0.43058
20.84 0.41912
20.85 0.40766
20.86 0.3962
20.87 0.38474
20.88 0.37328
20.89 0.36182
20.9 0.35036
20.91 0.33891
20.92 0.32745
20.93 0.31599
20.94 0.30453
20.95 0.29307
20.96 0.28161
20.97 0.27015
20.98 0.25869
20.99 0.24723
21 0.23577
21.01 0.22431
21.02 0.21285
21.03 0.2014
21.04 0.18994
21.05 0.17848
21.06 0.16702
21.07 0.15556
21.08 0.1441
21.09 0.13264
21.1 0.12118
21.11 0.10972
21.12 0.098263
21.13 0.086804
21.14 0.075344
21.15 0.063885
21.16 0.052426
21.17 0.040967
21.18 0.029508
21.19 0.018049
21.2 0.0065895
21.21 -0.0048697
21.22 -0.016329
21.23 -0.027788
21.24 -0.039247
21.25 -0.050706
21.26 -0.062165
21.27 -0.073625
21.28 -0.085084
21.29 -0.096543
21.3 -0.108
21.31 -0.11946
21.32 -0.13092
21.33 -0.14238
21.34 -0.15384
21.35 -0.1653
21.36 -0.17676
21.37 -0.18822
21.38 -0.19968
21.39 -0.21113
21.4 -0.22259
21.41 -0.23405
21.42 -0.24551
21.43 -0.25697
21.44 -0.26843
21.45 -0.27989
21.46 -0.29135
21.47 -0.30281
21.48 -0.31427
21.49 -0.32573
21.5 -0.33719
21.51 -0.34864
21.52 -0.3601
21.53 -0.37156
21.54 -0.38302
21.55 -0.39448
21.56 -0.40594
21.57 -0.4174
21.58 -0.42886
21.59 -0.44032
21.6 -0.45178
21.61 -0.46324
21.62 -0.4747
21.63 -0.48615
21.64 -0.49761
21.65 -0.50907
21.66 -0.52053
21.67 -0.53199
21.68 -0.54345
21.69 -0.55491
21.7 -0.56637
21.71 -0.57783
21.72 -0.58929
21.73 -0.60075
21.74 -0.6122
21.75 -0.62366
21.76 -0.63512
21.77 -0.64658
21.78 -0.65804
21.79 -0.6695
21.8 -0.68096
21.81 -0.69242
21.82 -0.70388
21.83 -0.71534
21.84 -0.7268
21.85 -0.73826
21.86 -0.74971
21.87 -0.76117
21.88 -0.77263
21.89 -0.78409
21.9 -0.79555
21.91 -0.80701
21.92 -0.81847
21.93 -0.82993
21.94 -0.84139
21.95 -0.85285
21.96 -0.86431
21.97 -0.87577
21.98 -0.88722
21.99 -0.89868
22 -0.88986
22.01 -0.8784
22.02 -0.86694
22.03 -0.85548
22.04 -0.84402
22.05 -0.83256
22.06 -0.8211
22.07 -0.80964
22.08 -0.79818
22.09 -0.78672
22.1 -0.77527
22.11 -0.76381
22.12 -0.75235
22.13 -0.74089
22.14 -0.72943
22.15 -0.71797
22.16 -0.70651
22.17 -0.69505
22.18 -0.68359
22.19 -0.67213
22.2 -0.66067
22.21 -0.64921
22.22 -0.63776
22.23 -0.6263
22.24 -0.61484
22.25 -0.60338
22.26 -0.59192
22.27 -0.58046
22.28 -0.569
22.29 -0.55754
22.3 -0.54608
22.31 -0.53462
22.32 -0.52316
22.33 -0.5117
22.34 -0.50025
22.35 -0.48879
22.36 -0.47733
22.37 -0.46587
22.38 -0.45441
22.39 -0.44295
22.4 -0.43149
22.41 -0.42003
22.42 -0.40857
22.43 -0.39711
22.44 -0.38565
22.45 -0.37419
22.46 -0.36274
22.47 -0.35128
22.48 -0.33982
22.49 -0.32836
22.5 -0.3169
22.51 -0.30544
22.52 -0.29398
22.53 -0.28252
22.54 -0.27106
22.55 -0.2596
22.56 -0.24814
22.57 -0.23669
22.58 -0.22523
22.59 -0.21377
22.6 -0.20231
22.61 -0.19085
22.62 -0.17939
22.63 -0.16793
22.64 -0.15647
22.65 -0.14501
22.66 -0.13355
22.67 -0.12209
22.68 -0.11063
22.69 -0.099175
22.7 -0.087716
22.71 -0.076257
22.72 -0.064798
22.73 -0.053339
22.74 -0.041879
22.75 -0.03042
22.76 -0.018961
22.77 -0.007502
22.78 0.0039571
22.79 0.015416
22.8 0.026875
22.81 0.038335
22.82 0.049794
22.83 0.061253
22.84 0.072712
22.85 0.084171
22.86 0.09563
22.87 0.10709
22.88 0.11855
22.89 0.13001
22.9 0.14147
22.91 0.15293
22.92 0.16439
22.93 0.17584
22.94 0.1873
22.95 0.19876
22.96 0.21022
22.97 0.22168
22.98 0.23314
22.99 0.2446
23 0.25606
23.01 0.26752
23.02 0.27898
23.03 0.29044
23.04 0.3019
23.05 0.31335
23.06 0.32481
23.07 0.33627
23.08 0.34773
23.09 0.35919
23.1 0.37065
23.11 0.38211
23.12 0.39357
23.13 0.40503
23.14 0.41649
23.15 0.42795
23.16 0.43941
23.17 0.45086
23.18 0.46232
23.19 0.47378
23.2 0.48524
23.21 0.4967
23.22 0.50816
23.23 0.51962
23.24 0.53108
23.25 0.54254
23.26 0.554
23.27 0.56546
23.28 0.57691
23.29 0.58837
23.3 0.59983
23.31 0.61129
23.32 0.62275
23.33 0.63421
23.34 0.64567
23.35 0.65713
23.36 0.66859
23.37 0.68005
23.38 0.69151
23.39 0.70297
23.4 0.71442
23.41 0.72588
23.42 0.73734
23.43 0.7488
23.44 0.76026
23.45 0.77172
23.46 0.78318
23.47 0.79464
23.48 0.8061
23.49 0.81756
23.5 0.82902
23.51 0.84048
23.52 0.85193
23.53 0.86339
23.54 0.87485
23.55 0.88631
23.56 0.89777
23.57 0.89077
23.58 0.87931
23.59 0.86785
23.6 0.85639
23.61 0.84493
23.62 0.83347
23.63 0.82201
23.64 0.81056
23.65 0.7991
23.66 0.78764
23.67 0.77618
23.68 0.76472
23.69 0.75326
23.7 0.7418
23.71 0.73034
23.72 0.71888
23.73 0.70742
23.74 0.69596
23.75 0.6845
23.76 0.67305
23.77 0.66159
23.78 0.65013
23.79 0.63867
23.8 0.62721
23.81 0.61575
23.82 0.60429
23.83 0.59283
23.84 0.58137
23.85 0.56991
23.86 0.55845
23.87 0.54699
23.88 0.53554
23.89 0.52408
23.9 0.51262
23.91 0.50116
23.92 0.4897
23.93 0.47824
23.94 0.46678
23.95 0.45532
23.96 0.44386
23.97 0.4324
23.98 0.42094
23.99 0.40948
24 0.39803
24.01 0.38657
24.02 0.37511
24.03 0.36365
24.04 0.35219
24.05 0.34073
24.06 0.32927
24.07 0.31781
24.08 0.30635
24.09 0.29489
24.1 0.28343
24.11 0.27198
24.12 0.26052
24.13 0.24906
24.14 0.2376
24.15 0.22614
24.16 0.21468
24.17 0.20322
24.18 0.19176
24.19 0.1803
24.2 0.16884
24.21 0.15738
24.22 0.14592
24.23 0.13447
24.24 0.12301
24.25 0.11155
24.26 0.10009
24.27 0.088629
24.28 0.077169
24.29 0.06571
24.3 0.054251
24.31 0.042792
24.32 0.031333
24.33 0.019874
24.34 0.0084145
24.35 -0.0030446
24.36 -0.014504
24.37 -0.025963
24.38 -0.037422
24.39 -0.048881
24.4 -0.06034
24.41 -0.0718
24.42 -0.083259
24.43 -0.094718
24.44 -0.10618
24.45 -0.11764
24.46 -0.1291
24.47 -0.14055
24.48 -0.15201
24.49 -0.16347
24.5 -0.17493
24.51 -0.18639
24.52 -0.19785
24.53 -0.20931
24.54 -0.22077
24.55 -0.23223
24.56 -0.24369
24.57 -0.25515
24.58 -0.26661
24.59 -0.27806
24.6 -0.28952
24.61 -0.30098
24.62 -0.31244
24.63 -0.3239
24.64 -0.33536
24.65 -0.34682
24.66 -0.35828
24.67 -0.36974
24.68 -0.3812
24.69 -0.39266
24.7 -0.40412
24.71 -0.41557
24.72 -0.42703
24.73 -0.43849
24.74 -0.44995
24.75 -0.46141
24.76 -0.47287
24.77 -0.48433
24.78 -0.49579
24.79 -0.50725
24.8 -0.51871
24.81 -0.53017
24.82 -0.54162
24.83 -0.55308
24.84 -0.56454
24.85 -0.576
24.86 -0.58746
24.87 -0.59892
24.88 -0.61038
24.89 -0.62184
24.9 -0.6333
24.91 -0.64476
24.92 -0.65622
24.93 -0.66768
24.94 -0.67913
24.95 -0.69059
24.96 -0.70205
24.97 -0.71351
24.98 -0.72497
24.99 -0.73643
25 -0.74789
25.01 -0.75935
25.02 -0.77081
25.03 -0.78227
25.04 -0.79373
25.05 -0.80519
25.06 -0.81664
25.07 -0.8281
25.08 -0.83956
25.09 -0.85102
25.1 -0.86248
25.11 -0.87394
25.12 -0.8854
25.13 -0.89686
25.14 -0.89168
25.15 -0.88022
25.16 -0.86876
25.17 -0.8573
25.18 -0.84585
25.19 -0.83439
25.2 -0.82293
25.21 -0.81147
25.22 -0.80001
25.23 -0.78855
25.24 -0.77709
25.25 -0.76563
25.26 -0.75417
25.27 -0.74271
25.28 -0.73125
25.29 -0.71979
25.3 -0.70834
25.31 -0.69688
25.32 -0.68542
25.33 -0.67396
25.34 -0.6625
25.35 -0.65104
25.36 -0.63958
25.37 -0.62812
25.38 -0.61666
25.39 -0.6052
25.4 -0.59374
25.41 -0.58228
25.42 -0.57083
25.43 -0.55937
25.44 -0.54791
25.45 -0.53645
25.46 -0.52499
25.47 -0.51353
25.48 -0.50207
25.49 -0.49061
25.5 -0.47915
25.51 -0.46769
25.52 -0.45623
25.53 -0.44477
25.54 -0.43332
25.55 -0.42186
25.56 -0.4104
25.57 -0.39894
25.58 -0.38748
25.59 -0.37602
25.6 -0.36456
25.61 -0.3531
25.62 -0.34164
25.63 -0.33018
25.64 -0.31872
25.65 -0.30727
25.66 -0.29581
25.67 -0.28435
25.68 -0.27289
25.69 -0.26143
25.7 -0.24997
25.71 -0.23851
25.72 -0.22705
25.73 -0.21559
25.74 -0.20413
25.75 -0.19267
25.76 -0.18121
25.77 -0.16976
25.78 -0.1583
25.79 -0.14684
25.8 -0.13538
25.81 -0.12392
25.82 -0.11246
25.83 -0.101
25.84 -0.089541
25.85 -0.078082
25.86 -0.066623
25.87 -0.055164
25.88 -0.043705
25.89 -0.032245
25.9 -0.020786
25.91 -0.0093271
25.92 0.0021321
25.93 0.013591
25.94 0.02505
25.95 0.03651
25.96 0.047969
25.97 0.059428
25.98 0.070887
25.99 0.082346
26 0.093805
26.01 0.10526
26.02 0.11672
26.03 0.12818
26.04 0.13964
26.05 0.1511
26.06 0.16256
26.07 0.17402
26.08 0.18548
26.09 0.19694
26.1 0.2084
26.11 0.21986
26.12 0.23132
26.13 0.24277
26.14 0.25423
26.15 0.26569
26.16 0.27715
26.17 0.28861
26.18 0.30007
26.19 0.31153
26.2 0.32299
26.21 0.33445
26.22 0.34591
26.23 0.35737
26.24 0.36883
26.25 0.38028
26.26 0.39174
26.27 0.4032
26.28 0.41466
26.29 0.42612
26.3 0.43758
26.31 0.44904
26.32 0.4605
26.33 0.47196
26.34 0.48342
26.35 0.49488
26.36 0.50633
26.37 0.51779
26.38 0.52925
26.39 0.54071
26.4 0.55217
26.41 0.56363
26.42 0.57509
26.43 0.58655
26.44 0.59801
26.45 0.60947
26.46 0.62093
26.47 0.63239
26.48 0.64384
26.49 0.6553
26.5 0.66676
26.51 0.67822
26.52 0.68968
26.53 0.70114
26.54 0.7126
26.55 0.72406
26.56 0.73552
26.57 0.74698
26.58 0.75844
26.59 0.7699
26.6 0.78135
26.61 0.79281
26.62 0.80427
26.63 0.81573
26.64 0.82719
26.65 0.83865
26.66 0.85011
26.67 0.86157
26.68 0.87303
26.69 0.88449
26.7 0.89595
26.71 0.89259
26.72 0.88114
26.73 0.86968
26.74 0.85822
26.75 0.84676
26.76 0.8353
26.77 0.82384
26.78 0.81238
26.79 0.80092
26.8 0.78946
26.81 0.778
26.82 0.76654
26.83 0.75508
26.84 0.74363
26.85 0.73217
26.86 0.72071
26.87 0.70925
26.88 0.69779
26.89 0.68633
26.9 0.67487
26.91 0.66341
26.92 0.65195
26.93 0.64049
26.94 0.62903
26.95 0.61757
26.96 0.60612
26.97 0.59466
26.98 0.5832
26.99 0.57174
27 0.56028
27.01 0.54882
27.02 0.53736
27.03 0.5259
27.04 0.51444
27.05 0.50298
27.06 0.49152
27.07 0.48006
27.08 0.46861
27.09 0.45715
27.1 0.44569
27.11 0.43423
27.12 0.42277
27.13 0.41131
27.14 0.39985
27.15 0.38839
27.16 0.37693
27.17 0.36547
27.18 0.35401
27.19 0.34256
27.2 0.3311
27.21 0.31964
27.22 0.30818
27.23 0.29672
27.24 0.28526
27.25 0.2738
27.26 0.26234
27.27 0.25088
27.28 0.23942
27.29 0.22796
27.3 0.2165
27.31 0.20505
27.32 0.19359
27.33 0.18213
27.34 0.17067
27.35 0.15921
27.36 0.14775
27.37 0.13629
27.38 0.12483
27.39 0.11337
27.4 0.10191
27.41 0.090454
27.42 0.078995
27.43 0.067535
27.44 0.056076
27.45 0.044617
27.46 0.033158
27.47 0.021699
27.48 0.01024
27.49 -0.0012196
27.5 -0.012679
27.51 -0.024138
27.52 -0.035597
27.53 -0.047056
27.54 -0.058515
27.55 -0.069975
27.56 -0.081434
27.57 -0.092893
27.58 -0.10435
27.59 -0.11581
27.6 -0.12727
27.61 -0.13873
27.62 -0.15019
27.63 -0.16165
27.64 -0.17311
27.65 -0.18457
27.66 -0.19603
27.67 -0.20748
27.68 -0.21894
27.69 -0.2304
27.7 -0.24186
27.71 -0.25332
27.72 -0.26478
27.73 -0.27624
27.74 -0.2877
27.75 -0.29916
27.76 -0.31062
27.77 -0.32208
27.78 -0.33354
27.79 -0.34499
27.8 -0.35645
27.81 -0.36791
27.82 -0.37937
27.83 -0.39083
27.84 -0.40229
27.85 -0.41375
27.86 -0.42521
27.87 -0.43667
27.88 -0.44813
27.89 -0.45959
27.9 -0.47104
27.91 -0.4825
27.92 -0.49396
27.93 -0.50542
27.94 -0.51688
27.95 -0.52834
27.96 -0.5398
27.97 -0.55126
27.98 -0.56272
27.99 -0.57418
28 -0.58564
28.01 -0.5971
28.02 -0.60855
28.03 -0.62001
28.04 -0.63147
28.05 -0.64293
28.06 -0.65439
28.07 -0.66585
28.08 -0.67731
28.09 -0.68877
28.1 -0.70023
28.11 -0.71169
28.12 -0.72315
28.13 -0.73461
28.14 -0.74606
28.15 -0.75752
28.16 -0.76898
28.17 -0.78044
28.18 -0.7919
28.19 -0.80336
28.2 -0.81482
28.21 -0.82628
28.22 -0.83774
28.23 -0.8492
28.24 -0.86066
28.25 -0.87212
28.26 -0.88357
28.27 -0.89503
28.28 -0.89351
28.29 -0.88205
28.3 -0.87059
28.31 -0.85913
28.32 -0.84767
28.33 -0.83621
28.34 -0.82475
28.35 -0.81329
28.36 -0.80183
28.37 -0.79037
28.38 -0.77892
28.39 -0.76746
28.4 -0.756
28.41 -0.74454
28.42 -0.73308
28.43 -0.72162
28.44 -0.71016
28.45 -0.6987
28.46 -0.68724
28.47 -0.67578
28.48 -0.66432
28.49 -0.65286
28.5 -0.64141
28.51 -0.62995
28.52 -0.61849
28.53 -0.60703
28.54 -0.59557
28.55 -0.58411
28.56 -0.57265
28.57 -0.56119
28.58 -0.54973
28.59 -0.53827
28.6 -0.52681
28.61 -0.51535
28.62 -0.5039
28.63 -0.49244
28.64 -0.48098
28.65 -0.46952
28.66 -0.45806
28.67 -0.4466
28.68 -0.43514
28.69 -0.42368
28.7 -0.41222
28.71 -0.40076
28.72 -0.3893
28.73 -0.37785
28.74 -0.36639
28.75 -0.35493
28.76 -0.34347
28.77 -0.33201
28.78 -0.32055
28.79 -0.30909
28.8 -0.29763
28.81 -0.28617
28.82 -0.27471
28.83 -0.26325
28.84 -0.25179
28.85 -0.24034
28.86 -0.22888
28.87 -0.21742
28.88 -0.20596
28.89 -0.1945
28.9 -0.18304
28.91 -0.17158
28.92 -0.16012
28.93 -0.14866
28.94 -0.1372
28.95 -0.12574
28.96 -0.11428
28.97 -0.10283
28.98 -0.091366
28.99 -0.079907
29 -0.068448
29.01 -0.056989
29.02 -0.04553
29.03 -0.03407
29.04 -0.022611
29.05 -0.011152
29.06 0.00030705
29.07 0.011766
29.08 0.023225
29.09 0.034685
29.1 0.046144
29.11 0.057603
29.12 0.069062
29.13 0.080521
29.14 0.09198
29.15 0.10344
29.16 0.1149
29.17 0.12636
29.18 0.13782
29.19 0.14928
29.2 0.16074
29.21 0.17219
29.22 0.18365
29.23 0.19511
29.24 0.20657
29.25 0.21803
29.26 0.22949
29.27 0.24095
29.28 0.25241
29.29 0.26387
29.3 0.27533
29.31 0.28679
29.32 0.29825
29.33 0.3097
29.34 0.32116
29.35 0.33262
29.36 0.34408
29.37 0.35554
29.38 0.367
29.39 0.37846
29.4 0.38992
29.41 0.40138
29.42 0.41284
29.43 0.4243
29.44 0.43575
29.45 0.44721
29.46 0.45867
29.47 0.47013
29.48 0.48159
29.49 0.49305
29.5 0.50451
29.51 0.51597
29.52 0.52743
29.53 0.53889
29.54 0.55035
29.55 0.56181
29.56 0.57326
29.57 0.58472
29.58 0.59618
29.59 0.60764
29.6 0.6191
29.61 0.63056
29.62 0.64202
29.63 0.65348
29.64 0.66494
29.65 0.6764
29.66 0.68786
29.67 0.69932
29.68 0.71077
29.69 0.72223
29.7 0.73369
29.71 0.74515
29.72 0.75661
29.73 0.76807
29.74 0.77953
29.75 0.79099
29.76 0.80245
29.77 0.81391
29.78 0.82537
29.79 0.83683
29.8 0.84828
29.81 0.85974
29.82 0.8712
29.83 0.88266
29.84 0.89412
29.85 0.89442
29.86 0.88296
29.87 0.8715
29.88 0.86004
29.89 0.84858
29.9 0.83712
29.91 0.82566
29.92 0.81421
29.93 0.80275
29.94 0.79129
29.95 0.77983
29.96 0.76837
29.97 0.75691
29.98 0.74545
29.99 0.73399
30 0.72253
