4.940642183559411
4.883638803517039
4.828990784631879
4.776697202144935
4.726758980815203
4.679175195883688
4.633946772109384
4.5910727847332975
4.550554158514422
4.512389968693764
4.476581140030317
4.443126747765087
4.412027716657068
4.383283121947267
4.356893888394676
4.332859091240303
4.311179655243142
4.2918546556441965
4.274885017202463
4.260269815158947
4.248009974272642
4.238104569784554
4.230554526453677
4.2253589195210175
4.221594582424636
4.218076812554293
4.214805513103068
4.21178078087788
4.2090025190718094
4.2064708244917774
4.204185600330862
4.202146943395985
4.200354756880226
4.198809137590504
4.1975099887199
4.196457407075334
4.195651315211269
4.195091742169782
4.1947786879508735
4.194712150618404
4.19489213404465
4.195318626612782
4.195991638003492
4.196911168216779
4.198077207571952
4.199489814153163
4.201148891153492
4.2030545353798585
4.205206650025342
4.207605235089944
4.210250387380584
4.213142010090341
4.216280200026136
4.219664860381049
4.223296087961999
4.227220151278182
4.233499575751576
4.242133436623188
4.253122658652011
4.26646631707905
4.282165336663302
4.3002187926457704
4.32062760978545
4.3433908633233465
4.368509478018455
4.395982529111779
4.4258109413623155
4.457993790011069
4.492531999817034
4.529424646021216
4.568672653382609
4.610275097142219
4.6542319773000465
4.700544218615085
4.749210896328341
4.8002329351988084
4.8536094104674925
4.909341246893388
4.967427519717501
5.025701518617355
5.081621081118992
5.135185282463418
5.1863950474096265
5.235249451198624
5.281749418589404
5.325894024822973
5.367684194658325
5.407119003336465
5.444199375616388
5.4789243867391
5.511294961463595
5.541310175030879
5.568970952199946
5.594276368211801
5.617227347825439
5.637822966281867
5.656064148340077
5.671950894000069
5.6854822785028505
5.696659226607415
5.705480813554768
5.711947964103904
5.716059753495829
5.719710632881603
5.723114945041339
5.726272786781958
5.729184061296539
5.731848865392002
5.734267102261427
5.736438868711734
5.738364067936004
5.7400427967411565
5.74147495832027
5.742660649480268
5.743599812136995
5.744292455971144
5.744738580982716
5.74493818717171
5.74489128131461
5.74459785953914
5.744057918941093
5.743271459520468
5.7422385296807255
5.740959032614945
5.739433065130047
5.737660530419111
5.735641525289058
5.733375952932967
5.730863910157758
5.728105300156511
5.725100219736147
5.721848572089745
5.718350454024225
5.7146057687326675
5.709597887875749
5.70223464586162
5.692516967449273
5.680443927879716
5.666016451911941
5.649233614786954
5.6300963412637515
5.608603706583337
5.584756635504705
5.558554203268862
5.529997334634802
5.499086029602525
5.465819363413036
5.430198260825331
5.392221797080414
5.35189089693728
5.3092046356369345
5.264163937938372
5.216767879082599
5.1670173838286075
5.114911527417406
5.060451234607987
5.003635580641356
4.944465490276509
4.88727530891739
4.8324395639564885
4.779959180152797
4.729833232747324
4.682062646499062
4.636646496649017
4.593585707956183
4.552879355661566
4.5145283645241605
4.478531809784972
4.444889691444001
4.413602934260241
4.384670613474698
4.358093653846367
4.333871130616252
4.312003968543349
4.292491242868663
4.275333878351188
4.260530950231931
4.248083383269884
4.237990252706054
4.230252483299436
4.224869150291036
4.2210852581967515
4.217547836521585
4.214256982072456
4.211212598042445
4.208414781238471
4.205863434853614
4.203558655694796
4.201500346955096
4.199688605441433
4.198123334346888
4.196804630478381
4.1957323970289915
4.19490668240218
4.194327476917254
4.193994790254905
4.193908622415134
4.194068973397941
4.194475843203326
4.195129222150596
4.1960291199204445
4.197175507470794
4.198568462247182
4.200207887442687
4.20209387986423
4.2042263427048905
4.206605372771589
4.209230873257405
4.212102940969259
4.21522147910023
4.218586584457239
4.222198160233366
4.226056303235531
4.232148001633183
4.2405950611880465
4.251396557141128
4.264552489492425
4.2800637830009345
4.29792951290766
4.318150603971597
4.340726131433752
4.365657020053117
4.3929423450707
4.422583031245494
4.454578153818504
4.488928637548726
4.525633557677166
4.564693838962816
4.606108556646683
4.649878635487762
4.696003150727058
4.7444830271235645
4.795317339918289
4.848507013870224
4.904051124220376
4.96195059572774
5.020412320703335
5.076518684521722
5.130270611941891
5.181667178204849
5.2307093080695894
5.277397001536113
5.3217293338454255
5.363707229756521
5.4033297645104055
5.440597862866072
5.475510600064529
5.508068900864767
5.538271840507795
5.566120343752606
5.591613485840205
5.614752191529587
5.6355355360617585
5.653964444195712
5.670037991172455
5.683757101750981
5.6951208511722955
5.7041301641953925
5.710784116061279
5.715083631528948
5.718754065912626
5.7221780298771865
5.7253554266157085
5.728286352935113
5.7309708088354
5.733408697509649
5.735600115764781
5.737544966793874
5.73924334740385
5.740695160787788
5.741900503752609
5.742859298852776
5.743571575130365
5.744037332585377
5.744256571217811
5.744229295868013
5.743955506535983
5.743435198381375
5.74266837140419
5.741654996562351
5.740395151301395
5.738888738814401
5.7371358559082895
5.73513640577614
5.732890485224872
5.730397997447567
5.727659039251145
5.724673610635604
5.721441614794026
5.717963148533331
5.714238115046597
5.709417960265425
5.702242444327042
5.6927124919904415
5.68082717849663
5.666587428604601
5.649992317555362
5.631042770107904
5.609737861503237
5.5860785165003515
5.560063810340255
5.531694667781942
5.500970164066417
5.467891223952675
5.432456922681722
5.394668185012552
5.354524086186171
5.312025550961573
5.267171654579763
5.219963321799736
5.170399627862499
5.118481497527044
5.064208930793372
5.007581002902489
4.9485986386133884
4.891220731178524
4.836197260141875
4.783529150262436
4.733215476781215
4.685257164457205
4.639653288531412
4.59640477376283
4.555510695392466
4.5169719781793125
4.480787697364376
4.4469587777066515
4.415484294447143
4.3863651723448465
4.359600486640767
4.335191162093898
4.313136273945247
4.293436746953807
4.276091656360584
4.261101926924572
4.248466633886777
4.2381857772472
4.230260281764833
4.224689222680683
4.220885678781575
4.217328605301584
4.214018099047631
4.210954063212795
4.208136594603997
4.205565596414316
4.203241165450674
4.201163204906149
4.199331811587662
4.197746888688292
4.196408533014961
4.195316647760747
4.194471300690495
4.193872472442821
4.193520153337031
4.193414353053821
4.193555071593187
4.1939423089551315
4.194576065139653
4.195456330466061
4.196583163018507
4.19795646599007
4.199576239380751
4.20144257999747
4.203555391033306
4.2059147692951795
4.208520617976171
4.2113730338832
4.2144719202093475
4.217817373761532
4.221409297732834
4.225247788930175
4.231151761252078
4.239411094731192
4.250024864608523
4.262993995643066
4.2783175630758254
4.295996491665796
4.316029856653984
4.338418582799383
4.363161745342999
4.390260269043826
4.419713229142871
4.451521550399126
4.485684308053599
4.522201502106288
4.561074057316189
4.602301048924307
4.645883401689636
4.691820190853182
4.74011234117394
4.790758927892914
4.8437608757690995
4.899117260043503
4.956829005475116
5.01547845652645
5.071772546420586
5.125712199916505
5.177296492255212
5.226526348195702
5.273400842978981
5.317920901364044
5.360085598591895
5.3998958594215285
5.437350759093951
5.472451222368156
5.5051963244851505
5.535586990203927
5.563622294765493
5.589303162928842
5.612629594693973
5.633600665301894
5.652217299511597
5.66847857256409
5.682385409218365
5.693936884715429
5.703133923814275
5.709975601755911
5.714462843299329
5.7181529294878315
5.721596545257216
5.7247935938005625
5.727744171924791
5.7304481828229825
5.732905723302056
5.7351166965550915
5.737081199389009
5.738799134996889
5.740270600185652
5.741495498148377
5.742473925691985
5.743205834413014
5.7436912243114655
5.74393009538734
5.743922450835265
5.743668293946675
5.743167618235509
5.742420423701764
5.74142670066475
5.740186507208618
5.738699746526448
5.736966515425161
5.7349867170978355
5.732760448351392
5.730287612378912
5.7275683059873135
5.724602432369678
5.7213900883329245
5.717931177070133
5.714225795388224
5.7095924419238075
5.702604652061174
5.693261501041329
5.6815639136232665
5.667510965047994
5.651103580074503
5.632340833943802
5.611223651414884
5.587752032487748
5.561925052403401
5.533743635920837
5.503206858281062
5.470315644243069
5.435069069047866
5.397468057454445
5.357511684703813
5.3152008755549645
5.270534705248904
5.223514098544627
5.174138130683139
5.122407726423433
5.068321961006517
5.011881759191383
4.953086196219038
4.895520562708429
4.840310290355023
4.787454454399835
4.736953979601859
4.6888079412021
4.6430172639595515
4.5995810231152205
4.558499218669107
4.519772775380204
4.483400768489519
4.449384122756044
4.417721913420786
4.38841506524274
4.361462653462912
4.336865602840294
4.314622988615893
4.294735735548703
4.2772029188797305
4.262025463367969
4.249202444254425
4.2387347862980915
4.230621564739976
4.224863704339071
4.221040508635138
4.217463880157243
4.214133722098465
4.211050131265725
4.208213010852102
4.205622457664518
4.203278374896051
4.201180859353622
4.19932981423031
4.197725239526116
4.196367232047961
4.195255694988923
4.1943907154752305
4.193772254784116
4.193400312915578
4.193274880188927
4.193395966284853
4.193763571203356
4.194377694944438
4.195238337508098
4.196345518255719
4.197699169422458
4.199299387815235
4.201146076627129
4.203239332665061
4.20557905912211
4.208165352805198
4.210998116907403
4.214077448235646
4.217403249983006
4.2209756189564045
4.224794458348921
4.2305107045950745
4.238582311998439
4.2490083558000205
4.2617897607588136
4.276925602115824
4.294416804630045
4.314262443542484
4.336463443612133
4.36101888008
4.387929677705078
4.417194911728372
4.448815506908878
4.482790538487602
4.519120931223536
4.557805760357687
4.59884595064905
4.6422405773386295
4.68799056518542
4.736094989430429
4.786554774832648
4.839368996633084
4.894538579590731
4.952062598946595
5.010899776073664
5.067381592043549
5.121508971615217
5.173280990029674
5.222698572045914
5.269760792904942
5.314468577365754
5.356821000669354
5.396818987574737
5.43446161332291
5.469749802672864
5.502682630865608
5.533261022660135
5.56148405329745
5.587352647536548
5.6108658806184355
5.632024677302105
5.650828112828564
5.667277111956806
5.6813707499278365
5.6931099515006505
5.702493791916253
5.709523195933638
5.714197238793813
5.717906976787139
5.721370244361348
5.724586944709519
5.727557174638572
5.730280837341588
5.732758029625486
5.734988654683346
5.736972809322089
5.738710396734794
5.740201513728381
5.74144606349593
5.742444142844362
5.743195684008832
5.743700706350724
5.743959209870039
5.7439711965029145
5.743736662377073
5.7432556191093465
5.742528057019042
5.741553985786852
5.740333347328624
5.738866238451279
5.737152562347895
5.735192415825394
5.732985798883775
5.730532614716119
5.727832960129345
5.724886738316534
5.721694046084605
5.7182547866266376
5.714569056749553
5.710123429360886
5.703323365574001
5.694167940629906
5.682658079287593
5.66879285678807
5.652573197890328
5.633998177835377
5.6130687213822075
5.589783903771827
5.56414464976323
5.536150034597421
5.505800983033396
5.473096570312159
5.438037721192705
5.4006235109160405
5.360854864241158
5.318730856409065
5.274252412178754
5.227419531550226
5.178231289764487
5.126688611580532
5.072790572239365
5.01653809649998
4.957930259603385
4.900176900017033
4.844778901587879
4.791735339556942
4.741047138683216
4.692713374207707
4.646734970889409
4.603111003969329
4.561842398206459
4.522928228841807
4.486369420634366
4.452165048825142
4.420316038173129
4.390821463919333
4.363682250822748
4.338897474124381
4.316468058583224
4.296393079440285
4.278672536695563
4.263307355108052
4.250296609918758
4.239641225886675
4.23134027825281
4.225394691776155
4.221551844267398
4.217955563984678
4.214605754121076
4.211502511483512
4.208645739265065
4.206035534272656
4.203671799699365
4.201554632352112
4.199683935423976
4.198059805721878
4.196682146438898
4.195551054381956
4.194666442424823
4.194028349290267
4.19363677497829
4.1934917194888905
4.193593173141377
4.19394114561644
4.194535636914082
4.1953766470343
4.196464175977097
4.197798175339011
4.199378741926963
4.201205778934033
4.20327938316714
4.205599457819365
4.208166099697628
4.210979211995009
4.2140388915184275
4.2173450414609635
4.220897758629537
4.224696946217228
4.230226391146626
4.238110272474241
4.2483495149590675
4.2609431938421105
4.275892233882365
4.293195710320837
4.312854547916519
4.334867821910419
4.35923645706153
4.385959528610858
4.415037036558403
4.44646990566316
4.480257211166133
4.516399877826318
4.55489698088472
4.595749445100333
4.638956345714163
4.684518607485205
4.732435305654463
4.782707364980933
4.83533386070562
4.890315717587518
4.947652010867633
5.006675989311441
5.063345531357076
5.117659712245499
5.169619456735705
5.2192238400687
5.266473787003479
5.311368372781046
5.3539085221603955
5.394093310382535
5.431923662206456
5.467398652873166
5.50051920714166
5.531285325011936
5.559696081725001
5.585752402039849
5.6094533611974855
5.630799883956905
5.649791045559113
5.6664277707631046
5.680709134809884
5.6926360624584476
5.702207628949799
5.709424759042934
5.7142865279788575
5.7180159177770085
5.721498740349121
5.724735092502116
5.727724877429074
5.730468191936914
5.732964939218716
5.735215216081401
5.7372189257180475
5.738976164935576
5.740486836927068
5.741751038499442
5.742768769652698
5.743539933579916
5.744064588365248
5.7443427243280025
5.74437434146818
5.744159439785779
5.743698019280801
5.742990089633937
5.742035641164496
5.740834654511093
5.739387197438572
5.737693173140013
5.735752678422336
5.7335656164786215
5.73113208411579
5.72845198452692
5.725525414518933
5.722352277284908
5.718932669631765
5.715266494752584
5.711008593439667
5.704395330969538
5.695427632101192
5.684104572075635
5.670427075651861
5.65439514282987
5.636007848850667
5.615266118473247
5.592169026938617
5.566717499005769
5.5389106099157095
5.5087492844274335
5.476232597781946
5.441361474738241
5.404134990537326
5.364554069938193
5.32261778818185
5.278327070027289
5.231680990715517
5.182680475005527
5.131324598138327
5.077614284872909
5.021548610450281
4.963128499629435
4.905188338726337
4.849602614221433
4.79637225087374
4.7454963239242645
4.696974833373006
4.650808703978959
4.606997010983129
4.56554067914451
4.5264387837041085
4.4896922494209175
4.455300151535944
4.423263414808182
4.3935811144786365
4.366254175306302
4.341281672532186
4.31866453091528
4.298401825696591
4.280494481635114
4.2649415739718535
4.251744027465804
4.240900917357972
4.2324131684073505
4.226279855854947
4.222417453348285
4.218801521260741
4.215432156399235
4.212309261956846
4.209432837933575
4.206802981136342
4.204419594758226
4.2022827756061485
4.200392426873188
4.1987486453662655
4.19735133427846
4.1962005904166935
4.195296346016121
4.194638620438125
4.194227413682707
4.194062725749867
4.194144551799258
4.194472891830881
4.195047750685083
4.195869128361862
4.196937005499834
4.198251449863844
4.199812364646972
4.201619846656137
4.20367379908442
4.2059743187387415
4.2085213088121805
4.211314866111657
4.214354893830251
4.2176413919679625
4.221174457331712
4.224953993114578
4.2302957119682265
4.237991867220092
4.248043383629169
4.260449336436463
4.275210650400968
4.29232640076369
4.311797512283623
4.333623060201774
4.357803969277135
4.384339314750713
4.413230021381503
4.444475164410511
4.478075668596729
4.514030609181164
4.55234091092281
4.593005649062674
4.6360257483597485
4.68140028405504
4.729130180907543
4.779214514158263
4.8316532838072
4.8864474146133485
4.9435959818177135
5.002807686337253
5.059664954458637
5.11416686142281
5.166314331988766
5.2161064413975105
5.263544114408038
5.3086264262613545
5.351354301716454
5.391726816014343
5.429744893914013
5.465407610656474
5.498715891000717
5.529668810187748
5.558267292976562
5.584510414608165
5.608399099841551
5.629932423917727
5.649111311595685
5.665934838116431
5.680403928238961
5.69251765720428
5.702276949771381
5.709681805940265
5.7147313009519385
5.718480342554914
5.721982816931851
5.725238820889671
5.728248257621453
5.731011223934117
5.733527623020744
5.735797551688253
5.737820913129724
5.739597804152077
5.741128127948393
5.742411981325591
5.743449267476751
5.74424006384741
5.744784341395491
5.745082109801686
5.745133357449165
5.744938088210205
5.744496300148667
5.743807993264551
5.7428731772385495
5.7416918423899705
5.740264037122274
5.73858966462854
5.736668821715688
5.734501411576798
5.732087531018791
5.729427083234746
5.726520165031583
5.723366679602382
5.719966723754063
5.716320200679707
5.712250025442539
5.705824489048159
5.697044516255563
5.685909182305755
5.672419411957731
5.656574280452495
5.638374712549042
5.617819783488378
5.594910418029497
5.569645691413404
5.542026528399094
5.512052004227574
5.479723043657836
5.445038721930888
5.407999963805722
5.368606769282338
5.326858213601744
5.282755221522932
5.236296868286909
5.18748407865267
5.136315927861219
5.082793340671551
5.026915392324672
4.968683007579576
4.9105551206007405
4.854781670020087
4.801363580596646
4.750299927571421
4.701591635703407
4.65523778023361
4.611239285921024
4.569595228006656
4.530306531249498
4.493372270890558
4.458793371688829
4.426568908885317
4.396699807239016
4.369185141990932
4.344024913141065
4.32122004544841
4.300769614153972
4.282674544016745
4.266933910277735
4.253548637695936
4.242517801512355
4.233842326485984
4.22752128785783
4.223555610386888
4.21992002649452
4.216531009828189
4.2133884635809755
4.210492484559801
4.207842975957743
4.2054400345817236
4.203283563624821
4.201373659893957
4.1997102265822095
4.198293360496501
4.1971229648299095
4.196199087985896
4.19552172996446
4.195090890765601
4.194906570389321
4.194968765931411
4.195277473519594
4.195832699930355
4.196634445163693
4.197682670496841
4.198977463056027
4.20051872603433
4.202306556238671
4.20434085686213
4.206621724711627
4.209149062980241
4.211922968474893
4.214943344388662
4.2182102875284695
4.221723701087394
4.225483681872357
4.230637674650256
4.238147028585367
4.248010818918694
4.260229970409232
4.274803558297988
4.291732507343954
4.311015892788138
4.332653714630538
4.35664689763015
4.38299451702798
4.411697497583019
4.442754914536277
4.4761676926467455
4.511934907155432
4.5500574828213285
4.590534494885443
4.6333668681067675
4.67855367772631
4.726095848503063
4.7759924556780335
4.828244424010215
4.882850828740614
4.939812594628225
4.999128796914052
5.05617286635219
5.110862499392113
5.163196771274825
5.213176606759319
5.260801081086602
5.306071119015668
5.348985795787523
5.3895460361611605
5.427751840136581
5.463602282954791
5.497098289374783
5.528238934637565
5.557025143502129
5.583455991209481
5.607532402518617
5.629253452670541
5.6486200664242485
5.665631319020745
5.680288135219024
5.692589590260092
5.7025366089029434
5.710128266388583
5.715365487476006
5.7191340840768845
5.722656210258647
5.7259317692143705
5.728960857750977
5.7317433790615455
5.734279429952997
5.7365689136184095
5.738611926864705
5.740408469691882
5.741958445293022
5.743261950475045
5.74431888843103
5.745129317245129
5.74569322723665
5.7460106184055935
5.7460814975284435
5.745905860732924
5.745483705114826
5.744815030674151
5.743899837410898
5.742738154367143
5.741329904097351
5.739675183408441
5.737773895493493
5.735626137159428
5.733231811599325
5.730591015620104
5.727703652414845
5.724569818790468
5.721189417940054
5.717562546670522
5.713679172750109
5.70744136243148
5.698849115714633
5.687901507840574
5.674599463568299
5.658942058138813
5.6409302163111095
5.620563013326195
5.597841373943063
5.572764373402721
5.545332936464161
5.515546138368389
5.483404903874401
5.448908308223202
5.412057276173785
5.372850882967158
5.331290053362313
5.287373862600257
5.241103235439984
5.1924772471225
5.141496822406799
5.0881610365338865
5.032470814262757
4.974425230834417
4.9161096177798465
4.860148441123444
4.806542625624252
4.755291246523278
4.706395228579515
4.659853647033969
4.615667426645634
4.573835642655515
4.534359219822608
4.497237233387919
4.46247060811044
4.4300584192311785
4.400001591509128
4.372299200185295
4.346952170018673
4.323959576250268
4.303322343639074
4.285039547426098
4.269112112370332
4.255539113712784
4.244321476212447
4.235458275110326
4.228950435165417
4.224797031618725
4.2211417959215325
4.217733127450377
4.21457092939834
4.2116552985723406
4.208986138165458
4.206563544984614
4.204387422222887
4.202457866687198
4.200774781570627
4.199338263680094
4.198148216208678
4.197204716601917
4.196507726137041
4.196057254494742
4.1958533016750215
4.19589586574174
4.196184950567174
4.196720544534494
4.197502657324392
4.198531327659636
4.199806468413998
4.201328176394397
4.203096354793914
4.205111100419469
4.207372316464141
4.20988000292793
4.212634256617758
4.215634980726703
4.218882272061686
4.222376033815786
4.226116362795925
4.231082629498075
4.238404257357435
4.248080321615013
4.260111747029802
4.2744976088428075
4.291238831813025
4.310334491181459
4.331785511707104
4.355590968630967
4.38175178671204
4.4102670411913305
4.4411376568278325
4.474362708862552
4.509943122054482
4.547877971644629
4.588168182391988
4.630812829537564
4.675811913081357
4.72316635778236
4.772875238881581
4.8249394811380135
4.879358159792663
4.936132199604524
4.995260675814602
5.052492471328481
5.107369830444154
5.159891828402615
5.210059389962859
5.257871590365891
5.303329354370707
5.346431757218311
5.387179723667698
5.425572328959874
5.461610497853833
5.4952933055905815
5.526621676929112
5.555594687110432
5.582213260893534
5.606476473519425
5.628385249747099
5.647938664817562
5.665137643489808
5.679982185763836
5.692471366880654
5.702606111599255
5.710385495160644
5.715810442323816
5.71959869072952
5.723140468716107
5.726435679476655
5.729484419818085
5.7322865929334785
5.734842295629754
5.737151431099991
5.739214096151111
5.741030193976193
5.742599821382157
5.743922881562084
5.744999471322894
5.745829532580433
5.746413075015394
5.746750098627778
5.746840608257931
5.746684603905852
5.746282080731194
5.745633038733959
5.744737477914146
5.743595446675216
5.742206848210248
5.740571779326163
5.738690143216039
5.736562036686798
5.734187362931519
5.731566218757123
5.728698507356688
5.725584325537136
5.722223576491547
5.718616357026839
5.714762570336094
5.708712486093214
5.700307040693122
5.689547158894814
5.676431915939294
5.660962236585558
5.64313719607461
5.622957719165445
5.600422881099069
5.575533606634476
5.5482889710126715
5.518689898992649
5.486736390574411
5.452427520998961
5.415764215025295
5.376745547894417
5.335372444365321
5.291643979679015
5.245561078594491
5.197122816352756
5.146330117712805
5.093182057915642
5.037679561720262
4.979821704367671
4.921318365237369
4.86517038726421
4.811376845689269
4.759938665271539
4.710854921252026
4.664126538389724
4.619752591925639
4.5777340066187655
4.538069857710109
4.5007610699586635
4.465806718605435
4.433206803650425
4.402962249852624
4.375072132453042
4.3495373762106695
4.326357056366515
4.3055320976795715
4.287061575390846
4.27094641425933
4.2571856895260325
4.245780325949946
4.236729398772076
4.230033832751418
4.225692703128976
4.222017912433879
4.218589592157899
4.215407839107958
4.212472556477134
4.209783841072348
4.207341596086679
4.205145918327048
4.203196710986535
4.20149407087206
4.200037901176702
4.198828298707382
4.19786516665718
4.197148553429555
4.196678449343816
4.196454864080654
4.196477797640071
4.1967472500220655
4.197263221226637
4.198025701573095
4.199034720103515
4.200290209053052
4.201792265228627
4.203540791823319
4.205535885644049
4.2077774498838965
4.210265581349782
4.213000183234786
4.2159813523458265
4.219208991875985
4.222683198632182
4.226403875807496
4.2311833411928905
4.2383172429765015
4.247806505917324
4.259650205256363
4.273848340993619
4.290401837888087
4.3093097711807715
4.330573065630667
4.354190796478781
4.3801638884841045
4.408491416887646
4.439174306448398
4.472211632407367
4.507604319523548
4.545351443037946
4.585453927709555
4.627910848779381
4.672723131006419
4.719889849631673
4.769411929414138
4.821288445594821
4.875520322932714
4.932106636668825
4.991048311562148
5.048467833151767
5.103531993584194
5.156241717618404
5.2065960804954035
5.254596006974186
5.300241497054751
5.3435316259781045
5.3844673185032415
5.423047649871167
5.459273544840875
5.493144078653373
5.524660176067653
5.553820912324722
5.5806272121835745
5.605078150885215
5.627174653188638
5.646915794334851
5.664302499082846
5.67933384267363
5.692010749866197
5.702332295901553
5.710299405538692
5.71591115401862
5.719719054229149
5.723280387213639
5.726595249779011
5.729663545118346
5.732485370038564
5.735060724539664
5.737389511814725
5.73947182867067
5.741307578300576
5.742896857511365
5.744239569496116
5.74533581106175
5.74618550476273
5.746788679641132
5.747145335696956
5.747255472930203
5.747119101021563
5.746736210290346
5.746106800736552
5.74523087236018
5.744108396119154
5.742739449459011
5.741123935572829
5.73926195126753
5.737153399736193
5.734798377785738
5.7321967886092455
5.729348729013636
5.726254198998909
5.722913101758143
5.71932553409826
5.71549139921234
5.709629041045209
5.701411321720867
5.690839165998308
5.6779116491185375
5.66262969584055
5.644992381405352
5.625000630571937
5.60265351858131
5.5779519701924665
5.550895060646412
5.52148371470214
5.489717007600657
5.455595864100956
5.4191193594440445
5.380288418388916
5.339102116176576
5.2955613775660195
5.249665277798251
5.2014147416322665
5.15080884430907
5.0978485105876565
5.042533740468025
4.9848636091911835
4.926172543985151
4.8698368399362435
4.815855572285553
4.764229665792073
4.714958195696811
4.66804208675876
4.623480414218926
4.581274102836303
4.541422227851896
4.503925714024701
4.468783636595724
4.435996920323957
4.405564640450407
4.377487721734069
4.351765239415949
4.328398118255039
4.307385433492346
4.288728109886864
4.272425222679599
4.258477696629546
4.2468846069777095
4.2376459537240905
4.230762661627683
4.226233805929493
4.222539363429571
4.219091391348767
4.215889986494001
4.212935052058352
4.210226684848742
4.207764788058249
4.205549458493794
4.203580599348456
4.2018583074291564
4.200382485928975
4.19915323165483
4.198170447799804
4.197434202128739
4.196944475280252
4.19670125757365
4.196704560335344
4.1969543802738976
4.197450719035029
4.198193576618738
4.199182943344334
4.2004188772959665
4.201901281666717
4.203630156456585
4.2056055984724905
4.207827510907514
4.210295990568575
4.213010940648754
4.215972457954971
4.219180445680305
4.222635000631677
4.2263360260021665
4.230927765311811
4.237873941019672
4.247175477884745
4.258831451148034
4.272842785568535
4.289208556387253
4.307929688363182
4.329005256737329
4.352436186268686
4.37822155219826
4.406362279285046
4.436857442770049
4.469707967412263
4.504912928452694
4.542472325891342
4.582387084487202
4.624656279481279
4.669280835632566
4.716259828182071
4.765594181888787
4.81728297199372
4.871327123255864
4.927725710916226
4.986479659733798
5.044086907399153
5.0993387939073305
5.15223624401729
5.202778332970039
5.250965985524571
5.2967982769218915
5.340276131920995
5.381398625762888
5.4201666832065625
5.456579379493027
5.490637639381274
5.522340538112309
5.551689000445128
5.5786821016207355
5.6033207663981255
5.625604994777299
5.645533861999261
5.663108292823005
5.678327362489539
5.691191995757856
5.701701267868962
5.70985610358185
5.715655578137527
5.71948313015288
5.723064114942194
5.726398629312391
5.729486576456551
5.732328053181592
5.734922962680596
5.7372714017604824
5.739373273614331
5.7412286750490615
5.742837509257755
5.7441998730473305
5.745315669610868
5.7461849957552875
5.74680780307713
5.747184091576394
5.747313861253081
5.747197112107191
5.746833853819415
5.74622407670906
5.745367780776128
5.744264956339927
5.7429156614846075
5.74131979940325
5.739477466902775
5.7373885671762626
5.735053197030632
5.732471259658965
5.72964285186818
5.726567876851356
5.723246431415415
5.719678418753436
5.71586393567234
5.710188378821965
5.702158385573373
5.691773031167569
5.679033240363549
5.663938088402317
5.646488500042868
5.6266835505262085
5.604524164611331
5.5800103422982374
5.553141158827932
5.5239175389594095
5.492338557933675
5.458405140509725
5.422116361928563
5.383473146949183
5.342474570812593
5.299121558277785
5.253413184585767
5.205350374495532
5.154932203248085
5.102159595602421
5.047031626799546
4.989549221598454
4.930671355075688
4.87414792495103
4.819979855983584
4.7681662234143545
4.718707952002337
4.671604116988536
4.626855643131946
4.584461605673574
4.544422004613418
4.506737764710474
4.471407961205746
4.43843351885823
4.407813512908931
4.379548868116843
4.353638659722972
4.330083812486313
4.308883401647871
4.29003835196664
4.273547738683626
4.259412486557823
4.247631670830237
4.238206216259862
4.2311351980877046
4.226419541072758
4.222705446768012
4.219237919689304
4.216016863029713
4.213042373596161
4.210314354581726
4.207832902793329
4.205597921424049
4.203609507280808
4.201867563556684
4.200372090251678
4.199123184172709
4.198120748512858
4.197364870398353
4.196855511106426
4.196592670637076
4.19657634221382
4.196806529708934
4.1972832360266255
4.198006461166895
4.198976176087666
4.200192458234476
4.201655210800403
4.203364530592367
4.205320320803449
4.2075226782405695
4.2099715060968075
4.212666901179083
4.215608766680476
4.218797199407907
4.2222321025544565
4.225913572927043
4.230317586160948
4.237076035793071
4.246189846582405
4.257658093769957
4.271481702114721
4.2876597468577025
4.306193152757895
4.327080995056305
4.350324198511927
4.375921838365766
4.403874839376817
4.4341822767860855
4.466845075352565
4.501862310317263
4.539234906439172
4.578961938959298
4.621044332636636
4.665481162712192
4.712273353944959
4.761419981575944
4.81292197036414
4.866778395550555
4.92299018189418
4.981556404636024
5.039351378377106
5.094790990961012
5.147876167146699
5.198605982175176
5.246981360805435
5.293001378278483
5.3366669593533125
5.377977179270931
5.416932962790331
5.453533385152521
5.487779371116493
5.519669995923253
5.549206184331796
5.576387011583127
5.60121340243624
5.623684432132142
5.643801025429827
5.6615622575703
5.676969053312555
5.690020487897599
5.700717486084425
5.70905912311404
5.715046323745437
5.7188934307586905
5.722494067352827
5.725848233527845
5.728955832476825
5.731816961006688
5.734431522310513
5.73679961319522
5.7389211368538895
5.740796190093441
5.742424676106955
5.7438066917013515
5.74494214006971
5.745831088976875
5.746473528742154
5.746869449684855
5.747018851804978
5.746921735102524
5.746578099577492
5.745987954910575
5.745151291421079
5.744068118789698
5.742738378932279
5.741162168655742
5.739339391153167
5.737270143231474
5.734954424890664
5.732392139323816
5.729583383337851
5.7265280601258475
5.723226266494726
5.7196779056375675
5.715883074361291
5.710395243586622
5.702552976413735
5.692355348083637
5.67980328335532
5.6648958574697925
5.647633995186048
5.6280167717450915
5.606045111905917
5.581718090909532
5.555036633514929
5.5259998149631135
5.494608560013082
5.460861943905838
5.424760891400377
5.3863044777377045
5.345493627676814
5.302327416458712
5.2568067688423925
5.2089316848278555
5.158701239656106
5.1061163580861395
5.051176115358962
4.993881436233567
4.934815843635036
4.878104687434683
4.823748892391541
4.771747533746617
4.722101536258904
4.67480997516941
4.629873775237126
4.58729201170306
4.547065609326205
4.509193643347568
4.473677038526143
4.440514870102935
4.4097080628369385
4.38125569196916
4.355158682258592
4.331416108946242
4.310028896791104
4.290996121034183
4.274317781675481
4.259994803473989
4.248026261670716
4.238413081024654
4.231154336776809
4.226250953686176
4.222517207576612
4.219030028693086
4.215789320228678
4.212795178990308
4.210047508171055
4.20754640457784
4.205291771403743
4.203283705455684
4.201522109926742
4.200007081623839
4.198738523740053
4.197716533082304
4.196941022524366
4.196412030789006
4.1961295578762225
4.196093598945671
4.196304153997351
4.196761227871609
4.197464820568445
4.198414932087859
4.19961156242985
4.201054663190959
4.202744331178106
4.204680469584371
4.206863175216673
4.209292351268093
4.2119680945455515
4.214890308242127
4.218059089164741
4.221474340506472
4.225136159074241
4.229352446232463
4.2359240945478955
4.244850179261546
4.256131625132408
4.269767507401488
4.285758750827779
4.304104430652288
4.324805471634009
4.347860949013946
4.373271787551095
4.401037062486463
4.431156773820047
4.463631846310843
4.498461355199857
4.535646225246082
4.575185531690525
4.61708019929218
4.661329303292051
4.707933768449134
4.756892670004436
4.808206932716947
4.861875631827678
4.917899692095619
4.976278188761772
5.034259963819579
5.089887302479168
5.143159279981546
5.194076821085707
5.242639001032655
5.288846744581387
5.332699126972907
5.374197072966209
5.413339657802299
5.450127806240173
5.484560593520834
5.516638944403279
5.546362858887505
5.57373141221452
5.598745529143318
5.621404284914903
5.641708604288271
5.659657562504428
5.675252084322367
5.688491244983095
5.6993759692456045
5.7079053323509035
5.714080259057984
5.717947017876055
5.721567306275008
5.724941027447924
5.7280682782017225
5.730948961729482
5.733583174838125
5.73597082072073
5.738111996184217
5.740006604421666
5.741654742239997
5.743056312832291
5.744211413005467
5.745119994356065
5.745782056884085
5.74619761027022
5.746366644833777
5.746289160574756
5.745965157493157
5.745394635588981
5.744577604542918
5.743514083716355
5.742203995663753
5.740647437192034
5.738844311494277
5.736794715377402
5.7344985520344895
5.731955918272459
5.729166717284391
5.726131045877206
5.722848807243982
5.71932009819164
5.715544821913261
5.710244717214277
5.70258925135808
5.692579349103665
5.68021408569204
5.665494385882196
5.648420249674135
5.628990752308862
5.6072068185453725
5.5830675236246705
5.556573792305751
5.52772469982962
5.496521170955272
5.462962280923711
5.427048954493934
5.388780266906945
5.348157142921738
5.3051786577793205
5.259845736238685
5.212157453540837
5.162114734444772
5.109716654191496
5.054964137540002
4.997856259731299
4.938602941057044
4.881704983540001
4.8271614624211745
4.774973302459561
4.725139578896164
4.6776602917309855
4.632536365723018
4.589766876113268
4.54935274766073
4.511293055606409
4.4755887247093
4.442238830210408
4.411244296868728
4.382604199925265
4.356319464139014
