5.051156299180907
5.10004048622246
5.14665166870041
5.190990739039006
5.233056804813998
5.2728507584496365
5.310371707521671
5.345620544454352
5.378596376823429
5.409300097053152
5.437730812719272
5.463889416246037
5.487775015209198
5.509388502033006
5.52872898429321
5.54579735441406
5.560592719971306
5.573115973389199
5.583366222243488
5.591344358958423
5.597727504895982
5.603694692564868
5.609245758587914
5.614380866342288
5.61910001582799
5.623403043667852
5.627290113239042
5.6307610611643915
5.6338160508210695
5.636454918831908
5.638677828574074
5.6404846166704
5.641875446498053
5.642850154679867
5.643408904593009
5.643551532860311
5.643278170183507
5.642588767549447
5.6414833249581315
5.639961845677103
5.638024323171275
5.635670777045908
5.632901190963285
5.629715564923406
5.626113915263987
5.622096143958729
5.617662414384799
5.612812563165028
5.607546753676586
5.601864985919471
5.595767096516517
5.589253248844891
5.580561172730316
5.569596984476387
5.5563597916588545
5.540850486701968
5.523068177181479
5.503013755521635
5.480686329298187
5.456086790935386
5.4292142480089804
5.400069592943221
5.368651933313858
5.334962161545141
5.29899938521282
5.260764496741145
5.220256603705867
5.177476598531235
5.1324235887929985
5.085098466915409
5.035500340474216
4.983630101893668
4.929487751173767
4.8730723958902615
4.814384928467402
4.753424456480939
4.690191872355122
4.624686283665701
4.556908582836927
4.488949719885494
4.4232629690734155
4.35984922282494
4.2987075887158195
4.239838959170302
4.183242441764139
4.128918928921579
4.076867528218373
4.02708913207877
3.979582848078522
3.9343495686418772
3.8913884013445865
3.8507002386108993
3.8122841880165663
3.776141141985837
3.742270208094461
3.7106722787666895
3.6813464615782716
3.654292756529208
3.629512056043748
3.6070034676976417
3.5867678839151393
3.568804412271991
3.553113945192446
3.539695590252255
3.528550239875668
3.5196770016384344
3.513076767964805
3.506945712996831
3.5012307796746964
3.495931804621234
3.491048951213612
3.486582056074662
3.4825312825815518
3.4788964673571137
3.4756777084276482
3.472874989455439
3.470488310440486
3.4685176713827883
3.4669630608459454
3.4658244853650433
3.4651019498413973
3.4647954542750075
3.46490491697729
3.465430501325412
3.466372043942206
3.46772970820484
3.469503330736146
3.471693074913292
3.4742987773591105
3.4773206014507685
3.4807583838110987
3.484612287817269
3.4888821500921114
3.4935681340127935
3.498670076202148
3.504188140037342
3.510122162141208
3.516472305890914
3.5242692804831908
3.534339259639071
3.5466813509343047
3.5612964467931425
3.578183654791334
3.5973438673531293
3.6187761920542787
3.642480628894782
3.668458070298889
3.69670762384235
3.7272301819494147
3.7600248521958335
3.7950925270058558
3.832432313955232
3.872045105468212
3.913930009120546
3.958087917336483
4.004517937691775
4.05322096261067
4.104196099668918
4.153260556408881
4.20005290100949
4.2445722410464946
4.286819468944145
4.326793692278192
4.364495803472885
4.399924910103975
4.43308190459571
4.463965894523842
4.492577772312619
4.518917537962043
4.5429842990478635
4.56477894799433
4.5843005923771925
4.601550124620701
4.616526652300606
4.629231067841157
4.639662478818104
4.647821777655697
4.654238089158275
4.66023844239218
4.665822673980246
4.67099094729964
4.675743098973195
4.6800792923780765
4.683999364137119
4.687503477627488
4.690591469472018
4.693263503047876
4.695519414977894
4.69735936863924
4.698783200654746
4.699791074401579
4.700382826502573
4.7005586203348955
4.700318374209961
4.699662104465488
4.698589794763758
4.697101445104773
4.695197055488531
4.692876625915034
4.690140172721997
4.686987679571704
4.683419195477305
4.679434589737067
4.675034025728157
4.670217340073406
4.6649846961499835
4.659335930580721
4.653271206742787
4.646790361259012
4.638279447267096
4.627495528711576
4.6144394980167025
4.599110462758225
4.581509315360394
4.56163516339896
4.5394888992981715
4.515070523058029
4.488379142254282
4.4594156493111825
4.428179151804478
4.394670542158421
4.35888892794876
4.320835201599745
4.280508470687126
4.237909627635153
4.193037780019576
4.1458938202646465
4.096476855946113
4.044787779488225
3.9908256984667343
3.934591505305889
3.87608430758144
3.815304997717637
3.752252683290231
3.6869282567234705
3.6193308255931065
3.551190800519015
3.4853237800085255
3.42172887163739
3.3604069678298583
3.3013571761616802
3.244579496632856
3.190074821667636
3.1378422588417694
3.0878827005795064
3.0401952544565973
2.994780812897292
2.951638483477341
2.910769158620993
2.872171945903999
2.8358477377506084
2.801795641736572
2.7700165502861394
2.7405095709750604
2.713275596227585
2.688313733619464
2.665624875574946
2.6452081296697822
2.627064388328222
2.611192759126016
2.597594134487413
2.5862676219881644
2.577214114052519
2.570432718256228
2.5642684977232335
2.558520398836079
2.5531882582175967
2.548272239244954
2.5437721785409835
2.5396882394828526
2.536020258693394
2.532768366874342
2.5299325150125456
2.5275127031080054
2.5255089311607213
2.523921191001835
2.5227494826313457
2.5219938142181126
2.5216541857621357
2.521730646276565
2.5222230650596664
2.5231316054886075
2.524456104186221
2.526196724529674
2.5283533031417997
2.530926003399765
2.5339146619264024
2.537319278721712
2.5411400171628613
2.545376713872683
2.5500295322283444
2.555098308852678
2.5605832071228516
2.5664840636616972
2.572801041846383
2.580416854315996
2.590305671349213
2.6024666005217836
2.616900534257958
2.6336065801334865
2.6525856305726183
2.6738367931511045
2.697360960293194
2.7231572395746375
2.7512265234196844
2.781567919404085
2.81418231995209
2.8490688326394484
2.8862283498904104
2.9256599792807263
2.9673646132346456
3.0113413593279192
3.0575902175605467
3.1061120803567777
3.1569060552923625
3.206151674154987
3.2531251808782597
3.297825683037929
3.3402540730582437
3.380409458514955
3.4182927318323126
3.4539030005860667
3.4872411572004665
3.5183063092512628
3.547099349162705
3.573619384510544
3.597867307719029
3.61984222636391
3.6395450328694374
3.6569748348113613
3.672132524613931
3.685017209852897
3.6956297829525093
3.703969351488518
3.7104188285561173
3.716452347355044
3.7220697445081314
3.7272711833925465
3.7320565006311215
3.7364258596010242
3.7403790969250874
3.7439163759804783
3.747037533390029
3.7497427325309083
3.7520318100259473
3.753904929252314
3.7553619268328413
3.7564029661446963
3.757027883810711
3.7572368432080543
3.757029729972708
3.756406576780105
3.7553673999679633
3.7539121831985653
3.7520409264719117
3.749753629788002
3.747050293146836
3.7439309328861308
3.740395450979586
3.736444010804369
3.73207661236048
3.7272930922707506
3.722093613912349
3.716478013908108
3.7104464556351946
3.7039987757164416
3.695669023847192
3.6850662674143386
3.6721913988421315
3.6570435257063205
3.6396235404311557
3.6199305505923873
3.597965448614265
3.573727342072539
3.547217123391459
3.5184339001467757
3.4873785647627384
3.4540502248150977
3.4184497727281027
3.380576316077504
3.340430747287552
3.298012173933996
3.253321488441086
3.206358690808822
3.1571228886129545
3.1056149742777333
3.051834055378908
2.995781024340729
2.9374549887389465
2.87685684099781
2.81398568869307
2.7488424242489757
2.681426155241278
2.6131049680445315
2.547056785411376
2.483280714917574
2.421777648987376
2.3625466951965315
2.305588745969291
2.2509029088814043
2.198490076357121
2.1483493559721922
2.100481640150867
2.0548860364688952
2.011563437350527
2.0
2.0
2.0
2.0
2.0
2.0
2.0
2.0
2.0
2.0
2.0
2.0
2.0
2.0
2.0
2.0
2.0
2.0
2.0
2.0
2.0
2.0
2.0
2.0
2.0
2.0
2.0
2.0
2.0
2.0
2.0
2.0000432949494082
2.0005025481674887
2.001377923031409
2.002669256164001
2.004376710942433
2.0065001239895373
2.0090396586824815
2.011995151644098
2.015366766251554
2.0191543391276823
2.02335803364965
2.0279776864402903
2.0330134608767705
2.038465193581923
2.044333047932915
2.050616860552579
2.058052403323776
2.067760058234327
2.0797407177084812
2.0939934893219894
2.110518373074852
2.1293162613913177
2.1503862618471374
2.1737292668665606
2.199344384025338
2.2272325057477187
2.2573927396094535
2.289825978034792
2.3245313285994844
2.36150968372778
2.40076015099543
2.4422836228266833
2.486079206797291
2.5321477953315017
2.5804884960050667
2.631102201242235
2.680528982227522
2.7276827586492107
2.772564422931546
2.8151730826502774
2.8555096302296548
2.8935731732454286
2.9293646041218486
2.9628839228589148
2.994130237032377
3.0231044390664854
3.0498056365369903
3.0742347218681414
3.096390802635689
3.1162747712638823
3.133885735328472
3.149224587253708
3.1622904346153407
3.173084169837619
3.1816049004962936
3.1880875431289137
3.1941540641156942
3.1998046268338025
3.205039067906071
3.2098575507096676
3.214259911867424
3.218246314756508
3.2218165959997527
3.224970918974325
3.2277091203030577
3.230031363363118
3.2319374847773386
3.2334276479228867
3.2345018527997627
3.235159936030799
3.235402060993163
3.235228080647404
3.234638060344389
3.233632000084118
3.232209916204308
3.230371792367242
3.2281176285729196
3.2254474248213416
3.2223611811125075
3.2188588647709837
3.2149405901607877
3.210606193904752
3.2058558393800443
3.2006893632094964
3.1951069287702762
3.1891083726852165
3.1826938583314845
3.1745443761606515
3.1641227818504642
3.1514281829766735
3.136461471963529
3.11922264881103
3.0997108210949276
3.0779268812394713
3.0538699368204116
3.0275408802619976
2.9989388191399806
2.9680646458786093
2.9349174680536345
2.8994981780893054
2.8618058835613733
2.821841476894087
2.779604065663197
2.735094542292953
2.6883120143591057
2.6392573742859042
2.5879297296490993
2.5343299728729405
2.478457211533178
2.4203123380540617
2.3598944600113416
2.2972044698292677
2.2322414750835904
2.1650063681985587
2.096504018879159
2.030274674123337
2.0
2.0
2.0
2.0
2.0
2.0
2.0
2.0
2.0
2.0
2.0
2.0
2.0
2.0
2.0
2.0
2.0
2.0
2.0
2.0
2.0
2.0
2.0
2.0
2.0
2.0
2.0
2.0
2.0
2.0
2.0
2.0
2.0
2.0
2.0
2.0
2.0
2.0
2.0
2.0
2.0
2.000010129384387
2.0004363804146137
2.0012785897135124
2.002536920658251
2.004211209871662
2.006301457353745
2.008807826481668
2.011730153878263
2.015068602920698
2.0188230102318054
2.0229935391887524
2.0275800264143715
2.0325826352858303
2.0380012024259613
2.0438358912119323
2.0500865382665756
2.057340918915106
2.0668674117029906
2.0786669090544785
2.0927385185453207
2.1090831325997663
2.127699858793566
2.148589589550969
2.1717514324477256
2.1971862799080863
2.224893239507801
2.254873203671119
2.287125279973791
2.3216503608400667
2.3584475538456964
2.39751685899068
2.438859168699267
2.482473590547208
2.528361016958753
2.5765205555096515
2.6269530986241536
2.6765610417320995
2.723895980276455
2.768958806681456
2.811748628522854
2.8522663382248976
2.890511043363338
2.926483636362424
2.9601832247979067
2.9916107010940354
3.0207651728265605
3.047647532419732
3.0722568874492997
3.0945941303395132
3.1146583686661233
3.1324504948533796
3.1479696164770323
3.161216625961331
3.1721915233062754
3.1808934160876166
3.187409224285258
3.19350891083706
3.1991926391201897
3.2044602457574793
3.2093118941260967
3.2137474208488745
3.21776698930298
3.2213704361112456
3.224557924650839
3.2273292915445926
3.229684700169674
3.231623987148916
3.2331473158594854
3.234254522924215
3.2349457717202723
3.23522089887049
3.2350800514143185
3.2345231640008913
3.233550236630208
3.2321612693022685
3.23035627835479
3.2281352474500555
3.225498176588065
3.2224450657688184
3.218975914992316
3.2150908059471415
3.210789575256127
3.20607238629644
3.2009390756909135
3.195389806816715
3.1894244162966765
3.183043067507966
3.175074747459799
3.164834315272278
3.1523208785211536
3.137535329630675
3.120476776176593
3.101146110583157
3.0795424404261174
3.055666658129724
3.029517871269727
3.0010969722703758
2.970403068707421
2.937437053005113
2.9021980327392005
2.8646869003339344
2.8249036557893143
2.782847406681091
2.738519045433513
2.691917679622332
2.6430442016717968
2.591897719157658
2.5384791245041654
2.482787525287069
2.424823813930619
2.364587098010565
2.3020782699511573
2.237296437328146
2.1702424925657806
2.10155987354798
2.035149366669492
2.0
2.0
2.0
2.0
2.0
2.0
2.0
2.0
2.0
2.0
2.0
2.0
2.0
2.0
2.0
2.0
2.0
2.0
2.0
2.0
2.0
2.0
2.0
2.0
2.0
2.0
2.0
2.0
2.0
2.0
2.0
2.0
2.0
2.0
2.0
2.0
2.0
2.0
2.0
2.0
2.0
2.0
2.0003930854652054
2.001202129199083
2.0024272945788004
2.00406841822719
2.0061256635214195
2.0085988670843213
2.0114881922930627
2.0147934757704764
2.0185148808937297
2.022652244285655
2.0272057293234207
2.0321751726298585
2.037560737582136
2.0433622608030855
2.049579905669875
2.0566531241957393
2.065998454860958
2.0776167900897797
2.0915072374579555
2.107670689389735
2.126106253460868
2.146814822095605
2.169795502869696
2.19504918820739
2.2225749856844383
2.2523737877250904
2.2844447019050964
2.318788620648706
2.355404651531669
2.3942936869782363
2.4354548345641573
2.478888986713682
2.52459525100256
2.572574519855042
2.622825900846878
2.6726141136532315
2.7201302143202533
2.765373310423671
2.808344294387735
2.849043166212445
2.8874690334735518
2.923622788595304
2.957503539153453
2.989112177572248
3.0184478114274396
3.045511333143277
3.0703018502955106
3.0928202553083906
3.113065655757667
3.131038944067589
3.146739227813908
3.1601673994208728
3.1713225664642337
3.180205621368241
3.186815671708645
3.192948523825468
3.198665254296451
3.203966026498762
3.208850677055233
3.213319369343032
3.217371939984991
3.221008552358278
3.224229206462893
3.227033738921668
3.2294223131117707
3.2313947656560336
3.232951259931624
3.234091632561375
3.234816046922454
3.2351243396376925
3.235016625071109
3.2344928705472693
3.233553076066174
3.2321972416278224
3.230425375401073
3.2282374773859264
3.2256335394135234
3.2226135614838647
3.2191775762723833
3.2153254694150624
3.211057404289069
3.206373217517236
3.2012730724767304
3.1957568057903853
3.189824580835368
3.183476234234511
3.17568907630901
3.1656298062441555
3.1532975316156975
3.138693144847885
3.1218157535164694
3.1026662500457
3.0812437420113263
3.057549121837599
3.031581497100268
3.0033417602235835
2.9728290187832953
2.940044165203653
2.904986307060407
2.867656336777807
2.8280533619316035
2.786178274946046
2.742030183396885
2.6956099797083697
2.6469167714562514
2.595951451064779
2.542713126109703
2.487202689015273
2.42941924735724
2.369363693559852
2.3070360276231106
2.2424353571227655
2.1755625744830667
2.106698793342618
2.0401071243414637
2.0
2.0
2.0
2.0
2.0
2.0
2.0
2.0
2.0
2.0
2.0
2.0
2.0
2.0
2.0
2.0
2.0
2.0
2.0
2.0
2.0
2.0
2.0
2.0
2.0
2.0
2.0
2.0
2.0
2.0
2.0
2.0
2.0
2.0
2.0
2.0
2.0
2.0
2.0
2.0
2.0
2.0
2.000359919900184
2.0011357980690403
2.0023277978837366
2.003935755967105
2.0059598356963133
2.0083998736941937
2.011256033337914
2.0145281512503064
2.0182163908085387
2.022320588635443
2.0268409081081873
2.0317771858496037
2.03712958523686
2.0428979428927887
2.049082422194557
2.0559744785977547
2.0651395395645564
2.076576712670712
2.090286890340471
2.1062691801495843
2.124524474522301
2.1450518810343717
2.167852292110046
2.1929248153250738
2.220270343103705
2.249887983021691
2.2817777350790305
2.315940491699974
2.3523753604602713
2.391083233784172
2.4320632192474267
2.475316209274285
2.520841311440497
2.5686394181703127
2.6187096370394825
2.6686790119684902
2.716376274758178
2.761800532984262
2.8049526790709924
2.8458318205941193
2.884438849977892
2.920772874798061
2.9548347874788763
2.986623695596088
3.0161404915739456
3.0433842829881996
3.0683559622630994
3.091054636974396
3.111481199546339
3.1296356499789275
3.1455170958479126
3.159126429577544
3.170462758743571
3.1795269757702447
3.1863181882333147
3.192484205915159
3.1982341019511633
3.2035680397184954
3.208485855839988
3.212987713692808
3.217073449899788
3.220743227838096
3.2239968841305644
3.2268345821543605
3.229256158532317
3.231261776641601
3.2328512731050454
3.2340248112998173
3.2347822278487497
3.23512368612901
3.2350491044520138
3.234558482817762
3.233651821226254
3.23232911967749
3.2305903830727853
3.2284356179472264
3.2258648128644114
3.22287796782434
3.2194751481778803
3.2156562068855803
3.211421307324608
3.2067702861177962
3.201703306642312
3.1962202055209885
3.1903211461309926
3.1840059650951567
3.176399969292322
3.1665209689258837
3.1543698564200917
3.139945739350696
3.123249510141947
3.104280276369594
3.083038930457887
3.0595245799825763
3.0337381173679114
3.005678650189643
2.975347070872021
2.942743379415045
2.9078666833944653
2.870717875234532
2.8312960625109946
2.7896021376481035
2.745635208221609
2.69939616665576
2.6508841205263076
2.6000999622575014
2.5470427994250917
2.491713524453328
2.4341112449179607
2.3742368532432394
2.3120894570049146
2.2476699486272356
2.180977435685953
2.112012810605317
2.0452408719057473
2.0
2.0
2.0
2.0
2.0
2.0
2.0
2.0
2.0
2.0
2.0
2.0
2.0
2.0
2.0
2.0
2.0
2.0
2.0
2.0
2.0
2.0
2.0
2.0
2.0
2.0
2.0
2.0
2.0
2.0
2.0
2.0
2.0
2.0
2.0
2.0
2.0
2.0
2.0
2.0
2.0
2.0
2.000326754335163
2.0010696303161657
2.0022284645658406
2.0038034204613555
2.0057943346255427
2.0082013704355695
2.0110243645142685
2.014263480238807
2.017918554232018
2.021989749871069
2.026476903778792
2.0313801793323547
2.0366994131545897
2.042434605245497
2.048585918982244
2.055296813262776
2.0642807121069113
2.0755367230904005
2.089065738637493
2.10486686632394
2.1229409985739904
2.143287242963395
2.1659064919164033
2.190797853008765
2.2179622186647303
2.2473986964600496
2.2791081788189724
2.3130897733172495
2.34934437237913
2.3878710835803645
2.428670799345203
2.4717426272493945
2.5170874597171897
2.564704404324339
2.614594353495092
2.664744890546752
2.712623315459106
2.7582287358078563
2.8015620440172526
2.8426223476630454
2.8814105391694844
2.91792572611232
2.9521688009158016
2.9841388711556793
3.013836829256203
3.0412617827931236
3.0664146241906898
3.0892944610246524
3.1099021857192612
3.1282369058502666
3.144299513841918
3.1580891172699657
3.1696066085586594
3.1788510952837497
3.1858234698694856
3.1920224897391836
3.1978055513402093
3.203172491295395
3.2081234729819084
3.2126584963997495
3.216777398171751
3.2204803416750805
3.22376716353257
3.2266380271213877
3.229092769064365
3.2311315527386704
3.232754214767136
3.2339609185269294
3.2347515006408827
3.235126124486164
3.235084659361039
3.234627170616375
3.2337536419144546
3.2324640732552785
3.23075846790639
3.2286368193327015
3.226099147139474
3.2231454349889908
3.2197756175303844
3.215989841803106
3.2117879444299873
3.2071700887881964
3.202136111500566
3.1966861759442633
3.1908202821192884
3.184538266648474
3.1771134329683055
3.1674155947245337
3.1554456443414076
3.141202689394678
3.124687622308595
3.105899550658908
3.0848393668698675
3.0615061785172233
3.035900878025225
3.008022572969623
2.977872155774667
2.9454487340161073
2.910753200118194
2.873784661656677
2.8345440110558062
2.793030355891332
2.749244588587503
2.703185816720071
2.654854932713285
2.604251044142895
2.551375043433152
2.4962269305840543
2.4388058131713533
2.3791125836192983
2.31714634950364
2.2529080032486273
2.186396652430011
2.1176131894720407
2.0506600886498125
2.0
2.0
2.0
2.0
2.0
2.0
2.0
2.0
2.0
2.0
2.0
2.0
2.0
2.0
2.0
2.0
2.0
2.0
2.0
2.0
2.0
2.0
2.0
2.0
2.0
2.0
2.0
2.0
2.0
2.0
2.0
2.0
2.0
2.0
2.0
2.0
2.0
2.0
2.0
2.0
2.0
2.0
2.0002935887701416
2.0010032991861233
2.002128967870777
2.0036707582012707
2.0056285068004365
2.0080023770454423
2.0107922055591203
2.013998155718638
2.017620064146828
2.0216580942208573
2.026112082563559
2.0309821925521008
2.036268260809315
2.0419704507123684
2.0480885988840942
2.0546228687016597
2.0634256054231286
2.074501346708201
2.0878492001326276
2.103470058120658
2.121363028248042
2.1415290029390297
2.1639670897693715
2.188677288739067
2.215660492272366
2.244915807945019
2.2764441281812755
2.310244560556886
2.3463179974961004
2.384663546574669
2.4252821002168408
2.4681727659983665
2.5133364363434962
2.5607722188279793
2.610481005876066
2.6608127050503754
2.708871399661146
2.7546579821325627
2.798171560040376
2.839413025808835
2.8783814870136903
2.9150778360791922
2.9495011805810907
2.981652412943635
3.0115306407425755
3.039136756402162
3.0644707599223944
3.0875317588790234
3.108320645696298
3.12683652794997
3.143080298064288
3.1570510636150018
3.168749717026362
3.1781753658741185
3.185328902582521
3.19156108801724
3.1973773151832865
3.2027774207034936
3.2077615679550284
3.2123295935607232
3.216481660897746
3.2202176065889287
3.2235375940114395
3.2264414597881106
3.2289293672961095
3.2310011531582683
3.232656980751755
3.233896686699402
3.2347204343783766
3.235128060411512
3.2351197281759747
3.2346953559831815
3.233854960170849
3.2325985244012605
3.2309260486744162
3.228837532990316
3.2263329773489593
3.2234123980880636
3.2200757461944782
3.2163231360322206
3.2121544042241235
3.207569714147354
3.2025689024247446
3.1971521324334633
3.191319240796342
3.1850703908905484
3.177825826908797
3.1683091507876915
3.156519470102982
3.142457677278919
3.1261228798912524
3.107515970364232
3.086636056273608
3.0634840300436297
3.0380598916742976
3.010362748741362
2.980393493669072
2.948151234033179
2.9136368622579316
2.876849485919081
2.8377899974408765
2.7964575043990685
2.752852899217906
2.7069752894731405
2.6588255675890204
2.608402841141297
2.5557080025542196
2.5007401594035388
2.443500204113504
2.383987244259866
2.3222021722668735
2.2581440957102776
2.191813907014328
2.123210713754774
2.0560764508098903
2.0
2.0
2.0
2.0
2.0
2.0
2.0
2.0
2.0
2.0
2.0
2.0
2.0
2.0
2.0
2.0
2.0
2.0
2.0
2.0
2.0
2.0
2.0
2.0
2.0
2.0
2.0
2.0
2.0
2.0
2.0
2.0
2.0
2.0
2.0
2.0
2.0
2.0
2.0
2.0
2.0
2.0
2.0002605865822884
2.0009371314332487
2.002029797930049
2.0035384226955215
2.0054631691068336
2.007803873786818
2.0105607001126424
2.0137334847071386
2.017322227570307
2.0213270920793156
2.0257479148569963
2.0305848592805167
2.0358377619727093
2.041506786310742
2.0475917689174463
2.054092873169991
2.0627144477687938
2.0736090269311998
2.08677571823296
2.102215414098324
2.119927222103042
2.1399120346713634
2.1621689593790387
2.1866988886503176
2.2135009300609507
2.2425759760351873
2.273923134148778
2.3075432968259717
2.3434355716425195
2.381600851022671
2.4220382425421767
2.4647486386252857
2.509731146847749
2.556985767209566
2.606513392134987
2.6570262534319435
2.7052661101653803
2.7512338547594632
2.7949285947899427
2.836351222681068
2.8755008460085896
2.9123783571967574
2.946982863821322
2.9793152583065323
3.0093746482281394
3.037161926010392
3.0626761992290414
3.0859183603083364
3.106887516824028
3.1255845612003657
3.1420086010131
3.1561605286864802
3.168039451796257
3.1776462627666797
3.184980069173499
3.191245420173239
3.1970948129043073
3.2025280839895354
3.207545396806091
3.2121465879768074
3.2163318208788514
3.2201009321350558
3.223454085122588
3.22639111646428
3.2289121895373
3.23101714096448
3.232706134122988
3.2339790056356565
3.2348359188796527
3.235276710477809
3.2353015438072927
3.234910304504087
3.2341030252436256
3.232879722363625
3.231240376748956
3.2291849939544433
3.2267135712026747
3.22382610849365
3.220522622165086
3.216803014190682
3.212667447947606
3.2081159234358574
3.2031482772782693
3.197764672852009
3.191964946779909
3.185749262439137
3.178685860580052
3.1693503465816124
3.1577418280195695
3.1438611973181727
3.127707562053172
3.1092818146488175
3.08858306268086
3.065612198573548
3.0403683299026327
3.0128523490923635
2.9830633637184905
2.9510022662052635
2.916668164128433
2.8800619499122484
2.8411827311324602
2.800031400213318
2.7566070647305727
2.7109106171084734
2.6629420573470197
2.6127004930219626
2.5601868165575516
2.5054001355295368
2.448341342362168
2.3890095446311963
2.3274056347608703
2.2635287203269407
2.197379693753657
2.1289576626167697
2.061642237549232
2.0
2.0
2.0
2.0
2.0
2.0
2.0
2.0
2.0
2.0
2.0
2.0
2.0
2.0
2.0
2.0
2.0
2.0
2.0
2.0
2.0
2.0
2.0
2.0
2.0
2.0
2.0
2.0
2.0
2.0
2.0
2.0
2.0
2.0
2.0
2.0
2.0
2.0
2.0
2.0
2.0
2.0
2.000227421017267
2.0008708003032063
2.001930301234985
2.0034057604354363
2.0052973412817274
2.007604880396691
2.010328541157494
2.013468160186969
2.017023900862284
2.020995599806271
2.025383420396098
2.0301871992545975
2.0354070997589364
2.0410429585319476
2.0470949389507984
2.0535628776383215
2.0620041825387077
2.072717599578448
2.085704021181792
2.1009625549244895
2.118493200806541
2.1382968512521963
2.1603726138372052
2.184721380985818
2.211342260273785
2.240236144125355
2.2714021401162796
2.304841140670807
2.340552253364689
2.3785363706221743
2.4187926000190134
2.4613218339794565
2.5061231800792534
2.5531975307426538
2.6025439935454084
2.65323712454076
2.7016581433968634
2.747806157689363
2.791682059842509
2.833284957432051
2.872615742882239
2.9096735237688236
2.944459192516054
2.9769727491239304
3.0072133011682034
3.0351817410731226
3.0608771764144382
3.0843004996163996
3.1054508182547576
3.1243290247537616
3.140934226689162
3.155267316485208
3.1673274017176514
3.1771153748107404
3.184630343340226
3.190928859904987
3.196811254823909
3.2022776914741584
3.207328006478568
3.211962363214305
3.2161805983042027
3.219982875125428
3.223369030300814
3.2263392272075273
3.228893302468401
3.2310314194606025
3.232753414806964
3.2340594518846535
3.23494953069367
3.2354234878568473
3.235481486751352
3.235123380337734
3.2343492339668596
3.233159047638729
3.2315528327897445
3.2295305828848186
3.2270922930226367
3.2242379632031986
3.2209676424396547
3.217281200030271
3.2131787993522147
3.208660277028319
3.203725796435751
3.198375194197343
3.192608633690263
3.186425951537343
3.1795437118009153
3.1703884675008838
3.1589611110614975
3.1452607500585077
3.1292882769161636
3.111043691634465
3.0905261017891625
3.0677363998045055
3.0426736932562446
3.015338874568629
2.98573105131741
2.953851115926836
2.919698175972658
2.8832731238791265
2.8445750672219905
2.8036048984255
2.7603617250654056
2.714846439565957
2.667058149502904
2.616997747300497
2.5646643405344864
2.510058821629121
2.4531802981601523
2.3940296625518283
2.332606022379901
2.2689102700686186
2.202941513193733
2.134700644179492
2.0672040569893095
2.0019804743626968
2.0
2.0
2.0
2.0
2.0
2.0
2.0
2.0
2.0
2.0
2.0
2.0
2.0
2.0
2.0
2.0
2.0
2.0
2.0
2.0
2.0
2.0
2.0
2.0
2.0
2.0
2.0
2.0
2.0
2.0
2.0
2.0
2.0
2.0
2.0
2.0
2.0
2.0
2.0
2.0
2.0
2.0001942554522527
2.000804632550345
2.0018309679171096
2.003273424929714
2.005131840210991
2.00740621376094
2.010096708956729
2.0132031624211906
2.0167257375314915
2.020664270910465
2.0250189259352784
2.029789539228764
2.0349762741680895
2.0405789673760872
2.046597782229925
2.053032555352435
2.061292698130199
2.0718249530473165
2.0846302125280385
2.0997075841481143
2.117057960331795
2.1366804486548294
2.1585759415414683
2.182743546567461
2.2091841561570575
2.237896877886009
2.2688826041785637
2.3021404426104732
2.3376712856059867
2.375474240740855
2.415549308015077
2.4578973798529034
2.502517563830084
2.5494107523708682
2.598576053051007
2.64945034616904
2.6980525271477576
2.7443817035628717
2.7884387678386306
2.830222827550786
2.869734775123587
2.906973718132784
2.941940549002627
2.9746343753088658
3.0050560894757505
3.033204799079031
3.059081396542957
3.082684989443279
3.1040164702042468
3.1230749464016108
3.13986131045962
3.154374669954026
3.166615917309077
3.1765850525247736
3.184281183176866
3.1906128653066377
3.1965284257905693
3.202028028005829
3.207111508575249
3.2117790308759964
3.216030431530904
3.219865873917139
3.2232851946575347
3.2262885571292577
3.228875797955141
3.231047080512352
3.232802241423723
3.234141444066422
3.235064525063281
3.2355716477914673
3.2356626488738143
3.235337675349772
3.2345966618684736
3.233439608429919
3.2318665232029673
3.2298774061876174
3.227472249215012
3.22465105228515
3.2214138153980323
3.2177605385536583
3.213691303440612
3.2092059466817258
3.2043046316541672
3.198987194980769
3.1932538000386983
3.187104283450788
3.180403205836963
3.1714291236595344
3.160182929342751
3.146663730462364
3.1308724194426225
3.112808103859277
3.0924716761365776
3.069862243850274
3.044980699424616
3.0178261504353534
2.988399489306737
2.9566998236145166
2.9227280457829417
2.8864832633877633
2.84796636885323
2.807177362179343
2.7641153509418515
2.718781227565006
2.671174099624556
2.621294859544752
2.5691426149013434
2.514718258118581
2.458020896772215
2.399051423286494
2.3378089452371693
2.27429435504849
2.208506760296207
2.140447053404576
2.0727701965160064
2.0073654517667916
2.0
2.0
2.0
2.0
2.0
2.0
2.0
2.0
2.0
2.0
2.0
2.0
2.0
2.0
2.0
2.0
2.0
2.0
2.0
2.0
2.0
2.0
2.0
2.0
2.0
2.0
2.0
2.0
2.0
2.0
2.0
2.0
2.0
2.0
2.0
2.0
2.0
2.0
2.0
2.0
2.0
2.000161089887243
2.0007383014203257
2.001731471222081
2.0031407626696756
2.004966012385943
2.00720738374805
2.009864713378829
2.0129381646554485
2.01642757420074
2.0203331053918716
2.0246545948516754
2.029392205957319
2.0345457753316345
2.04011546635179
2.046101115640618
2.052502886575286
2.0605818672304466
2.0709329600249613
2.0835570573830804
2.0984532668805533
2.1156224809416306
2.1350638071420622
2.156778137906098
2.180764580809488
2.207024028276482
2.2355555878828306
2.2663601520527825
2.299436828362089
2.3347865092349998
2.372408302247265
2.412303099823134
2.4544700095383574
2.498909923817185
2.545621950235367
2.59460698121715
2.645662436457825
2.694444887134896
2.740955225672613
2.7851925596467257
2.827157781481484
2.8668508911768877
2.904270996308688
2.9394189893011338
2.9722939777299753
3.002896854019463
3.0312267257453462
3.0572844853318752
3.0810692403548
3.1025818832383707
3.121821521558337
