0 -1
0.01 -0.99363
0.02 -0.98727
0.03 -0.9809
0.04 -0.97454
0.05 -0.96817
0.06 -0.9618
0.07 -0.95544
0.08 -0.94907
0.09 -0.9427
0.1 -0.93634
0.11 -0.92997
0.12 -0.92361
0.13 -0.91724
0.14 -0.91087
0.15 -0.90451
0.16 -0.89814
0.17 -0.89177
0.18 -0.88541
0.19 -0.87904
0.2 -0.87268
0.21 -0.86631
0.22 -0.85994
0.23 -0.85358
0.24 -0.84721
0.25 -0.84085
0.26 -0.83448
0.27 -0.82811
0.28 -0.82175
0.29 -0.81538
0.3 -0.80901
0.31 -0.80265
0.32 -0.79628
0.33 -0.78992
0.34 -0.78355
0.35 -0.77718
0.36 -0.77082
0.37 -0.76445
0.38 -0.75808
0.39 -0.75172
0.4 -0.74535
0.41 -0.73899
0.42 -0.73262
0.43 -0.72625
0.44 -0.71989
0.45 -0.71352
0.46 -0.70715
0.47 -0.70079
0.48 -0.69442
0.49 -0.68806
0.5 -0.68169
0.51 -0.67532
0.52 -0.66896
0.53 -0.66259
0.54 -0.65623
0.55 -0.64986
0.56 -0.64349
0.57 -0.63713
0.58 -0.63076
0.59 -0.62439
0.6 -0.61803
0.61 -0.61166
0.62 -0.6053
0.63 -0.59893
0.64 -0.59256
0.65 -0.5862
0.66 -0.57983
0.67 -0.57346
0.68 -0.5671
0.69 -0.56073
0.7 -0.55437
0.71 -0.548
0.72 -0.54163
0.73 -0.53527
0.74 -0.5289
0.75 -0.52254
0.76 -0.51617
0.77 -0.5098
0.78 -0.50344
0.79 -0.49707
0.8 -0.4907
0.81 -0.48434
0.82 -0.47797
0.83 -0.47161
0.84 -0.46524
0.85 -0.45887
0.86 -0.45251
0.87 -0.44614
0.88 -0.43977
0.89 -0.43341
0.9 -0.42704
0.91 -0.42068
0.92 -0.41431
0.93 -0.40794
0.94 -0.40158
0.95 -0.39521
0.96 -0.38885
0.97 -0.38248
0.98 -0.37611
0.99 -0.36975
1 -0.36338
1.01 -0.35701
1.02 -0.35065
1.03 -0.34428
1.04 -0.33792
1.05 -0.33155
1.06 -0.32518
1.07 -0.31882
1.08 -0.31245
1.09 -0.30608
1.1 -0.29972
1.11 -0.29335
1.12 -0.28699
1.13 -0.28062
1.14 -0.27425
1.15 -0.26789
1.16 -0.26152
1.17 -0.25515
1.18 -0.24879
1.19 -0.24242
1.2 -0.23606
1.21 -0.22969
1.22 -0.22332
1.23 -0.21696
1.24 -0.21059
1.25 -0.20423
1.26 -0.19786
1.27 -0.19149
1.28 -0.18513
1.29 -0.17876
1.3 -0.17239
1.31 -0.16603
1.32 -0.15966
1.33 -0.1533
1.34 -0.14693
1.35 -0.14056
1.36 -0.1342
1.37 -0.12783
1.38 -0.12146
1.39 -0.1151
1.4 -0.10873
1.41 -0.10237
1.42 -0.096
1.43 -0.089634
1.44 -0.083268
1.45 -0.076901
1.46 -0.070535
1.47 -0.064169
1.48 -0.057803
1.49 -0.051437
1.5 -0.04507
1.51 -0.038704
1.52 -0.032338
1.53 -0.025972
1.54 -0.019606
1.55 -0.013239
1.56 -0.0068732
1.57 -0.00050696
1.58 0.0058592
1.59 0.012225
1.6 0.018592
1.61 0.024958
1.62 0.031324
1.63 0.03769
1.64 0.044056
1.65 0.050423
1.66 0.056789
1.67 0.063155
1.68 0.069521
1.69 0.075887
1.7 0.082254
1.71 0.08862
1.72 0.094986
1.73 0.10135
1.74 0.10772
1.75 0.11408
1.76 0.12045
1.77 0.12682
1.78 0.13318
1.79 0.13955
1.8 0.14592
1.81 0.15228
1.82 0.15865
1.83 0.16501
1.84 0.17138
1.85 0.17775
1.86 0.18411
1.87 0.19048
1.88 0.19685
1.89 0.20321
1.9 0.20958
1.91 0.21594
1.92 0.22231
1.93 0.22868
1.94 0.23504
1.95 0.24141
1.96 0.24777
1.97 0.25414
1.98 0.26051
1.99 0.26687
2 0.27324
2.01 0.27961
2.02 0.28597
2.03 0.29234
2.04 0.2987
2.05 0.30507
2.06 0.31144
2.07 0.3178
2.08 0.32417
2.09 0.33054
2.1 0.3369
2.11 0.34327
2.12 0.34963
2.13 0.356
2.14 0.36237
2.15 0.36873
2.16 0.3751
2.17 0.38146
2.18 0.38783
2.19 0.3942
2.2 0.40056
2.21 0.40693
2.22 0.4133
2.23 0.41966
2.24 0.42603
2.25 0.43239
2.26 0.43876
2.27 0.44513
2.28 0.45149
2.29 0.45786
2.3 0.46423
2.31 0.47059
2.32 0.47696
2.33 0.48332
2.34 0.48969
2.35 0.49606
2.36 0.50242
2.37 0.50879
2.38 0.51516
2.39 0.52152
2.4 0.52789
2.41 0.53425
2.42 0.54062
2.43 0.54699
2.44 0.55335
2.45 0.55972
2.46 0.56608
2.47 0.57245
2.48 0.57882
2.49 0.58518
2.5 0.59155
2.51 0.59792
2.52 0.60428
2.53 0.61065
2.54 0.61701
2.55 0.62338
2.56 0.62975
2.57 0.63611
2.58 0.64248
2.59 0.64885
2.6 0.65521
2.61 0.66158
2.62 0.66794
2.63 0.67431
2.64 0.68068
2.65 0.68704
2.66 0.69341
2.67 0.69977
2.68 0.70614
2.69 0.71251
2.7 0.71887
2.71 0.72524
2.72 0.73161
2.73 0.73797
2.74 0.74434
2.75 0.7507
2.76 0.75707
2.77 0.76344
2.78 0.7698
2.79 0.77617
2.8 0.78254
2.81 0.7889
2.82 0.79527
2.83 0.80163
2.84 0.808
2.85 0.81437
2.86 0.82073
2.87 0.8271
2.88 0.83346
2.89 0.83983
2.9 0.8462
2.91 0.85256
2.92 0.85893
2.93 0.8653
2.94 0.87166
2.95 0.87803
2.96 0.88439
2.97 0.89076
2.98 0.89713
2.99 0.90349
3 0.90986
3.01 0.91623
3.02 0.92259
3.03 0.92896
3.04 0.93532
3.05 0.94169
3.06 0.94806
3.07 0.95442
3.08 0.96079
3.09 0.96716
3.1 0.97352
3.11 0.97989
3.12 0.98625
3.13 0.99262
3.14 0.99899
3.15 0.99465
3.16 0.98828
3.17 0.98192
3.18 0.97555
3.19 0.96918
3.2 0.96282
3.21 0.95645
3.22 0.95008
3.23 0.94372
3.24 0.93735
3.25 0.93099
3.26 0.92462
3.27 0.91825
3.28 0.91189
3.29 0.90552
3.3 0.89915
3.31 0.89279
3.32 0.88642
3.33 0.88006
3.34 0.87369
3.35 0.86732
3.36 0.86096
3.37 0.85459
3.38 0.84823
3.39 0.84186
3.4 0.83549
3.41 0.82913
3.42 0.82276
3.43 0.81639
3.44 0.81003
3.45 0.80366
3.46 0.7973
3.47 0.79093
3.48 0.78456
3.49 0.7782
3.5 0.77183
3.51 0.76546
3.52 0.7591
3.53 0.75273
3.54 0.74637
3.55 0.74
3.56 0.73363
3.57 0.72727
3.58 0.7209
3.59 0.71454
3.6 0.70817
3.61 0.7018
3.62 0.69544
3.63 0.68907
3.64 0.6827
3.65 0.67634
3.66 0.66997
3.67 0.66361
3.68 0.65724
3.69 0.65087
3.7 0.64451
3.71 0.63814
3.72 0.63177
3.73 0.62541
3.74 0.61904
3.75 0.61268
3.76 0.60631
3.77 0.59994
3.78 0.59358
3.79 0.58721
3.8 0.58084
3.81 0.57448
3.82 0.56811
3.83 0.56175
3.84 0.55538
3.85 0.54901
3.86 0.54265
3.87 0.53628
3.88 0.52992
3.89 0.52355
3.9 0.51718
3.91 0.51082
3.92 0.50445
3.93 0.49808
3.94 0.49172
3.95 0.48535
3.96 0.47899
3.97 0.47262
3.98 0.46625
3.99 0.45989
4 0.45352
4.01 0.44715
4.02 0.44079
4.03 0.43442
4.04 0.42806
4.05 0.42169
4.06 0.41532
4.07 0.40896
4.08 0.40259
4.09 0.39623
4.1 0.38986
4.11 0.38349
4.12 0.37713
4.13 0.37076
4.14 0.36439
4.15 0.35803
4.16 0.35166
4.17 0.3453
4.18 0.33893
4.19 0.33256
4.2 0.3262
4.21 0.31983
4.22 0.31346
4.23 0.3071
4.24 0.30073
4.25 0.29437
4.26 0.288
4.27 0.28163
4.28 0.27527
4.29 0.2689
4.3 0.26253
4.31 0.25617
4.32 0.2498
4.33 0.24344
4.34 0.23707
4.35 0.2307
4.36 0.22434
4.37 0.21797
4.38 0.21161
4.39 0.20524
4.4 0.19887
4.41 0.19251
4.42 0.18614
4.43 0.17977
4.44 0.17341
4.45 0.16704
4.46 0.16068
4.47 0.15431
4.48 0.14794
4.49 0.14158
4.5 0.13521
4.51 0.12884
4.52 0.12248
4.53 0.11611
4.54 0.10975
4.55 0.10338
4.56 0.097014
4.57 0.090648
4.58 0.084281
4.59 0.077915
4.6 0.071549
4.61 0.065183
4.62 0.058817
4.63 0.05245
4.64 0.046084
4.65 0.039718
4.66 0.033352
4.67 0.026986
4.68 0.020619
4.69 0.014253
4.7 0.0078871
4.71 0.0015209
4.72 -0.0048453
4.73 -0.011212
4.74 -0.017578
4.75 -0.023944
4.76 -0.03031
4.77 -0.036676
4.78 -0.043043
4.79 -0.049409
4.8 -0.055775
4.81 -0.062141
4.82 -0.068507
4.83 -0.074874
4.84 -0.08124
4.85 -0.087606
4.86 -0.093972
4.87 -0.10034
4.88 -0.1067
4.89 -0.11307
4.9 -0.11944
4.91 -0.1258
4.92 -0.13217
4.93 -0.13854
4.94 -0.1449
4.95 -0.15127
4.96 -0.15763
4.97 -0.164
4.98 -0.17037
4.99 -0.17673
5 -0.1831
5.01 -0.18947
5.02 -0.19583
5.03 -0.2022
5.04 -0.20856
5.05 -0.21493
5.06 -0.2213
5.07 -0.22766
5.08 -0.23403
5.09 -0.24039
5.1 -0.24676
5.11 -0.25313
5.12 -0.25949
5.13 -0.26586
5.14 -0.27223
5.15 -0.27859
5.16 -0.28496
5.17 -0.29132
5.18 -0.29769
5.19 -0.30406
5.2 -0.31042
5.21 -0.31679
5.22 -0.32316
5.23 -0.32952
5.24 -0.33589
5.25 -0.34225
5.26 -0.34862
5.27 -0.35499
5.28 -0.36135
5.29 -0.36772
5.3 -0.37408
5.31 -0.38045
5.32 -0.38682
5.33 -0.39318
5.34 -0.39955
5.35 -0.40592
5.36 -0.41228
5.37 -0.41865
5.38 -0.42501
5.39 -0.43138
5.4 -0.43775
5.41 -0.44411
5.42 -0.45048
5.43 -0.45685
5.44 -0.46321
5.45 -0.46958
5.46 -0.47594
5.47 -0.48231
5.48 -0.48868
5.49 -0.49504
5.5 -0.50141
5.51 -0.50777
5.52 -0.51414
5.53 -0.52051
5.54 -0.52687
5.55 -0.53324
5.56 -0.53961
5.57 -0.54597
5.58 -0.55234
5.59 -0.5587
5.6 -0.56507
5.61 -0.57144
5.62 -0.5778
5.63 -0.58417
5.64 -0.59054
5.65 -0.5969
5.66 -0.60327
5.67 -0.60963
5.68 -0.616
5.69 -0.62237
5.7 -0.62873
5.71 -0.6351
5.72 -0.64147
5.73 -0.64783
5.74 -0.6542
5.75 -0.66056
5.76 -0.66693
5.77 -0.6733
5.78 -0.67966
5.79 -0.68603
5.8 -0.69239
5.81 -0.69876
5.82 -0.70513
5.83 -0.71149
5.84 -0.71786
5.85 -0.72423
5.86 -0.73059
5.87 -0.73696
5.88 -0.74332
5.89 -0.74969
5.9 -0.75606
5.91 -0.76242
5.92 -0.76879
5.93 -0.77516
5.94 -0.78152
5.95 -0.78789
5.96 -0.79425
5.97 -0.80062
5.98 -0.80699
5.99 -0.81335
6 -0.81972
6.01 -0.82608
6.02 -0.83245
6.03 -0.83882
6.04 -0.84518
6.05 -0.85155
6.06 -0.85792
6.07 -0.86428
6.08 -0.87065
6.09 -0.87701
6.1 -0.88338
6.11 -0.88975
6.12 -0.89611
6.13 -0.90248
6.14 -0.90885
6.15 -0.91521
6.16 -0.92158
6.17 -0.92794
6.18 -0.93431
6.19 -0.94068
6.2 -0.94704
6.21 -0.95341
6.22 -0.95977
6.23 -0.96614
6.24 -0.97251
6.25 -0.97887
6.26 -0.98524
6.27 -0.99161
6.28 -0.99797
6.29 -0.99566
6.3 -0.9893
6.31 -0.98293
6.32 -0.97656
6.33 -0.9702
6.34 -0.96383
6.35 -0.95746
6.36 -0.9511
6.37 -0.94473
6.38 -0.93837
6.39 -0.932
6.4 -0.92563
6.41 -0.91927
6.42 -0.9129
6.43 -0.90653
6.44 -0.90017
6.45 -0.8938
6.46 -0.88744
6.47 -0.88107
6.48 -0.8747
6.49 -0.86834
6.5 -0.86197
6.51 -0.85561
6.52 -0.84924
6.53 -0.84287
6.54 -0.83651
6.55 -0.83014
6.56 -0.82377
6.57 -0.81741
6.58 -0.81104
6.59 -0.80468
6.6 -0.79831
6.61 -0.79194
6.62 -0.78558
6.63 -0.77921
6.64 -0.77284
6.65 -0.76648
6.66 -0.76011
6.67 -0.75375
6.68 -0.74738
6.69 -0.74101
6.7 -0.73465
6.71 -0.72828
6.72 -0.72192
6.73 -0.71555
6.74 -0.70918
6.75 -0.70282
6.76 -0.69645
6.77 -0.69008
6.78 -0.68372
6.79 -0.67735
6.8 -0.67099
6.81 -0.66462
6.82 -0.65825
6.83 -0.65189
6.84 -0.64552
6.85 -0.63915
6.86 -0.63279
6.87 -0.62642
6.88 -0.62006
6.89 -0.61369
6.9 -0.60732
6.91 -0.60096
6.92 -0.59459
6.93 -0.58822
6.94 -0.58186
6.95 -0.57549
6.96 -0.56913
6.97 -0.56276
6.98 -0.55639
6.99 -0.55003
7 -0.54366
7.01 -0.5373
7.02 -0.53093
7.03 -0.52456
7.04 -0.5182
7.05 -0.51183
7.06 -0.50546
7.07 -0.4991
7.08 -0.49273
7.09 -0.48637
7.1 -0.48
7.11 -0.47363
7.12 -0.46727
7.13 -0.4609
7.14 -0.45453
7.15 -0.44817
7.16 -0.4418
7.17 -0.43544
7.18 -0.42907
7.19 -0.4227
7.2 -0.41634
7.21 -0.40997
7.22 -0.40361
7.23 -0.39724
7.24 -0.39087
7.25 -0.38451
7.26 -0.37814
7.27 -0.37177
7.28 -0.36541
7.29 -0.35904
7.3 -0.35268
7.31 -0.34631
7.32 -0.33994
7.33 -0.33358
7.34 -0.32721
7.35 -0.32084
7.36 -0.31448
7.37 -0.30811
7.38 -0.30175
7.39 -0.29538
7.4 -0.28901
7.41 -0.28265
7.42 -0.27628
7.43 -0.26992
7.44 -0.26355
7.45 -0.25718
7.46 -0.25082
7.47 -0.24445
7.48 -0.23808
7.49 -0.23172
7.5 -0.22535
7.51 -0.21899
7.52 -0.21262
7.53 -0.20625
7.54 -0.19989
7.55 -0.19352
7.56 -0.18715
7.57 -0.18079
7.58 -0.17442
7.59 -0.16806
7.6 -0.16169
7.61 -0.15532
7.62 -0.14896
7.63 -0.14259
7.64 -0.13622
7.65 -0.12986
7.66 -0.12349
7.67 -0.11713
7.68 -0.11076
7.69 -0.10439
7.7 -0.098028
7.71 -0.091662
7.72 -0.085295
7.73 -0.078929
7.74 -0.072563
7.75 -0.066197
7.76 -0.059831
7.77 -0.053464
7.78 -0.047098
7.79 -0.040732
7.8 -0.034366
7.81 -0.028
7.82 -0.021633
7.83 -0.015267
7.84 -0.008901
7.85 -0.0025348
7.86 0.0038314
7.87 0.010198
7.88 0.016564
7.89 0.02293
7.9 0.029296
7.91 0.035662
7.92 0.042029
7.93 0.048395
7.94 0.054761
7.95 0.061127
7.96 0.067493
7.97 0.07386
7.98 0.080226
7.99 0.086592
8 0.092958
8.01 0.099324
8.02 0.10569
8.03 0.11206
8.04 0.11842
8.05 0.12479
8.06 0.13116
8.07 0.13752
8.08 0.14389
8.09 0.15025
8.1 0.15662
8.11 0.16299
8.12 0.16935
8.13 0.17572
8.14 0.18208
8.15 0.18845
8.16 0.19482
8.17 0.20118
8.18 0.20755
8.19 0.21392
8.2 0.22028
8.21 0.22665
8.22 0.23301
8.23 0.23938
8.24 0.24575
8.25 0.25211
8.26 0.25848
8.27 0.26485
8.28 0.27121
8.29 0.27758
8.3 0.28394
8.31 0.29031
8.32 0.29668
8.33 0.30304
8.34 0.30941
8.35 0.31578
8.36 0.32214
8.37 0.32851
8.38 0.33487
8.39 0.34124
8.4 0.34761
8.41 0.35397
8.42 0.36034
8.43 0.3667
8.44 0.37307
8.45 0.37944
8.46 0.3858
8.47 0.39217
8.48 0.39854
8.49 0.4049
8.5 0.41127
8.51 0.41763
8.52 0.424
8.53 0.43037
8.54 0.43673
8.55 0.4431
8.56 0.44947
8.57 0.45583
8.58 0.4622
8.59 0.46856
8.6 0.47493
8.61 0.4813
8.62 0.48766
8.63 0.49403
8.64 0.50039
8.65 0.50676
8.66 0.51313
8.67 0.51949
8.68 0.52586
8.69 0.53223
8.7 0.53859
8.71 0.54496
8.72 0.55132
8.73 0.55769
8.74 0.56406
8.75 0.57042
8.76 0.57679
8.77 0.58316
8.78 0.58952
8.79 0.59589
8.8 0.60225
8.81 0.60862
8.82 0.61499
8.83 0.62135
8.84 0.62772
8.85 0.63408
8.86 0.64045
8.87 0.64682
8.88 0.65318
8.89 0.65955
8.9 0.66592
8.91 0.67228
8.92 0.67865
8.93 0.68501
8.94 0.69138
8.95 0.69775
8.96 0.70411
8.97 0.71048
8.98 0.71685
8.99 0.72321
9 0.72958
9.01 0.73594
9.02 0.74231
9.03 0.74868
9.04 0.75504
9.05 0.76141
9.06 0.76778
9.07 0.77414
9.08 0.78051
9.09 0.78687
9.1 0.79324
9.11 0.79961
9.12 0.80597
9.13 0.81234
9.14 0.8187
9.15 0.82507
9.16 0.83144
9.17 0.8378
9.18 0.84417
9.19 0.85054
9.2 0.8569
9.21 0.86327
9.22 0.86963
9.23 0.876
9.24 0.88237
9.25 0.88873
9.26 0.8951
9.27 0.90147
9.28 0.90783
9.29 0.9142
9.3 0.92056
9.31 0.92693
9.32 0.9333
9.33 0.93966
9.34 0.94603
9.35 0.95239
9.36 0.95876
9.37 0.96513
9.38 0.97149
9.39 0.97786
9.4 0.98423
9.41 0.99059
9.42 0.99696
9.43 0.99668
9.44 0.99031
9.45 0.98394
9.46 0.97758
9.47 0.97121
9.48 0.96484
9.49 0.95848
9.5 0.95211
9.51 0.94575
9.52 0.93938
9.53 0.93301
9.54 0.92665
9.55 0.92028
9.56 0.91391
9.57 0.90755
9.58 0.90118
9.59 0.89482
9.6 0.88845
9.61 0.88208
9.62 0.87572
9.63 0.86935
9.64 0.86299
9.65 0.85662
9.66 0.85025
9.67 0.84389
9.68 0.83752
9.69 0.83115
9.7 0.82479
9.71 0.81842
9.72 0.81206
9.73 0.80569
9.74 0.79932
9.75 0.79296
9.76 0.78659
9.77 0.78022
9.78 0.77386
9.79 0.76749
9.8 0.76113
9.81 0.75476
9.82 0.74839
9.83 0.74203
9.84 0.73566
9.85 0.7293
9.86 0.72293
9.87 0.71656
9.88 0.7102
9.89 0.70383
9.9 0.69746
9.91 0.6911
9.92 0.68473
9.93 0.67837
9.94 0.672
9.95 0.66563
9.96 0.65927
9.97 0.6529
9.98 0.64653
9.99 0.64017
10 0.6338
10.01 0.62744
10.02 0.62107
10.03 0.6147
10.04 0.60834
10.05 0.60197
10.06 0.59561
10.07 0.58924
10.08 0.58287
10.09 0.57651
10.1 0.57014
10.11 0.56377
10.12 0.55741
10.13 0.55104
10.14 0.54468
10.15 0.53831
10.16 0.53194
10.17 0.52558
10.18 0.51921
10.19 0.51284
10.2 0.50648
10.21 0.50011
10.22 0.49375
10.23 0.48738
10.24 0.48101
10.25 0.47465
10.26 0.46828
10.27 0.46191
10.28 0.45555
10.29 0.44918
10.3 0.44282
10.31 0.43645
10.32 0.43008
10.33 0.42372
10.34 0.41735
10.35 0.41099
10.36 0.40462
10.37 0.39825
10.38 0.39189
10.39 0.38552
10.4 0.37915
10.41 0.37279
10.42 0.36642
10.43 0.36006
10.44 0.35369
10.45 0.34732
10.46 0.34096
10.47 0.33459
10.48 0.32822
10.49 0.32186
10.5 0.31549
10.51 0.30913
10.52 0.30276
10.53 0.29639
10.54 0.29003
10.55 0.28366
10.56 0.2773
10.57 0.27093
10.58 0.26456
10.59 0.2582
10.6 0.25183
10.61 0.24546
10.62 0.2391
10.63 0.23273
10.64 0.22637
10.65 0.22
10.66 0.21363
10.67 0.20727
10.68 0.2009
10.69 0.19453
10.7 0.18817
10.71 0.1818
10.72 0.17544
10.73 0.16907
10.74 0.1627
10.75 0.15634
10.76 0.14997
10.77 0.14361
10.78 0.13724
10.79 0.13087
10.8 0.12451
10.81 0.11814
10.82 0.11177
10.83 0.10541
10.84 0.099042
10.85 0.092675
10.86 0.086309
10.87 0.079943
10.88 0.073577
10.89 0.067211
10.9 0.060844
10.91 0.054478
10.92 0.048112
10.93 0.041746
10.94 0.03538
10.95 0.029013
10.96 0.022647
10.97 0.016281
10.98 0.0099149
10.99 0.0035487
11 -0.0028175
11.01 -0.0091837
11.02 -0.01555
11.03 -0.021916
11.04 -0.028282
11.05 -0.034648
11.06 -0.041015
11.07 -0.047381
11.08 -0.053747
11.09 -0.060113
11.1 -0.066479
11.11 -0.072846
11.12 -0.079212
11.13 -0.085578
11.14 -0.091944
11.15 -0.09831
11.16 -0.10468
11.17 -0.11104
11.18 -0.11741
11.19 -0.12378
11.2 -0.13014
11.21 -0.13651
11.22 -0.14287
11.23 -0.14924
11.24 -0.15561
11.25 -0.16197
11.26 -0.16834
11.27 -0.1747
11.28 -0.18107
11.29 -0.18744
11.3 -0.1938
11.31 -0.20017
11.32 -0.20654
11.33 -0.2129
11.34 -0.21927
11.35 -0.22563
11.36 -0.232
11.37 -0.23837
11.38 -0.24473
11.39 -0.2511
11.4 -0.25747
11.41 -0.26383
11.42 -0.2702
11.43 -0.27656
11.44 -0.28293
11.45 -0.2893
11.46 -0.29566
11.47 -0.30203
11.48 -0.30839
11.49 -0.31476
11.5 -0.32113
11.51 -0.32749
11.52 -0.33386
11.53 -0.34023
11.54 -0.34659
11.55 -0.35296
11.56 -0.35932
11.57 -0.36569
11.58 -0.37206
11.59 -0.37842
11.6 -0.38479
11.61 -0.39116
11.62 -0.39752
11.63 -0.40389
11.64 -0.41025
11.65 -0.41662
11.66 -0.42299
11.67 -0.42935
11.68 -0.43572
11.69 -0.44209
11.7 -0.44845
11.71 -0.45482
11.72 -0.46118
11.73 -0.46755
11.74 -0.47392
11.75 -0.48028
11.76 -0.48665
11.77 -0.49301
11.78 -0.49938
11.79 -0.50575
11.8 -0.51211
11.81 -0.51848
11.82 -0.52485
11.83 -0.53121
11.84 -0.53758
11.85 -0.54394
11.86 -0.55031
11.87 -0.55668
11.88 -0.56304
11.89 -0.56941
11.9 -0.57578
11.91 -0.58214
11.92 -0.58851
11.93 -0.59487
11.94 -0.60124
11.95 -0.60761
11.96 -0.61397
11.97 -0.62034
11.98 -0.6267
11.99 -0.63307
12 -0.63944
12.01 -0.6458
12.02 -0.65217
12.03 -0.65854
12.04 -0.6649
12.05 -0.67127
12.06 -0.67763
12.07 -0.684
12.08 -0.69037
12.09 -0.69673
12.1 -0.7031
12.11 -0.70947
12.12 -0.71583
12.13 -0.7222
12.14 -0.72856
12.15 -0.73493
12.16 -0.7413
12.17 -0.74766
12.18 -0.75403
12.19 -0.7604
12.2 -0.76676
12.21 -0.77313
12.22 -0.77949
12.23 -0.78586
12.24 -0.79223
12.25 -0.79859
12.26 -0.80496
12.27 -0.81132
12.28 -0.81769
12.29 -0.82406
12.3 -0.83042
12.31 -0.83679
12.32 -0.84316
12.33 -0.84952
12.34 -0.85589
12.35 -0.86225
12.36 -0.86862
12.37 -0.87499
12.38 -0.88135
12.39 -0.88772
12.4 -0.89409
12.41 -0.90045
12.42 -0.90682
12.43 -0.91318
12.44 -0.91955
12.45 -0.92592
12.46 -0.93228
12.47 -0.93865
12.48 -0.94501
12.49 -0.95138
12.5 -0.95775
12.51 -0.96411
12.52 -0.97048
12.53 -0.97685
12.54 -0.98321
12.55 -0.98958
12.56 -0.99594
12.57 -0.99769
12.58 -0.99132
12.59 -0.98496
12.6 -0.97859
12.61 -0.97222
12.62 -0.96586
12.63 -0.95949
12.64 -0.95313
12.65 -0.94676
12.66 -0.94039
12.67 -0.93403
12.68 -0.92766
12.69 -0.9213
12.7 -0.91493
12.71 -0.90856
12.72 -0.9022
12.73 -0.89583
12.74 -0.88946
12.75 -0.8831
12.76 -0.87673
12.77 -0.87037
12.78 -0.864
12.79 -0.85763
12.8 -0.85127
12.81 -0.8449
12.82 -0.83853
12.83 -0.83217
12.84 -0.8258
12.85 -0.81944
12.86 -0.81307
12.87 -0.8067
12.88 -0.80034
12.89 -0.79397
12.9 -0.7876
12.91 -0.78124
12.92 -0.77487
12.93 -0.76851
12.94 -0.76214
12.95 -0.75577
12.96 -0.74941
12.97 -0.74304
12.98 -0.73668
12.99 -0.73031
13 -0.72394
13.01 -0.71758
13.02 -0.71121
13.03 -0.70484
13.04 -0.69848
13.05 -0.69211
13.06 -0.68575
13.07 -0.67938
13.08 -0.67301
13.09 -0.66665
13.1 -0.66028
13.11 -0.65391
13.12 -0.64755
13.13 -0.64118
13.14 -0.63482
13.15 -0.62845
13.16 -0.62208
13.17 -0.61572
13.18 -0.60935
13.19 -0.60299
13.2 -0.59662
13.21 -0.59025
13.22 -0.58389
13.23 -0.57752
13.24 -0.57115
13.25 -0.56479
13.26 -0.55842
13.27 -0.55206
13.28 -0.54569
13.29 -0.53932
13.3 -0.53296
13.31 -0.52659
13.32 -0.52022
13.33 -0.51386
13.34 -0.50749
13.35 -0.50113
13.36 -0.49476
13.37 -0.48839
13.38 -0.48203
13.39 -0.47566
13.4 -0.4693
13.41 -0.46293
13.42 -0.45656
13.43 -0.4502
13.44 -0.44383
13.45 -0.43746
13.46 -0.4311
13.47 -0.42473
13.48 -0.41837
13.49 -0.412
13.5 -0.40563
13.51 -0.39927
13.52 -0.3929
13.53 -0.38653
13.54 -0.38017
13.55 -0.3738
13.56 -0.36744
13.57 -0.36107
13.58 -0.3547
13.59 -0.34834
13.6 -0.34197
13.61 -0.3356
13.62 -0.32924
13.63 -0.32287
13.64 -0.31651
13.65 -0.31014
13.66 -0.30377
13.67 -0.29741
13.68 -0.29104
13.69 -0.28468
13.7 -0.27831
13.71 -0.27194
13.72 -0.26558
13.73 -0.25921
13.74 -0.25284
13.75 -0.24648
13.76 -0.24011
13.77 -0.23375
13.78 -0.22738
13.79 -0.22101
13.8 -0.21465
13.81 -0.20828
13.82 -0.20191
13.83 -0.19555
13.84 -0.18918
13.85 -0.18282
13.86 -0.17645
13.87 -0.17008
13.88 -0.16372
13.89 -0.15735
13.9 -0.15099
13.91 -0.14462
13.92 -0.13825
13.93 -0.13189
13.94 -0.12552
13.95 -0.11915
13.96 -0.11279
13.97 -0.10642
13.98 -0.10006
13.99 -0.093689
14 -0.087323
14.01 -0.080957
14.02 -0.074591
14.03 -0.068225
14.04 -0.061858
14.05 -0.055492
14.06 -0.049126
14.07 -0.04276
14.08 -0.036394
14.09 -0.030027
14.1 -0.023661
14.11 -0.017295
14.12 -0.010929
14.13 -0.0045626
14.14 0.0018036
14.15 0.0081698
14.16 0.014536
14.17 0.020902
14.18 0.027268
14.19 0.033635
14.2 0.040001
14.21 0.046367
14.22 0.052733
14.23 0.059099
14.24 0.065466
14.25 0.071832
14.26 0.078198
14.27 0.084564
14.28 0.09093
14.29 0.097297
14.3 0.10366
14.31 0.11003
14.32 0.1164
14.33 0.12276
14.34 0.12913
14.35 0.13549
14.36 0.14186
14.37 0.14823
14.38 0.15459
14.39 0.16096
14.4 0.16732
14.41 0.17369
14.42 0.18006
14.43 0.18642
14.44 0.19279
14.45 0.19916
14.46 0.20552
14.47 0.21189
14.48 0.21825
14.49 0.22462
14.5 0.23099
14.51 0.23735
14.52 0.24372
14.53 0.25009
14.54 0.25645
14.55 0.26282
14.56 0.26918
14.57 0.27555
14.58 0.28192
14.59 0.28828
14.6 0.29465
14.61 0.30101
14.62 0.30738
14.63 0.31375
14.64 0.32011
14.65 0.32648
14.66 0.33285
14.67 0.33921
14.68 0.34558
14.69 0.35194
14.7 0.35831
14.71 0.36468
14.72 0.37104
14.73 0.37741
14.74 0.38378
14.75 0.39014
14.76 0.39651
14.77 0.40287
14.78 0.40924
14.79 0.41561
14.8 0.42197
14.81 0.42834
14.82 0.43471
14.83 0.44107
14.84 0.44744
14.85 0.4538
14.86 0.46017
14.87 0.46654
14.88 0.4729
14.89 0.47927
14.9 0.48563
14.91 0.492
14.92 0.49837
14.93 0.50473
14.94 0.5111
14.95 0.51747
14.96 0.52383
14.97 0.5302
14.98 0.53656
14.99 0.54293
15 0.5493
15.01 0.55566
15.02 0.56203
15.03 0.5684
15.04 0.57476
15.05 0.58113
15.06 0.58749
15.07 0.59386
15.08 0.60023
15.09 0.60659
15.1 0.61296
15.11 0.61932
15.12 0.62569
15.13 0.63206
15.14 0.63842
15.15 0.64479
15.16 0.65116
15.17 0.65752
15.18 0.66389
15.19 0.67025
15.2 0.67662
15.21 0.68299
15.22 0.68935
15.23 0.69572
15.24 0.70209
15.25 0.70845
15.26 0.71482
15.27 0.72118
15.28 0.72755
15.29 0.73392
15.3 0.74028
15.31 0.74665
15.32 0.75301
15.33 0.75938
15.34 0.76575
15.35 0.77211
15.36 0.77848
15.37 0.78485
15.38 0.79121
15.39 0.79758
15.4 0.80394
15.41 0.81031
15.42 0.81668
15.43 0.82304
15.44 0.82941
15.45 0.83578
15.46 0.84214
15.47 0.84851
15.48 0.85487
15.49 0.86124
15.5 0.86761
15.51 0.87397
15.52 0.88034
15.53 0.88671
15.54 0.89307
15.55 0.89944
15.56 0.9058
15.57 0.91217
15.58 0.91854
15.59 0.9249
15.6 0.93127
15.61 0.93763
15.62 0.944
15.63 0.95037
15.64 0.95673
15.65 0.9631
15.66 0.96947
15.67 0.97583
15.68 0.9822
15.69 0.98856
15.7 0.99493
15.71 0.9987
15.72 0.99234
15.73 0.98597
15.74 0.9796
15.75 0.97324
15.76 0.96687
15.77 0.96051
15.78 0.95414
15.79 0.94777
15.8 0.94141
15.81 0.93504
15.82 0.92868
15.83 0.92231
15.84 0.91594
15.85 0.90958
15.86 0.90321
15.87 0.89684
15.88 0.89048
15.89 0.88411
15.9 0.87775
15.91 0.87138
15.92 0.86501
15.93 0.85865
15.94 0.85228
15.95 0.84591
15.96 0.83955
15.97 0.83318
15.98 0.82682
15.99 0.82045
16 0.81408
16.01 0.80772
16.02 0.80135
16.03 0.79499
16.04 0.78862
16.05 0.78225
16.06 0.77589
16.07 0.76952
16.08 0.76315
16.09 0.75679
16.1 0.75042
16.11 0.74406
16.12 0.73769
16.13 0.73132
16.14 0.72496
16.15 0.71859
16.16 0.71222
16.17 0.70586
16.18 0.69949
16.19 0.69313
16.2 0.68676
16.21 0.68039
16.22 0.67403
16.23 0.66766
16.24 0.66129
16.25 0.65493
16.26 0.64856
16.27 0.6422
16.28 0.63583
16.29 0.62946
16.3 0.6231
16.31 0.61673
16.32 0.61037
16.33 0.604
16.34 0.59763
16.35 0.59127
16.36 0.5849
16.37 0.57853
16.38 0.57217
16.39 0.5658
16.4 0.55944
16.41 0.55307
16.42 0.5467
16.43 0.54034
16.44 0.53397
16.45 0.5276
16.46 0.52124
16.47 0.51487
16.48 0.50851
16.49 0.50214
16.5 0.49577
16.51 0.48941
16.52 0.48304
16.53 0.47668
16.54 0.47031
16.55 0.46394
16.56 0.45758
16.57 0.45121
16.58 0.44484
16.59 0.43848
16.6 0.43211
16.61 0.42575
16.62 0.41938
16.63 0.41301
16.64 0.40665
16.65 0.40028
16.66 0.39391
16.67 0.38755
16.68 0.38118
16.69 0.37482
16.7 0.36845
16.71 0.36208
16.72 0.35572
16.73 0.34935
16.74 0.34299
16.75 0.33662
16.76 0.33025
16.77 0.32389
16.78 0.31752
16.79 0.31115
16.8 0.30479
16.81 0.29842
16.82 0.29206
16.83 0.28569
16.84 0.27932
16.85 0.27296
16.86 0.26659
16.87 0.26022
16.88 0.25386
16.89 0.24749
16.9 0.24113
16.91 0.23476
16.92 0.22839
16.93 0.22203
16.94 0.21566
16.95 0.20929
16.96 0.20293
16.97 0.19656
16.98 0.1902
16.99 0.18383
17 0.17746
17.01 0.1711
17.02 0.16473
17.03 0.15837
17.04 0.152
17.05 0.14563
17.06 0.13927
17.07 0.1329
17.08 0.12653
17.09 0.12017
17.1 0.1138
17.11 0.10744
17.12 0.10107
17.13 0.094703
17.14 0.088337
17.15 0.081971
17.16 0.075605
17.17 0.069239
17.18 0.062872
17.19 0.056506
17.2 0.05014
17.21 0.043774
17.22 0.037408
17.23 0.031041
17.24 0.024675
17.25 0.018309
17.26 0.011943
17.27 0.0055765
17.28 -0.00078967
17.29 -0.0071559
17.3 -0.013522
17.31 -0.019888
17.32 -0.026254
17.33 -0.032621
17.34 -0.038987
17.35 -0.045353
17.36 -0.051719
17.37 -0.058085
17.38 -0.064452
17.39 -0.070818
17.4 -0.077184
17.41 -0.08355
17.42 -0.089916
17.43 -0.096283
17.44 -0.10265
17.45 -0.10902
17.46 -0.11538
17.47 -0.12175
17.48 -0.12811
17.49 -0.13448
17.5 -0.14085
17.51 -0.14721
17.52 -0.15358
17.53 -0.15994
17.54 -0.16631
17.55 -0.17268
17.56 -0.17904
17.57 -0.18541
17.58 -0.19178
17.59 -0.19814
17.6 -0.20451
17.61 -0.21087
17.62 -0.21724
17.63 -0.22361
17.64 -0.22997
17.65 -0.23634
17.66 -0.24271
17.67 -0.24907
17.68 -0.25544
17.69 -0.2618
17.7 -0.26817
17.71 -0.27454
17.72 -0.2809
17.73 -0.28727
17.74 -0.29363
17.75 -0.3
17.76 -0.30637
17.77 -0.31273
17.78 -0.3191
17.79 -0.32547
17.8 -0.33183
17.81 -0.3382
17.82 -0.34456
17.83 -0.35093
17.84 -0.3573
17.85 -0.36366
17.86 -0.37003
17.87 -0.3764
17.88 -0.38276
17.89 -0.38913
17.9 -0.39549
17.91 -0.40186
17.92 -0.40823
17.93 -0.41459
17.94 -0.42096
17.95 -0.42732
17.96 -0.43369
17.97 -0.44006
17.98 -0.44642
17.99 -0.45279
18 -0.45916
18.01 -0.46552
18.02 -0.47189
18.03 -0.47825
18.04 -0.48462
18.05 -0.49099
18.06 -0.49735
18.07 -0.50372
18.08 -0.51009
18.09 -0.51645
18.1 -0.52282
18.11 -0.52918
18.12 -0.53555
18.13 -0.54192
18.14 -0.54828
18.15 -0.55465
18.16 -0.56102
18.17 -0.56738
18.18 -0.57375
18.19 -0.58011
18.2 -0.58648
18.21 -0.59285
18.22 -0.59921
18.23 -0.60558
18.24 -0.61194
18.25 -0.61831
18.26 -0.62468
18.27 -0.63104
18.28 -0.63741
18.29 -0.64378
18.3 -0.65014
18.31 -0.65651
18.32 -0.66287
18.33 -0.66924
18.34 -0.67561
18.35 -0.68197
18.36 -0.68834
18.37 -0.69471
18.38 -0.70107
18.39 -0.70744
18.4 -0.7138
18.41 -0.72017
18.42 -0.72654
18.43 -0.7329
18.44 -0.73927
18.45 -0.74563
18.46 -0.752
18.47 -0.75837
18.48 -0.76473
18.49 -0.7711
18.5 -0.77747
18.51 -0.78383
18.52 -0.7902
18.53 -0.79656
18.54 -0.80293
18.55 -0.8093
18.56 -0.81566
18.57 -0.82203
18.58 -0.8284
18.59 -0.83476
18.6 -0.84113
18.61 -0.84749
18.62 -0.85386
18.63 -0.86023
18.64 -0.86659
18.65 -0.87296
18.66 -0.87932
18.67 -0.88569
18.68 -0.89206
18.69 -0.89842
18.7 -0.90479
18.71 -0.91116
18.72 -0.91752
18.73 -0.92389
18.74 -0.93025
18.75 -0.93662
18.76 -0.94299
18.77 -0.94935
18.78 -0.95572
18.79 -0.96209
18.8 -0.96845
18.81 -0.97482
18.82 -0.98118
18.83 -0.98755
18.84 -0.99392
18.85 -0.99972
18.86 -0.99335
18.87 -0.98698
18.88 -0.98062
18.89 -0.97425
18.9 -0.96789
18.91 -0.96152
18.92 -0.95515
18.93 -0.94879
18.94 -0.94242
18.95 -0.93606
18.96 -0.92969
18.97 -0.92332
18.98 -0.91696
18.99 -0.91059
19 -0.90422
19.01 -0.89786
19.02 -0.89149
19.03 -0.88513
19.04 -0.87876
19.05 -0.87239
19.06 -0.86603
19.07 -0.85966
19.08 -0.85329
19.09 -0.84693
19.1 -0.84056
19.11 -0.8342
19.12 -0.82783
19.13 -0.82146
19.14 -0.8151
19.15 -0.80873
19.16 -0.80237
19.17 -0.796
19.18 -0.78963
19.19 -0.78327
19.2 -0.7769
19.21 -0.77053
19.22 -0.76417
19.23 -0.7578
19.24 -0.75144
19.25 -0.74507
19.26 -0.7387
19.27 -0.73234
19.28 -0.72597
19.29 -0.7196
19.3 -0.71324
19.31 -0.70687
19.32 -0.70051
19.33 -0.69414
19.34 -0.68777
19.35 -0.68141
19.36 -0.67504
19.37 -0.66868
19.38 -0.66231
19.39 -0.65594
19.4 -0.64958
19.41 -0.64321
19.42 -0.63684
19.43 -0.63048
19.44 -0.62411
19.45 -0.61775
19.46 -0.61138
19.47 -0.60501
19.48 -0.59865
19.49 -0.59228
19.5 -0.58591
19.51 -0.57955
19.52 -0.57318
19.53 -0.56682
19.54 -0.56045
19.55 -0.55408
19.56 -0.54772
19.57 -0.54135
19.58 -0.53498
19.59 -0.52862
19.6 -0.52225
19.61 -0.51589
19.62 -0.50952
19.63 -0.50315
19.64 -0.49679
19.65 -0.49042
19.66 -0.48406
19.67 -0.47769
19.68 -0.47132
19.69 -0.46496
19.7 -0.45859
19.71 -0.45222
19.72 -0.44586
19.73 -0.43949
19.74 -0.43313
19.75 -0.42676
19.76 -0.42039
19.77 -0.41403
19.78 -0.40766
19.79 -0.40129
19.8 -0.39493
19.81 -0.38856
19.82 -0.3822
19.83 -0.37583
19.84 -0.36946
19.85 -0.3631
19.86 -0.35673
19.87 -0.35037
19.88 -0.344
19.89 -0.33763
19.9 -0.33127
19.91 -0.3249
19.92 -0.31853
19.93 -0.31217
19.94 -0.3058
19.95 -0.29944
19.96 -0.29307
19.97 -0.2867
19.98 -0.28034
19.99 -0.27397
20 -0.2676
20.01 -0.26124
20.02 -0.25487
20.03 -0.24851
20.04 -0.24214
20.05 -0.23577
20.06 -0.22941
20.07 -0.22304
20.08 -0.21667
20.09 -0.21031
20.1 -0.20394
20.11 -0.19758
20.12 -0.19121
20.13 -0.18484
20.14 -0.17848
20.15 -0.17211
20.16 -0.16575
20.17 -0.15938
20.18 -0.15301
20.19 -0.14665
20.2 -0.14028
20.21 -0.13391
20.22 -0.12755
20.23 -0.12118
20.24 -0.11482
20.25 -0.10845
20.26 -0.10208
20.27 -0.095717
20.28 -0.089351
20.29 -0.082985
20.3 -0.076619
20.31 -0.070252
20.32 -0.063886
20.33 -0.05752
20.34 -0.051154
20.35 -0.044788
20.36 -0.038421
20.37 -0.032055
20.38 -0.025689
20.39 -0.019323
20.4 -0.012957
20.41 -0.0065904
20.42 -0.00022425
20.43 0.0061419
20.44 0.012508
20.45 0.018874
20.46 0.025241
20.47 0.031607
20.48 0.037973
20.49 0.044339
20.5 0.050705
20.51 0.057072
20.52 0.063438
20.53 0.069804
20.54 0.07617
20.55 0.082536
20.56 0.088903
20.57 0.095269
20.58 0.10163
20.59 0.108
20.6 0.11437
20.61 0.12073
20.62 0.1271
20.63 0.13347
20.64 0.13983
20.65 0.1462
20.66 0.15256
20.67 0.15893
20.68 0.1653
20.69 0.17166
20.7 0.17803
20.71 0.1844
20.72 0.19076
20.73 0.19713
20.74 0.20349
20.75 0.20986
20.76 0.21623
20.77 0.22259
20.78 0.22896
20.79 0.23533
20.8 0.24169
20.81 0.24806
20.82 0.25442
20.83 0.26079
20.84 0.26716
20.85 0.27352
20.86 0.27989
20.87 0.28625
20.88 0.29262
20.89 0.29899
20.9 0.30535
20.91 0.31172
20.92 0.31809
20.93 0.32445
20.94 0.33082
20.95 0.33718
20.96 0.34355
20.97 0.34992
20.98 0.35628
20.99 0.36265
21 0.36902
21.01 0.37538
21.02 0.38175
21.03 0.38811
21.04 0.39448
21.05 0.40085
21.06 0.40721
21.07 0.41358
21.08 0.41994
21.09 0.42631
21.1 0.43268
21.11 0.43904
21.12 0.44541
21.13 0.45178
21.14 0.45814
21.15 0.46451
21.16 0.47087
21.17 0.47724
21.18 0.48361
21.19 0.48997
21.2 0.49634
21.21 0.50271
21.22 0.50907
21.23 0.51544
21.24 0.5218
21.25 0.52817
21.26 0.53454
21.27 0.5409
21.28 0.54727
21.29 0.55363
21.3 0.56
21.31 0.56637
21.32 0.57273
21.33 0.5791
21.34 0.58547
21.35 0.59183
21.36 0.5982
21.37 0.60456
21.38 0.61093
21.39 0.6173
21.4 0.62366
21.41 0.63003
21.42 0.6364
21.43 0.64276
21.44 0.64913
21.45 0.65549
21.46 0.66186
21.47 0.66823
21.48 0.67459
21.49 0.68096
21.5 0.68733
21.51 0.69369
21.52 0.70006
21.53 0.70642
21.54 0.71279
21.55 0.71916
21.56 0.72552
21.57 0.73189
21.58 0.73825
21.59 0.74462
21.6 0.75099
21.61 0.75735
21.62 0.76372
21.63 0.77009
21.64 0.77645
21.65 0.78282
21.66 0.78918
21.67 0.79555
21.68 0.80192
21.69 0.80828
21.7 0.81465
21.71 0.82102
21.72 0.82738
21.73 0.83375
21.74 0.84011
21.75 0.84648
21.76 0.85285
21.77 0.85921
21.78 0.86558
21.79 0.87194
21.8 0.87831
21.81 0.88468
21.82 0.89104
21.83 0.89741
21.84 0.90378
21.85 0.91014
21.86 0.91651
21.87 0.92287
21.88 0.92924
21.89 0.93561
21.9 0.94197
21.91 0.94834
21.92 0.95471
21.93 0.96107
21.94 0.96744
21.95 0.9738
21.96 0.98017
21.97 0.98654
21.98 0.9929
21.99 0.99927
22 0.99437
22.01 0.988
22.02 0.98163
22.03 0.97527
22.04 0.9689
22.05 0.96253
22.06 0.95617
22.07 0.9498
22.08 0.94344
22.09 0.93707
22.1 0.9307
22.11 0.92434
22.12 0.91797
22.13 0.9116
22.14 0.90524
22.15 0.89887
22.16 0.89251
22.17 0.88614
22.18 0.87977
22.19 0.87341
22.2 0.86704
22.21 0.86067
22.22 0.85431
22.23 0.84794
22.24 0.84158
22.25 0.83521
22.26 0.82884
22.27 0.82248
22.28 0.81611
22.29 0.80975
22.3 0.80338
22.31 0.79701
22.32 0.79065
22.33 0.78428
22.34 0.77791
22.35 0.77155
22.36 0.76518
22.37 0.75882
22.38 0.75245
22.39 0.74608
22.4 0.73972
22.41 0.73335
22.42 0.72698
22.43 0.72062
22.44 0.71425
22.45 0.70789
22.46 0.70152
22.47 0.69515
22.48 0.68879
22.49 0.68242
22.5 0.67606
22.51 0.66969
22.52 0.66332
22.53 0.65696
22.54 0.65059
22.55 0.64422
22.56 0.63786
22.57 0.63149
22.58 0.62513
22.59 0.61876
22.6 0.61239
22.61 0.60603
22.62 0.59966
22.63 0.59329
22.64 0.58693
22.65 0.58056
22.66 0.5742
22.67 0.56783
22.68 0.56146
22.69 0.5551
22.7 0.54873
22.71 0.54236
22.72 0.536
22.73 0.52963
22.74 0.52327
22.75 0.5169
22.76 0.51053
22.77 0.50417
22.78 0.4978
22.79 0.49144
22.8 0.48507
22.81 0.4787
22.82 0.47234
22.83 0.46597
22.84 0.4596
22.85 0.45324
22.86 0.44687
22.87 0.44051
22.88 0.43414
22.89 0.42777
22.9 0.42141
22.91 0.41504
22.92 0.40867
22.93 0.40231
22.94 0.39594
22.95 0.38958
22.96 0.38321
22.97 0.37684
22.98 0.37048
22.99 0.36411
23 0.35775
23.01 0.35138
23.02 0.34501
23.03 0.33865
23.04 0.33228
23.05 0.32591
23.06 0.31955
23.07 0.31318
23.08 0.30682
23.09 0.30045
23.1 0.29408
23.11 0.28772
23.12 0.28135
23.13 0.27498
23.14 0.26862
23.15 0.26225
23.16 0.25589
23.17 0.24952
23.18 0.24315
23.19 0.23679
23.2 0.23042
23.21 0.22406
23.22 0.21769
23.23 0.21132
23.24 0.20496
23.25 0.19859
23.26 0.19222
23.27 0.18586
23.28 0.17949
23.29 0.17313
23.3 0.16676
23.31 0.16039
23.32 0.15403
23.33 0.14766
23.34 0.14129
23.35 0.13493
23.36 0.12856
23.37 0.1222
23.38 0.11583
23.39 0.10946
23.4 0.1031
23.41 0.096731
23.42 0.090365
23.43 0.083999
23.44 0.077633
23.45 0.071266
23.46 0.0649
23.47 0.058534
23.48 0.052168
23.49 0.045802
23.5 0.039435
23.51 0.033069
23.52 0.026703
23.53 0.020337
23.54 0.013971
23.55 0.0076044
23.56 0.0012382
23.57 -0.005128
23.58 -0.011494
23.59 -0.01786
23.6 -0.024227
23.61 -0.030593
23.62 -0.036959
23.63 -0.043325
23.64 -0.049691
23.65 -0.056058
23.66 -0.062424
23.67 -0.06879
23.68 -0.075156
23.69 -0.081522
23.7 -0.087889
23.71 -0.094255
23.72 -0.10062
23.73 -0.10699
23.74 -0.11335
23.75 -0.11972
23.76 -0.12609
23.77 -0.13245
23.78 -0.13882
23.79 -0.14518
23.8 -0.15155
23.81 -0.15792
23.82 -0.16428
23.83 -0.17065
23.84 -0.17702
23.85 -0.18338
23.86 -0.18975
23.87 -0.19611
23.88 -0.20248
23.89 -0.20885
23.9 -0.21521
23.91 -0.22158
23.92 -0.22794
23.93 -0.23431
23.94 -0.24068
23.95 -0.24704
23.96 -0.25341
23.97 -0.25978
23.98 -0.26614
23.99 -0.27251
24 -0.27887
24.01 -0.28524
24.02 -0.29161
24.03 -0.29797
24.04 -0.30434
24.05 -0.31071
24.06 -0.31707
24.07 -0.32344
24.08 -0.3298
24.09 -0.33617
24.1 -0.34254
24.11 -0.3489
24.12 -0.35527
24.13 -0.36164
24.14 -0.368
24.15 -0.37437
24.16 -0.38073
24.17 -0.3871
24.18 -0.39347
24.19 -0.39983
24.2 -0.4062
24.21 -0.41256
24.22 -0.41893
24.23 -0.4253
24.24 -0.43166
24.25 -0.43803
24.26 -0.4444
24.27 -0.45076
24.28 -0.45713
24.29 -0.46349
24.3 -0.46986
24.31 -0.47623
24.32 -0.48259
24.33 -0.48896
24.34 -0.49533
24.35 -0.50169
24.36 -0.50806
24.37 -0.51442
24.38 -0.52079
24.39 -0.52716
24.4 -0.53352
24.41 -0.53989
24.42 -0.54625
24.43 -0.55262
24.44 -0.55899
24.45 -0.56535
24.46 -0.57172
24.47 -0.57809
24.48 -0.58445
24.49 -0.59082
24.5 -0.59718
24.51 -0.60355
24.52 -0.60992
24.53 -0.61628
24.54 -0.62265
24.55 -0.62902
24.56 -0.63538
24.57 -0.64175
24.58 -0.64811
24.59 -0.65448
24.6 -0.66085
24.61 -0.66721
24.62 -0.67358
24.63 -0.67994
24.64 -0.68631
24.65 -0.69268
24.66 -0.69904
24.67 -0.70541
24.68 -0.71178
24.69 -0.71814
24.7 -0.72451
24.71 -0.73087
24.72 -0.73724
24.73 -0.74361
24.74 -0.74997
24.75 -0.75634
24.76 -0.76271
24.77 -0.76907
24.78 -0.77544
24.79 -0.7818
24.8 -0.78817
24.81 -0.79454
24.82 -0.8009
24.83 -0.80727
24.84 -0.81364
24.85 -0.82
24.86 -0.82637
24.87 -0.83273
24.88 -0.8391
24.89 -0.84547
24.9 -0.85183
24.91 -0.8582
24.92 -0.86456
24.93 -0.87093
24.94 -0.8773
24.95 -0.88366
24.96 -0.89003
24.97 -0.8964
24.98 -0.90276
24.99 -0.90913
25 -0.91549
25.01 -0.92186
25.02 -0.92823
25.03 -0.93459
25.04 -0.94096
25.05 -0.94733
25.06 -0.95369
25.07 -0.96006
25.08 -0.96642
25.09 -0.97279
25.1 -0.97916
25.11 -0.98552
25.12 -0.99189
25.13 -0.99825
25.14 -0.99538
25.15 -0.98901
25.16 -0.98265
25.17 -0.97628
25.18 -0.96991
25.19 -0.96355
25.2 -0.95718
25.21 -0.95082
25.22 -0.94445
25.23 -0.93808
25.24 -0.93172
25.25 -0.92535
25.26 -0.91898
25.27 -0.91262
25.28 -0.90625
25.29 -0.89989
25.3 -0.89352
25.31 -0.88715
25.32 -0.88079
25.33 -0.87442
25.34 -0.86805
25.35 -0.86169
25.36 -0.85532
25.37 -0.84896
25.38 -0.84259
25.39 -0.83622
25.4 -0.82986
25.41 -0.82349
25.42 -0.81713
25.43 -0.81076
25.44 -0.80439
25.45 -0.79803
25.46 -0.79166
25.47 -0.78529
25.48 -0.77893
25.49 -0.77256
25.5 -0.7662
25.51 -0.75983
25.52 -0.75346
25.53 -0.7471
25.54 -0.74073
25.55 -0.73436
25.56 -0.728
25.57 -0.72163
25.58 -0.71527
25.59 -0.7089
25.6 -0.70253
25.61 -0.69617
25.62 -0.6898
25.63 -0.68344
25.64 -0.67707
25.65 -0.6707
25.66 -0.66434
25.67 -0.65797
25.68 -0.6516
25.69 -0.64524
25.7 -0.63887
25.71 -0.63251
25.72 -0.62614
25.73 -0.61977
25.74 -0.61341
25.75 -0.60704
25.76 -0.60067
25.77 -0.59431
25.78 -0.58794
25.79 -0.58158
25.8 -0.57521
25.81 -0.56884
25.82 -0.56248
25.83 -0.55611
25.84 -0.54975
25.85 -0.54338
25.86 -0.53701
25.87 -0.53065
25.88 -0.52428
25.89 -0.51791
25.9 -0.51155
25.91 -0.50518
25.92 -0.49882
25.93 -0.49245
25.94 -0.48608
25.95 -0.47972
25.96 -0.47335
25.97 -0.46698
25.98 -0.46062
25.99 -0.45425
26 -0.44789
26.01 -0.44152
26.02 -0.43515
26.03 -0.42879
26.04 -0.42242
26.05 -0.41605
26.06 -0.40969
26.07 -0.40332
26.08 -0.39696
26.09 -0.39059
26.1 -0.38422
26.11 -0.37786
26.12 -0.37149
26.13 -0.36513
26.14 -0.35876
26.15 -0.35239
26.16 -0.34603
26.17 -0.33966
26.18 -0.33329
26.19 -0.32693
26.2 -0.32056
26.21 -0.3142
26.22 -0.30783
26.23 -0.30146
26.24 -0.2951
26.25 -0.28873
26.26 -0.28236
26.27 -0.276
26.28 -0.26963
26.29 -0.26327
26.3 -0.2569
26.31 -0.25053
26.32 -0.24417
26.33 -0.2378
26.34 -0.23144
26.35 -0.22507
26.36 -0.2187
26.37 -0.21234
26.38 -0.20597
26.39 -0.1996
26.4 -0.19324
26.41 -0.18687
26.42 -0.18051
26.43 -0.17414
26.44 -0.16777
26.45 -0.16141
26.46 -0.15504
26.47 -0.14867
26.48 -0.14231
26.49 -0.13594
26.5 -0.12958
26.51 -0.12321
26.52 -0.11684
26.53 -0.11048
26.54 -0.10411
26.55 -0.097745
26.56 -0.091379
26.57 -0.085013
26.58 -0.078646
26.59 -0.07228
26.6 -0.065914
26.61 -0.059548
26.62 -0.053182
26.63 -0.046815
26.64 -0.040449
26.65 -0.034083
26.66 -0.027717
26.67 -0.021351
26.68 -0.014984
26.69 -0.0086183
26.7 -0.0022521
26.71 0.0041141
26.72 0.01048
26.73 0.016847
26.74 0.023213
26.75 0.029579
26.76 0.035945
26.77 0.042311
26.78 0.048678
26.79 0.055044
26.8 0.06141
26.81 0.067776
26.82 0.074142
26.83 0.080508
26.84 0.086875
26.85 0.093241
26.86 0.099607
26.87 0.10597
26.88 0.11234
26.89 0.11871
26.9 0.12507
26.91 0.13144
26.92 0.1378
26.93 0.14417
26.94 0.15054
26.95 0.1569
26.96 0.16327
26.97 0.16964
26.98 0.176
26.99 0.18237
27 0.18873
27.01 0.1951
27.02 0.20147
27.03 0.20783
27.04 0.2142
27.05 0.22056
27.06 0.22693
27.07 0.2333
27.08 0.23966
27.09 0.24603
27.1 0.2524
27.11 0.25876
27.12 0.26513
27.13 0.27149
27.14 0.27786
27.15 0.28423
27.16 0.29059
27.17 0.29696
27.18 0.30333
27.19 0.30969
27.2 0.31606
27.21 0.32242
27.22 0.32879
27.23 0.33516
27.24 0.34152
27.25 0.34789
27.26 0.35425
27.27 0.36062
27.28 0.36699
27.29 0.37335
27.3 0.37972
27.31 0.38609
27.32 0.39245
27.33 0.39882
27.34 0.40518
27.35 0.41155
27.36 0.41792
27.37 0.42428
27.38 0.43065
27.39 0.43702
27.4 0.44338
27.41 0.44975
27.42 0.45611
27.43 0.46248
27.44 0.46885
27.45 0.47521
27.46 0.48158
27.47 0.48795
27.48 0.49431
27.49 0.50068
27.5 0.50704
27.51 0.51341
27.52 0.51978
27.53 0.52614
27.54 0.53251
27.55 0.53887
27.56 0.54524
27.57 0.55161
27.58 0.55797
27.59 0.56434
27.6 0.57071
27.61 0.57707
27.62 0.58344
27.63 0.5898
27.64 0.59617
27.65 0.60254
27.66 0.6089
27.67 0.61527
27.68 0.62164
27.69 0.628
27.7 0.63437
27.71 0.64073
27.72 0.6471
27.73 0.65347
27.74 0.65983
27.75 0.6662
27.76 0.67256
27.77 0.67893
27.78 0.6853
27.79 0.69166
27.8 0.69803
27.81 0.7044
27.82 0.71076
27.83 0.71713
27.84 0.72349
27.85 0.72986
27.86 0.73623
27.87 0.74259
27.88 0.74896
27.89 0.75533
27.9 0.76169
27.91 0.76806
27.92 0.77442
27.93 0.78079
27.94 0.78716
27.95 0.79352
27.96 0.79989
27.97 0.80626
27.98 0.81262
27.99 0.81899
28 0.82535
28.01 0.83172
28.02 0.83809
28.03 0.84445
28.04 0.85082
28.05 0.85718
28.06 0.86355
28.07 0.86992
28.08 0.87628
28.09 0.88265
28.1 0.88902
28.11 0.89538
28.12 0.90175
28.13 0.90811
28.14 0.91448
28.15 0.92085
28.16 0.92721
28.17 0.93358
28.18 0.93995
28.19 0.94631
28.2 0.95268
28.21 0.95904
28.22 0.96541
28.23 0.97178
28.24 0.97814
28.25 0.98451
28.26 0.99087
28.27 0.99724
28.28 0.99639
28.29 0.99003
28.3 0.98366
28.31 0.97729
28.32 0.97093
28.33 0.96456
28.34 0.9582
28.35 0.95183
28.36 0.94546
28.37 0.9391
28.38 0.93273
28.39 0.92636
28.4 0.92
28.41 0.91363
28.42 0.90727
28.43 0.9009
28.44 0.89453
28.45 0.88817
28.46 0.8818
28.47 0.87544
28.48 0.86907
28.49 0.8627
28.5 0.85634
28.51 0.84997
28.52 0.8436
28.53 0.83724
28.54 0.83087
28.55 0.82451
28.56 0.81814
28.57 0.81177
28.58 0.80541
28.59 0.79904
28.6 0.79267
28.61 0.78631
28.62 0.77994
28.63 0.77358
28.64 0.76721
28.65 0.76084
28.66 0.75448
28.67 0.74811
28.68 0.74174
28.69 0.73538
28.7 0.72901
28.71 0.72265
28.72 0.71628
28.73 0.70991
28.74 0.70355
28.75 0.69718
28.76 0.69082
28.77 0.68445
28.78 0.67808
28.79 0.67172
28.8 0.66535
28.81 0.65898
28.82 0.65262
28.83 0.64625
28.84 0.63989
28.85 0.63352
28.86 0.62715
28.87 0.62079
28.88 0.61442
28.89 0.60805
28.9 0.60169
28.91 0.59532
28.92 0.58896
28.93 0.58259
28.94 0.57622
28.95 0.56986
28.96 0.56349
28.97 0.55713
28.98 0.55076
28.99 0.54439
29 0.53803
29.01 0.53166
29.02 0.52529
29.03 0.51893
29.04 0.51256
29.05 0.5062
29.06 0.49983
29.07 0.49346
29.08 0.4871
29.09 0.48073
29.1 0.47436
29.11 0.468
29.12 0.46163
29.13 0.45527
29.14 0.4489
29.15 0.44253
29.16 0.43617
29.17 0.4298
29.18 0.42344
29.19 0.41707
29.2 0.4107
29.21 0.40434
29.22 0.39797
29.23 0.3916
29.24 0.38524
29.25 0.37887
29.26 0.37251
29.27 0.36614
29.28 0.35977
29.29 0.35341
29.3 0.34704
29.31 0.34067
29.32 0.33431
29.33 0.32794
29.34 0.32158
29.35 0.31521
29.36 0.30884
29.37 0.30248
29.38 0.29611
29.39 0.28974
29.4 0.28338
29.41 0.27701
29.42 0.27065
29.43 0.26428
29.44 0.25791
29.45 0.25155
29.46 0.24518
29.47 0.23882
29.48 0.23245
29.49 0.22608
29.5 0.21972
29.51 0.21335
29.52 0.20698
29.53 0.20062
29.54 0.19425
29.55 0.18789
29.56 0.18152
29.57 0.17515
29.58 0.16879
29.59 0.16242
29.6 0.15605
29.61 0.14969
29.62 0.14332
29.63 0.13696
29.64 0.13059
29.65 0.12422
29.66 0.11786
29.67 0.11149
29.68 0.10513
29.69 0.098759
29.7 0.092393
29.71 0.086027
29.72 0.07966
29.73 0.073294
29.74 0.066928
29.75 0.060562
29.76 0.054196
29.77 0.047829
29.78 0.041463
29.79 0.035097
29.8 0.028731
29.81 0.022365
29.82 0.015998
29.83 0.0096322
29.84 0.003266
29.85 -0.0031002
29.86 -0.0094664
29.87 -0.015833
29.88 -0.022199
29.89 -0.028565
29.9 -0.034931
29.91 -0.041297
29.92 -0.047664
29.93 -0.05403
29.94 -0.060396
29.95 -0.066762
29.96 -0.073128
29.97 -0.079495
29.98 -0.085861
29.99 -0.092227
30 -0.098593
