0 -1
0.01 -0.94907
0.02 -0.89814
0.03 -0.84721
0.04 -0.79628
0.05 -0.74535
0.06 -0.69442
0.07 -0.64349
0.08 -0.59256
0.09 -0.54163
0.1 -0.4907
0.11 -0.43977
0.12 -0.38885
0.13 -0.33792
0.14 -0.28699
0.15 -0.23606
0.16 -0.18513
0.17 -0.1342
0.18 -0.083268
0.19 -0.032338
0.2 0.018592
0.21 0.069521
0.22 0.12045
0.23 0.17138
0.24 0.22231
0.25 0.27324
0.26 0.32417
0.27 0.3751
0.28 0.42603
0.29 0.47696
0.3 0.52789
0.31 0.57882
0.32 0.62975
0.33 0.68068
0.34 0.73161
0.35 0.78254
0.36 0.83346
0.37 0.88439
0.38 0.93532
0.39 0.98625
0.4 0.96282
0.41 0.91189
0.42 0.86096
0.43 0.81003
0.44 0.7591
0.45 0.70817
0.46 0.65724
0.47 0.60631
0.48 0.55538
0.49 0.50445
0.5 0.45352
0.51 0.40259
0.52 0.35166
0.53 0.30073
0.54 0.2498
0.55 0.19887
0.56 0.14794
0.57 0.097014
0.58 0.046084
0.59 -0.0048453
0.6 -0.055775
0.61 -0.1067
0.62 -0.15763
0.63 -0.20856
0.64 -0.25949
0.65 -0.31042
0.66 -0.36135
0.67 -0.41228
0.68 -0.46321
0.69 -0.51414
0.7 -0.56507
0.71 -0.616
0.72 -0.66693
0.73 -0.71786
0.74 -0.76879
0.75 -0.81972
0.76 -0.87065
0.77 -0.92158
0.78 -0.97251
0.79 -0.97656
0.8 -0.92563
0.81 -0.8747
0.82 -0.82377
0.83 -0.77284
0.84 -0.72192
0.85 -0.67099
0.86 -0.62006
0.87 -0.56913
0.88 -0.5182
0.89 -0.46727
0.9 -0.41634
0.91 -0.36541
0.92 -0.31448
0.93 -0.26355
0.94 -0.21262
0.95 -0.16169
0.96 -0.11076
0.97 -0.059831
0.98 -0.008901
0.99 0.042029
1 0.092958
1.01 0.14389
1.02 0.19482
1.03 0.24575
1.04 0.29668
1.05 0.34761
1.06 0.39854
1.07 0.44947
1.08 0.50039
1.09 0.55132
1.1 0.60225
1.11 0.65318
1.12 0.70411
1.13 0.75504
1.14 0.80597
1.15 0.8569
1.16 0.90783
1.17 0.95876
1.18 0.99031
1.19 0.93938
1.2 0.88845
1.21 0.83752
1.22 0.78659
1.23 0.73566
1.24 0.68473
1.25 0.6338
1.26 0.58287
1.27 0.53194
1.28 0.48101
1.29 0.43008
1.3 0.37915
1.31 0.32822
1.32 0.2773
1.33 0.22637
1.34 0.17544
1.35 0.12451
1.36 0.073577
1.37 0.022647
1.38 -0.028282
1.39 -0.079212
1.4 -0.13014
1.41 -0.18107
1.42 -0.232
1.43 -0.28293
1.44 -0.33386
1.45 -0.38479
1.46 -0.43572
1.47 -0.48665
1.48 -0.53758
1.49 -0.58851
1.5 -0.63944
1.51 -0.69037
1.52 -0.7413
1.53 -0.79223
1.54 -0.84316
1.55 -0.89409
1.56 -0.94501
1.57 -0.99594
1.58 -0.95313
1.59 -0.9022
1.6 -0.85127
1.61 -0.80034
1.62 -0.74941
1.63 -0.69848
1.64 -0.64755
1.65 -0.59662
1.66 -0.54569
1.67 -0.49476
1.68 -0.44383
1.69 -0.3929
1.7 -0.34197
1.71 -0.29104
1.72 -0.24011
1.73 -0.18918
1.74 -0.13825
1.75 -0.087323
1.76 -0.036394
1.77 0.014536
1.78 0.065466
1.79 0.1164
1.8 0.16732
1.81 0.21825
1.82 0.26918
1.83 0.32011
1.84 0.37104
1.85 0.42197
1.86 0.4729
1.87 0.52383
1.88 0.57476
1.89 0.62569
1.9 0.67662
1.91 0.72755
1.92 0.77848
1.93 0.82941
1.94 0.88034
1.95 0.93127
1.96 0.9822
1.97 0.96687
1.98 0.91594
1.99 0.86501
2 0.81408
2.01 0.76315
2.02 0.71222
2.03 0.66129
2.04 0.61037
2.05 0.55944
2.06 0.50851
2.07 0.45758
2.08 0.40665
2.09 0.35572
2.1 0.30479
2.11 0.25386
2.12 0.20293
2.13 0.152
2.14 0.10107
2.15 0.05014
2.16 -0.00078967
2.17 -0.051719
2.18 -0.10265
2.19 -0.15358
2.2 -0.20451
2.21 -0.25544
2.22 -0.30637
2.23 -0.3573
2.24 -0.40823
2.25 -0.45916
2.26 -0.51009
2.27 -0.56102
2.28 -0.61194
2.29 -0.66287
2.3 -0.7138
2.31 -0.76473
2.32 -0.81566
2.33 -0.86659
2.34 -0.91752
2.35 -0.96845
2.36 -0.98062
2.37 -0.92969
2.38 -0.87876
2.39 -0.82783
2.4 -0.7769
2.41 -0.72597
2.42 -0.67504
2.43 -0.62411
2.44 -0.57318
2.45 -0.52225
2.46 -0.47132
2.47 -0.42039
2.48 -0.36946
2.49 -0.31853
2.5 -0.2676
2.51 -0.21667
2.52 -0.16575
2.53 -0.11482
2.54 -0.063886
2.55 -0.012957
2.56 0.037973
2.57 0.088903
2.58 0.13983
2.59 0.19076
2.6 0.24169
2.61 0.29262
2.62 0.34355
2.63 0.39448
2.64 0.44541
2.65 0.49634
2.66 0.54727
2.67 0.5982
2.68 0.64913
2.69 0.70006
2.7 0.75099
2.71 0.80192
2.72 0.85285
2.73 0.90378
2.74 0.95471
2.75 0.99437
2.76 0.94344
2.77 0.89251
2.78 0.84158
2.79 0.79065
2.8 0.73972
2.81 0.68879
2.82 0.63786
2.83 0.58693
2.84 0.536
2.85 0.48507
2.86 0.43414
2.87 0.38321
2.88 0.33228
2.89 0.28135
2.9 0.23042
2.91 0.17949
2.92 0.12856
2.93 0.077633
2.94 0.026703
2.95 -0.024227
2.96 -0.075156
2.97 -0.12609
2.98 -0.17702
2.99 -0.22794
3 -0.27887
3.01 -0.3298
3.02 -0.38073
3.03 -0.43166
3.04 -0.48259
3.05 -0.53352
3.06 -0.58445
3.07 -0.63538
3.08 -0.68631
3.09 -0.73724
3.1 -0.78817
3.11 -0.8391
3.12 -0.89003
3.13 -0.94096
3.14 -0.99189
3.15 -0.95718
3.16 -0.90625
3.17 -0.85532
3.18 -0.80439
3.19 -0.75346
3.2 -0.70253
3.21 -0.6516
3.22 -0.60067
3.23 -0.54975
3.24 -0.49882
3.25 -0.44789
3.26 -0.39696
3.27 -0.34603
3.28 -0.2951
3.29 -0.24417
3.3 -0.19324
3.31 -0.14231
3.32 -0.091379
3.33 -0.040449
3.34 0.01048
3.35 0.06141
3.36 0.11234
3.37 0.16327
3.38 0.2142
3.39 0.26513
3.4 0.31606
3.41 0.36699
3.42 0.41792
3.43 0.46885
3.44 0.51978
3.45 0.57071
3.46 0.62164
3.47 0.67256
3.48 0.72349
3.49 0.77442
3.5 0.82535
3.51 0.87628
3.52 0.92721
3.53 0.97814
3.54 0.97093
3.55 0.92
3.56 0.86907
3.57 0.81814
3.58 0.76721
3.59 0.71628
3.6 0.66535
3.61 0.61442
3.62 0.56349
3.63 0.51256
3.64 0.46163
3.65 0.4107
3.66 0.35977
3.67 0.30884
3.68 0.25791
3.69 0.20698
3.7 0.15605
3.71 0.10513
3.72 0.054196
3.73 0.003266
3.74 -0.047664
3.75 -0.098593
3.76 -0.14952
3.77 -0.20045
3.78 -0.25138
3.79 -0.30231
3.8 -0.35324
3.81 -0.40417
3.82 -0.4551
3.83 -0.50603
3.84 -0.55696
3.85 -0.60789
3.86 -0.65882
3.87 -0.70975
3.88 -0.76068
3.89 -0.81161
3.9 -0.86254
3.91 -0.91347
3.92 -0.9644
3.93 -0.98467
3.94 -0.93374
3.95 -0.88282
3.96 -0.83189
3.97 -0.78096
3.98 -0.73003
3.99 -0.6791
4 -0.62817
4.01 -0.57724
4.02 -0.52631
4.03 -0.47538
4.04 -0.42445
4.05 -0.37352
4.06 -0.32259
4.07 -0.27166
4.08 -0.22073
4.09 -0.1698
4.1 -0.11887
4.11 -0.067942
4.12 -0.017012
4.13 0.033917
4.14 0.084847
4.15 0.13578
4.16 0.18671
4.17 0.23764
4.18 0.28857
4.19 0.33949
4.2 0.39042
4.21 0.44135
4.22 0.49228
4.23 0.54321
4.24 0.59414
4.25 0.64507
4.26 0.696
4.27 0.74693
4.28 0.79786
4.29 0.84879
4.3 0.89972
4.31 0.95065
4.32 0.99842
4.33 0.94749
4.34 0.89656
4.35 0.84563
4.36 0.7947
4.37 0.74377
4.38 0.69284
4.39 0.64191
4.4 0.59098
4.41 0.54005
4.42 0.48912
4.43 0.4382
4.44 0.38727
4.45 0.33634
4.46 0.28541
4.47 0.23448
4.48 0.18355
4.49 0.13262
4.5 0.081688
4.51 0.030759
4.52 -0.020171
4.53 -0.071101
4.54 -0.12203
4.55 -0.17296
4.56 -0.22389
4.57 -0.27482
4.58 -0.32575
4.59 -0.37668
4.6 -0.42761
4.61 -0.47854
4.62 -0.52947
4.63 -0.5804
4.64 -0.63133
4.65 -0.68226
4.66 -0.73319
4.67 -0.78411
4.68 -0.83504
4.69 -0.88597
4.7 -0.9369
4.71 -0.98783
4.72 -0.96124
4.73 -0.91031
4.74 -0.85938
4.75 -0.80845
4.76 -0.75752
4.77 -0.70659
4.78 -0.65566
4.79 -0.60473
4.8 -0.5538
4.81 -0.50287
4.82 -0.45194
4.83 -0.40101
4.84 -0.35008
4.85 -0.29915
4.86 -0.24822
4.87 -0.19729
4.88 -0.14636
4.89 -0.095435
4.9 -0.044505
4.91 0.0064247
4.92 0.057354
4.93 0.10828
4.94 0.15921
4.95 0.21014
4.96 0.26107
4.97 0.312
4.98 0.36293
4.99 0.41386
5 0.46479
5.01 0.51572
5.02 0.56665
5.03 0.61758
5.04 0.66851
5.05 0.71944
5.06 0.77037
5.07 0.8213
5.08 0.87223
5.09 0.92316
5.1 0.97409
5.11 0.97498
5.12 0.92405
5.13 0.87312
5.14 0.82219
5.15 0.77127
5.16 0.72034
5.17 0.66941
5.18 0.61848
5.19 0.56755
5.2 0.51662
5.21 0.46569
5.22 0.41476
5.23 0.36383
5.24 0.3129
5.25 0.26197
5.26 0.21104
5.27 0.16011
5.28 0.10918
5.29 0.058251
5.3 0.0073217
5.31 -0.043608
5.32 -0.094538
5.33 -0.14547
5.34 -0.1964
5.35 -0.24733
5.36 -0.29826
5.37 -0.34919
5.38 -0.40012
5.39 -0.45104
5.4 -0.50197
5.41 -0.5529
5.42 -0.60383
5.43 -0.65476
5.44 -0.70569
5.45 -0.75662
5.46 -0.80755
5.47 -0.85848
5.48 -0.90941
5.49 -0.96034
5.5 -0.98873
5.51 -0.9378
5.52 -0.88687
5.53 -0.83594
5.54 -0.78501
5.55 -0.73408
5.56 -0.68315
5.57 -0.63222
5.58 -0.58129
5.59 -0.53036
5.6 -0.47943
5.61 -0.4285
5.62 -0.37758
5.63 -0.32665
5.64 -0.27572
5.65 -0.22479
5.66 -0.17386
5.67 -0.12293
5.68 -0.071998
5.69 -0.021068
5.7 0.029862
5.71 0.080791
5.72 0.13172
5.73 0.18265
5.74 0.23358
5.75 0.28451
5.76 0.33544
5.77 0.38637
5.78 0.4373
5.79 0.48823
5.8 0.53916
5.81 0.59009
5.82 0.64102
5.83 0.69195
5.84 0.74288
5.85 0.79381
5.86 0.84473
5.87 0.89566
5.88 0.94659
5.89 0.99752
5.9 0.95155
5.91 0.90062
5.92 0.84969
5.93 0.79876
5.94 0.74783
5.95 0.6969
5.96 0.64597
5.97 0.59504
5.98 0.54411
5.99 0.49318
6 0.44225
6.01 0.39132
6.02 0.34039
6.03 0.28946
6.04 0.23853
6.05 0.1876
6.06 0.13667
6.07 0.085744
6.08 0.034814
6.09 -0.016115
6.1 -0.067045
6.11 -0.11797
6.12 -0.1689
6.13 -0.21983
6.14 -0.27076
6.15 -0.32169
6.16 -0.37262
6.17 -0.42355
6.18 -0.47448
6.19 -0.52541
6.2 -0.57634
6.21 -0.62727
6.22 -0.6782
6.23 -0.72913
6.24 -0.78006
6.25 -0.83099
6.26 -0.88192
6.27 -0.93285
6.28 -0.98378
6.29 -0.96529
6.3 -0.91436
6.31 -0.86343
6.32 -0.8125
6.33 -0.76157
6.34 -0.71065
6.35 -0.65972
6.36 -0.60879
6.37 -0.55786
6.38 -0.50693
6.39 -0.456
6.4 -0.40507
6.41 -0.35414
6.42 -0.30321
6.43 -0.25228
6.44 -0.20135
6.45 -0.15042
6.46 -0.09949
6.47 -0.048561
6.48 0.002369
6.49 0.053299
6.5 0.10423
6.51 0.15516
6.52 0.20609
6.53 0.25702
6.54 0.30795
6.55 0.35888
6.56 0.40981
6.57 0.46074
6.58 0.51166
6.59 0.56259
6.6 0.61352
6.61 0.66445
6.62 0.71538
6.63 0.76631
6.64 0.81724
6.65 0.86817
6.66 0.9191
6.67 0.97003
6.68 0.97904
6.69 0.92811
6.7 0.87718
6.71 0.82625
6.72 0.77532
6.73 0.72439
6.74 0.67346
6.75 0.62253
6.76 0.5716
6.77 0.52067
6.78 0.46974
6.79 0.41881
6.8 0.36788
6.81 0.31695
6.82 0.26603
6.83 0.2151
6.84 0.16417
6.85 0.11324
6.86 0.062307
6.87 0.011377
6.88 -0.039552
6.89 -0.090482
6.9 -0.14141
6.91 -0.19234
6.92 -0.24327
6.93 -0.2942
6.94 -0.34513
6.95 -0.39606
6.96 -0.44699
6.97 -0.49792
6.98 -0.54885
6.99 -0.59978
7 -0.65071
7.01 -0.70164
7.02 -0.75257
7.03 -0.8035
7.04 -0.85443
7.05 -0.90536
7.06 -0.95628
7.07 -0.99279
7.08 -0.94186
7.09 -0.89093
7.1 -0.84
7.11 -0.78907
7.12 -0.73814
7.13 -0.68721
7.14 -0.63628
7.15 -0.58535
7.16 -0.53442
7.17 -0.48349
7.18 -0.43256
7.19 -0.38163
7.2 -0.3307
7.21 -0.27977
7.22 -0.22884
7.23 -0.17791
7.24 -0.12698
7.25 -0.076053
7.26 -0.025124
7.27 0.025806
7.28 0.076736
7.29 0.12767
7.3 0.17859
7.31 0.22952
7.32 0.28045
7.33 0.33138
7.34 0.38231
7.35 0.43324
7.36 0.48417
7.37 0.5351
7.38 0.58603
7.39 0.63696
7.4 0.68789
7.41 0.73882
7.42 0.78975
7.43 0.84068
7.44 0.89161
7.45 0.94254
7.46 0.99347
7.47 0.9556
7.48 0.90467
7.49 0.85374
7.5 0.80281
7.51 0.75188
7.52 0.70095
7.53 0.65002
7.54 0.5991
7.55 0.54817
7.56 0.49724
7.57 0.44631
7.58 0.39538
7.59 0.34445
7.6 0.29352
7.61 0.24259
7.62 0.19166
7.63 0.14073
7.64 0.0898
7.65 0.03887
7.66 -0.01206
7.67 -0.062989
7.68 -0.11392
7.69 -0.16485
7.7 -0.21578
7.71 -0.26671
7.72 -0.31764
7.73 -0.36857
7.74 -0.4195
7.75 -0.47043
7.76 -0.52136
7.77 -0.57229
7.78 -0.62321
7.79 -0.67414
7.8 -0.72507
7.81 -0.776
7.82 -0.82693
7.83 -0.87786
7.84 -0.92879
7.85 -0.97972
7.86 -0.96935
7.87 -0.91842
7.88 -0.86749
7.89 -0.81656
7.9 -0.76563
7.91 -0.7147
7.92 -0.66377
7.93 -0.61284
7.94 -0.56191
7.95 -0.51098
7.96 -0.46005
7.97 -0.40912
7.98 -0.35819
7.99 -0.30726
8 -0.25633
8.01 -0.2054
8.02 -0.15448
8.03 -0.10355
8.04 -0.052616
8.05 -0.0016867
8.06 0.049243
8.07 0.10017
8.08 0.1511
8.09 0.20203
8.1 0.25296
8.11 0.30389
8.12 0.35482
8.13 0.40575
8.14 0.45668
8.15 0.50761
8.16 0.55854
8.17 0.60947
8.18 0.6604
8.19 0.71133
8.2 0.76226
8.21 0.81319
8.22 0.86412
8.23 0.91505
8.24 0.96598
8.25 0.9831
8.26 0.93217
8.27 0.88124
8.28 0.83031
8.29 0.77938
8.3 0.72845
8.31 0.67752
8.32 0.62659
8.33 0.57566
8.34 0.52473
8.35 0.4738
8.36 0.42287
8.37 0.37194
8.38 0.32101
8.39 0.27008
8.4 0.21915
8.41 0.16822
8.42 0.11729
8.43 0.066363
8.44 0.015433
8.45 -0.035497
8.46 -0.086426
8.47 -0.13736
8.48 -0.18829
8.49 -0.23921
8.5 -0.29014
8.51 -0.34107
8.52 -0.392
8.53 -0.44293
8.54 -0.49386
8.55 -0.54479
8.56 -0.59572
8.57 -0.64665
8.58 -0.69758
8.59 -0.74851
8.6 -0.79944
8.61 -0.85037
8.62 -0.9013
8.63 -0.95223
8.64 -0.99684
8.65 -0.94591
8.66 -0.89498
8.67 -0.84405
8.68 -0.79312
8.69 -0.74219
8.7 -0.69126
8.71 -0.64033
8.72 -0.5894
8.73 -0.53848
8.74 -0.48755
8.75 -0.43662
8.76 -0.38569
8.77 -0.33476
8.78 -0.28383
8.79 -0.2329
8.8 -0.18197
8.81 -0.13104
8.82 -0.080109
8.83 -0.029179
8.84 0.02175
8.85 0.07268
8.86 0.12361
8.87 0.17454
8.88 0.22547
8.89 0.2764
8.9 0.32733
8.91 0.37826
8.92 0.42919
8.93 0.48012
8.94 0.53105
8.95 0.58198
8.96 0.63291
8.97 0.68383
8.98 0.73476
8.99 0.78569
9 0.83662
9.01 0.88755
9.02 0.93848
9.03 0.98941
9.04 0.95966
9.05 0.90873
9.06 0.8578
9.07 0.80687
9.08 0.75594
9.09 0.70501
9.1 0.65408
9.11 0.60315
9.12 0.55222
9.13 0.50129
9.14 0.45036
9.15 0.39943
9.16 0.3485
9.17 0.29757
9.18 0.24664
9.19 0.19571
9.2 0.14478
9.21 0.093855
9.22 0.042926
9.23 -0.008004
9.24 -0.058934
9.25 -0.10986
9.26 -0.16079
9.27 -0.21172
9.28 -0.26265
9.29 -0.31358
9.3 -0.36451
9.31 -0.41544
9.32 -0.46637
9.33 -0.5173
9.34 -0.56823
9.35 -0.61916
9.36 -0.67009
9.37 -0.72102
9.38 -0.77195
9.39 -0.82288
9.4 -0.87381
9.41 -0.92474
9.42 -0.97567
9.43 -0.9734
9.44 -0.92247
9.45 -0.87155
9.46 -0.82062
9.47 -0.76969
9.48 -0.71876
9.49 -0.66783
9.5 -0.6169
9.51 -0.56597
9.52 -0.51504
9.53 -0.46411
9.54 -0.41318
9.55 -0.36225
9.56 -0.31132
9.57 -0.26039
9.58 -0.20946
9.59 -0.15853
9.6 -0.1076
9.61 -0.056672
9.62 -0.0057423
9.63 0.045187
9.64 0.096117
9.65 0.14705
9.66 0.19798
9.67 0.24891
9.68 0.29984
9.69 0.35076
9.7 0.40169
9.71 0.45262
9.72 0.50355
9.73 0.55448
9.74 0.60541
9.75 0.65634
9.76 0.70727
9.77 0.7582
9.78 0.80913
9.79 0.86006
9.8 0.91099
9.81 0.96192
9.82 0.98715
9.83 0.93622
9.84 0.88529
9.85 0.83436
9.86 0.78343
9.87 0.7325
9.88 0.68157
9.89 0.63064
9.9 0.57971
9.91 0.52878
9.92 0.47785
9.93 0.42693
9.94 0.376
9.95 0.32507
9.96 0.27414
9.97 0.22321
9.98 0.17228
9.99 0.12135
10 0.070418
10.01 0.019489
10.02 -0.031441
10.03 -0.082371
10.04 -0.1333
10.05 -0.18423
10.06 -0.23516
10.07 -0.28609
10.08 -0.33702
10.09 -0.38795
10.1 -0.43888
10.11 -0.48981
10.12 -0.54074
10.13 -0.59167
10.14 -0.6426
10.15 -0.69353
10.16 -0.74446
10.17 -0.79538
10.18 -0.84631
10.19 -0.89724
10.2 -0.94817
10.21 -0.9991
10.22 -0.94997
10.23 -0.89904
10.24 -0.84811
10.25 -0.79718
10.26 -0.74625
10.27 -0.69532
10.28 -0.64439
10.29 -0.59346
10.3 -0.54253
10.31 -0.4916
10.32 -0.44067
10.33 -0.38974
10.34 -0.33881
10.35 -0.28788
10.36 -0.23695
10.37 -0.18602
10.38 -0.13509
10.39 -0.084165
10.4 -0.033235
10.41 0.017695
10.42 0.068624
10.43 0.11955
10.44 0.17048
10.45 0.22141
10.46 0.27234
10.47 0.32327
10.48 0.3742
10.49 0.42513
10.5 0.47606
10.51 0.52699
10.52 0.57792
10.53 0.62885
10.54 0.67978
10.55 0.73071
10.56 0.78164
10.57 0.83257
10.58 0.8835
10.59 0.93443
10.6 0.98536
10.61 0.96371
10.62 0.91278
10.63 0.86185
10.64 0.81092
10.65 0.76
10.66 0.70907
10.67 0.65814
10.68 0.60721
10.69 0.55628
10.7 0.50535
10.71 0.45442
10.72 0.40349
10.73 0.35256
10.74 0.30163
10.75 0.2507
10.76 0.19977
10.77 0.14884
10.78 0.097911
10.79 0.046981
10.8 -0.0039483
10.81 -0.054878
10.82 -0.10581
10.83 -0.15674
10.84 -0.20767
10.85 -0.2586
10.86 -0.30953
10.87 -0.36046
10.88 -0.41138
10.89 -0.46231
10.9 -0.51324
10.91 -0.56417
10.92 -0.6151
10.93 -0.66603
10.94 -0.71696
10.95 -0.76789
10.96 -0.81882
10.97 -0.86975
10.98 -0.92068
10.99 -0.97161
11 -0.97746
11.01 -0.92653
11.02 -0.8756
11.03 -0.82467
11.04 -0.77374
11.05 -0.72281
11.06 -0.67188
11.07 -0.62095
11.08 -0.57002
11.09 -0.51909
11.1 -0.46816
11.11 -0.41723
11.12 -0.36631
11.13 -0.31538
11.14 -0.26445
11.15 -0.21352
11.16 -0.16259
11.17 -0.11166
11.18 -0.060728
11.19 -0.009798
11.2 0.041132
11.21 0.092061
11.22 0.14299
11.23 0.19392
11.24 0.24485
11.25 0.29578
11.26 0.34671
11.27 0.39764
11.28 0.44857
11.29 0.4995
11.3 0.55043
11.31 0.60136
11.32 0.65229
11.33 0.70322
11.34 0.75415
11.35 0.80508
11.36 0.856
11.37 0.90693
11.38 0.95786
11.39 0.99121
11.4 0.94028
11.41 0.88935
11.42 0.83842
11.43 0.78749
11.44 0.73656
11.45 0.68563
11.46 0.6347
11.47 0.58377
11.48 0.53284
11.49 0.48191
11.5 0.43098
11.51 0.38005
11.52 0.32912
11.53 0.27819
11.54 0.22726
11.55 0.17633
11.56 0.1254
11.57 0.074474
11.58 0.023544
11.59 -0.027385
11.6 -0.078315
11.61 -0.12924
11.62 -0.18017
11.63 -0.2311
11.64 -0.28203
11.65 -0.33296
11.66 -0.38389
11.67 -0.43482
11.68 -0.48575
11.69 -0.53668
11.7 -0.58761
11.71 -0.63854
11.72 -0.68947
11.73 -0.7404
11.74 -0.79133
11.75 -0.84226
11.76 -0.89319
11.77 -0.94412
11.78 -0.99505
11.79 -0.95402
11.8 -0.90309
11.81 -0.85216
11.82 -0.80123
11.83 -0.7503
11.84 -0.69938
11.85 -0.64845
11.86 -0.59752
11.87 -0.54659
11.88 -0.49566
11.89 -0.44473
11.9 -0.3938
11.91 -0.34287
11.92 -0.29194
11.93 -0.24101
11.94 -0.19008
11.95 -0.13915
11.96 -0.08822
11.97 -0.037291
11.98 0.013639
11.99 0.064569
12 0.1155
12.01 0.16643
12.02 0.21736
12.03 0.26829
12.04 0.31922
12.05 0.37015
12.06 0.42108
12.07 0.47201
12.08 0.52293
12.09 0.57386
12.1 0.62479
12.11 0.67572
12.12 0.72665
12.13 0.77758
12.14 0.82851
12.15 0.87944
12.16 0.93037
12.17 0.9813
12.18 0.96777
12.19 0.91684
12.2 0.86591
12.21 0.81498
12.22 0.76405
12.23 0.71312
12.24 0.66219
12.25 0.61126
12.26 0.56033
12.27 0.5094
12.28 0.45847
12.29 0.40754
12.3 0.35661
12.31 0.30568
12.32 0.25476
12.33 0.20383
12.34 0.1529
12.35 0.10197
12.36 0.051037
12.37 0.00010733
12.38 -0.050822
12.39 -0.10175
12.4 -0.15268
12.41 -0.20361
12.42 -0.25454
12.43 -0.30547
12.44 -0.3564
12.45 -0.40733
12.46 -0.45826
12.47 -0.50919
12.48 -0.56012
12.49 -0.61105
12.5 -0.66198
12.51 -0.71291
12.52 -0.76384
12.53 -0.81477
12.54 -0.8657
12.55 -0.91663
12.56 -0.96755
12.57 -0.98152
12.58 -0.93059
12.59 -0.87966
12.6 -0.82873
12.61 -0.7778
12.62 -0.72687
12.63 -0.67594
12.64 -0.62501
12.65 -0.57408
12.66 -0.52315
12.67 -0.47222
12.68 -0.42129
12.69 -0.37036
12.7 -0.31943
12.71 -0.2685
12.72 -0.21757
12.73 -0.16664
12.74 -0.11571
12.75 -0.064783
12.76 -0.013854
12.77 0.037076
12.78 0.088006
12.79 0.13894
12.8 0.18986
12.81 0.24079
12.82 0.29172
12.83 0.34265
12.84 0.39358
12.85 0.44451
12.86 0.49544
12.87 0.54637
12.88 0.5973
12.89 0.64823
12.9 0.69916
12.91 0.75009
12.92 0.80102
12.93 0.85195
12.94 0.90288
12.95 0.95381
12.96 0.99526
12.97 0.94433
12.98 0.8934
12.99 0.84247
13 0.79154
13.01 0.74061
13.02 0.68968
13.03 0.63875
13.04 0.58783
13.05 0.5369
13.06 0.48597
13.07 0.43504
13.08 0.38411
13.09 0.33318
13.1 0.28225
13.11 0.23132
13.12 0.18039
13.13 0.12946
13.14 0.07853
13.15 0.0276
13.16 -0.02333
13.17 -0.074259
13.18 -0.12519
13.19 -0.17612
13.2 -0.22705
13.21 -0.27798
13.22 -0.32891
13.23 -0.37984
13.24 -0.43077
13.25 -0.4817
13.26 -0.53263
13.27 -0.58356
13.28 -0.63448
13.29 -0.68541
13.3 -0.73634
13.31 -0.78727
13.32 -0.8382
13.33 -0.88913
13.34 -0.94006
13.35 -0.99099
13.36 -0.95808
13.37 -0.90715
13.38 -0.85622
13.39 -0.80529
13.4 -0.75436
13.41 -0.70343
13.42 -0.6525
13.43 -0.60157
13.44 -0.55064
13.45 -0.49971
13.46 -0.44878
13.47 -0.39785
13.48 -0.34692
13.49 -0.29599
13.5 -0.24506
13.51 -0.19414
13.52 -0.14321
13.53 -0.092276
13.54 -0.041346
13.55 0.0095833
13.56 0.060513
13.57 0.11144
13.58 0.16237
13.59 0.2133
13.6 0.26423
13.61 0.31516
13.62 0.36609
13.63 0.41702
13.64 0.46795
13.65 0.51888
13.66 0.56981
13.67 0.62074
13.68 0.67167
13.69 0.7226
13.7 0.77353
13.71 0.82446
13.72 0.87539
13.73 0.92632
13.74 0.97725
13.75 0.97183
13.76 0.9209
13.77 0.86997
13.78 0.81904
13.79 0.76811
13.8 0.71718
13.81 0.66625
13.82 0.61532
13.83 0.56439
13.84 0.51346
13.85 0.46253
13.86 0.4116
13.87 0.36067
13.88 0.30974
13.89 0.25881
13.9 0.20788
13.91 0.15695
13.92 0.10602
13.93 0.055093
13.94 0.004163
13.95 -0.046767
13.96 -0.097696
13.97 -0.14863
13.98 -0.19956
13.99 -0.25048
14 -0.30141
14.01 -0.35234
14.02 -0.40327
14.03 -0.4542
14.04 -0.50513
14.05 -0.55606
14.06 -0.60699
14.07 -0.65792
14.08 -0.70885
14.09 -0.75978
14.1 -0.81071
14.11 -0.86164
14.12 -0.91257
14.13 -0.9635
14.14 -0.98557
14.15 -0.93464
14.16 -0.88371
14.17 -0.83278
14.18 -0.78185
14.19 -0.73092
14.2 -0.67999
14.21 -0.62906
14.22 -0.57813
14.23 -0.52721
14.24 -0.47628
14.25 -0.42535
14.26 -0.37442
14.27 -0.32349
14.28 -0.27256
14.29 -0.22163
14.3 -0.1707
14.31 -0.11977
14.32 -0.068839
14.33 -0.017909
14.34 0.03302
14.35 0.08395
14.36 0.13488
14.37 0.18581
14.38 0.23674
14.39 0.28767
14.4 0.3386
14.41 0.38953
14.42 0.44046
14.43 0.49139
14.44 0.54232
14.45 0.59325
14.46 0.64418
14.47 0.6951
14.48 0.74603
14.49 0.79696
14.5 0.84789
14.51 0.89882
14.52 0.94975
14.53 0.99932
14.54 0.94839
14.55 0.89746
14.56 0.84653
14.57 0.7956
14.58 0.74467
14.59 0.69374
14.6 0.64281
14.61 0.59188
14.62 0.54095
14.63 0.49002
14.64 0.43909
14.65 0.38816
14.66 0.33723
14.67 0.2863
14.68 0.23537
14.69 0.18444
14.7 0.13351
14.71 0.082585
14.72 0.031656
14.73 -0.019274
14.74 -0.070204
14.75 -0.12113
14.76 -0.17206
14.77 -0.22299
14.78 -0.27392
14.79 -0.32485
14.8 -0.37578
14.81 -0.42671
14.82 -0.47764
14.83 -0.52857
14.84 -0.5795
14.85 -0.63043
14.86 -0.68136
14.87 -0.73229
14.88 -0.78322
14.89 -0.83415
14.9 -0.88508
14.91 -0.93601
14.92 -0.98694
14.93 -0.96213
14.94 -0.9112
14.95 -0.86028
14.96 -0.80935
14.97 -0.75842
14.98 -0.70749
14.99 -0.65656
15 -0.60563
15.01 -0.5547
15.02 -0.50377
15.03 -0.45284
15.04 -0.40191
15.05 -0.35098
15.06 -0.30005
15.07 -0.24912
15.08 -0.19819
15.09 -0.14726
15.1 -0.096331
15.11 -0.045402
15.12 0.0055277
15.13 0.056457
15.14 0.10739
15.15 0.15832
15.16 0.20925
15.17 0.26018
15.18 0.31111
15.19 0.36203
15.2 0.41296
15.21 0.46389
15.22 0.51482
15.23 0.56575
15.24 0.61668
15.25 0.66761
15.26 0.71854
15.27 0.76947
15.28 0.8204
15.29 0.87133
15.3 0.92226
15.31 0.97319
15.32 0.97588
15.33 0.92495
15.34 0.87402
15.35 0.82309
15.36 0.77216
15.37 0.72123
15.38 0.6703
15.39 0.61937
15.4 0.56844
15.41 0.51751
15.42 0.46658
15.43 0.41566
15.44 0.36473
15.45 0.3138
15.46 0.26287
15.47 0.21194
15.48 0.16101
15.49 0.11008
15.5 0.059148
15.51 0.0082186
15.52 -0.042711
15.53 -0.093641
15.54 -0.14457
15.55 -0.1955
15.56 -0.24643
15.57 -0.29736
15.58 -0.34829
15.59 -0.39922
15.6 -0.45015
15.61 -0.50108
15.62 -0.55201
15.63 -0.60294
15.64 -0.65387
15.65 -0.7048
15.66 -0.75573
15.67 -0.80665
15.68 -0.85758
15.69 -0.90851
15.7 -0.95944
15.71 -0.98963
15.72 -0.9387
15.73 -0.88777
15.74 -0.83684
15.75 -0.78591
15.76 -0.73498
15.77 -0.68405
15.78 -0.63312
15.79 -0.58219
15.8 -0.53126
15.81 -0.48033
15.82 -0.4294
15.83 -0.37847
15.84 -0.32754
15.85 -0.27661
15.86 -0.22568
15.87 -0.17475
15.88 -0.12382
15.89 -0.072895
15.9 -0.021965
15.91 0.028965
15.92 0.079894
15.93 0.13082
15.94 0.18175
15.95 0.23268
15.96 0.28361
15.97 0.33454
15.98 0.38547
15.99 0.4364
16 0.48733
16.01 0.53826
16.02 0.58919
16.03 0.64012
16.04 0.69105
16.05 0.74198
16.06 0.79291
16.07 0.84384
16.08 0.89477
16.09 0.9457
16.1 0.99663
16.11 0.95244
16.12 0.90151
16.13 0.85058
16.14 0.79965
16.15 0.74873
16.16 0.6978
16.17 0.64687
16.18 0.59594
16.19 0.54501
16.2 0.49408
16.21 0.44315
16.22 0.39222
16.23 0.34129
16.24 0.29036
16.25 0.23943
16.26 0.1885
16.27 0.13757
16.28 0.086641
16.29 0.035711
16.3 -0.015218
16.31 -0.066148
16.32 -0.11708
16.33 -0.16801
16.34 -0.21894
16.35 -0.26987
16.36 -0.3208
16.37 -0.37173
16.38 -0.42265
16.39 -0.47358
16.4 -0.52451
16.41 -0.57544
16.42 -0.62637
16.43 -0.6773
16.44 -0.72823
16.45 -0.77916
16.46 -0.83009
16.47 -0.88102
16.48 -0.93195
16.49 -0.98288
16.5 -0.96619
16.51 -0.91526
16.52 -0.86433
16.53 -0.8134
16.54 -0.76247
16.55 -0.71154
16.56 -0.66061
16.57 -0.60968
16.58 -0.55875
16.59 -0.50782
16.6 -0.45689
16.61 -0.40596
16.62 -0.35504
16.63 -0.30411
16.64 -0.25318
16.65 -0.20225
16.66 -0.15132
16.67 -0.10039
16.68 -0.049458
16.69 0.001472
16.7 0.052402
16.71 0.10333
16.72 0.15426
16.73 0.20519
16.74 0.25612
16.75 0.30705
16.76 0.35798
16.77 0.40891
16.78 0.45984
16.79 0.51077
16.8 0.5617
16.81 0.61263
16.82 0.66356
16.83 0.71449
16.84 0.76542
16.85 0.81635
16.86 0.86727
16.87 0.9182
16.88 0.96913
16.89 0.97994
16.9 0.92901
16.91 0.87808
16.92 0.82715
16.93 0.77622
16.94 0.72529
16.95 0.67436
16.96 0.62343
16.97 0.5725
16.98 0.52157
16.99 0.47064
17 0.41971
17.01 0.36878
17.02 0.31785
17.03 0.26692
17.04 0.21599
17.05 0.16506
17.06 0.11413
17.07 0.063204
17.08 0.012274
17.09 -0.038655
17.1 -0.089585
17.11 -0.14051
17.12 -0.19144
17.13 -0.24237
17.14 -0.2933
17.15 -0.34423
17.16 -0.39516
17.17 -0.44609
17.18 -0.49702
17.19 -0.54795
17.2 -0.59888
17.21 -0.64981
17.22 -0.70074
17.23 -0.75167
17.24 -0.8026
17.25 -0.85353
17.26 -0.90446
17.27 -0.95539
17.28 -0.99368
17.29 -0.94275
17.3 -0.89182
17.31 -0.84089
17.32 -0.78996
17.33 -0.73903
17.34 -0.68811
17.35 -0.63718
17.36 -0.58625
17.37 -0.53532
17.38 -0.48439
17.39 -0.43346
17.4 -0.38253
17.41 -0.3316
17.42 -0.28067
17.43 -0.22974
17.44 -0.17881
17.45 -0.12788
17.46 -0.07695
17.47 -0.026021
17.48 0.024909
17.49 0.075839
17.5 0.12677
17.51 0.1777
17.52 0.22863
17.53 0.27956
17.54 0.33049
17.55 0.38142
17.56 0.43235
17.57 0.48328
17.58 0.5342
17.59 0.58513
17.6 0.63606
17.61 0.68699
17.62 0.73792
17.63 0.78885
17.64 0.83978
17.65 0.89071
17.66 0.94164
17.67 0.99257
17.68 0.9565
17.69 0.90557
17.7 0.85464
17.71 0.80371
17.72 0.75278
17.73 0.70185
17.74 0.65092
17.75 0.59999
17.76 0.54906
17.77 0.49813
17.78 0.4472
17.79 0.39627
17.8 0.34534
17.81 0.29441
17.82 0.24349
17.83 0.19256
17.84 0.14163
17.85 0.090697
17.86 0.039767
17.87 -0.011163
17.88 -0.062092
17.89 -0.11302
17.9 -0.16395
17.91 -0.21488
17.92 -0.26581
17.93 -0.31674
17.94 -0.36767
17.95 -0.4186
17.96 -0.46953
17.97 -0.52046
17.98 -0.57139
17.99 -0.62232
18 -0.67325
18.01 -0.72418
18.02 -0.77511
18.03 -0.82604
18.04 -0.87697
18.05 -0.9279
18.06 -0.97882
18.07 -0.97025
18.08 -0.91932
18.09 -0.86839
18.1 -0.81746
18.11 -0.76653
18.12 -0.7156
18.13 -0.66467
18.14 -0.61374
18.15 -0.56281
18.16 -0.51188
18.17 -0.46095
18.18 -0.41002
18.19 -0.35909
18.2 -0.30816
18.21 -0.25723
18.22 -0.2063
18.23 -0.15537
18.24 -0.10444
18.25 -0.053513
18.26 -0.0025837
18.27 0.048346
18.28 0.099276
18.29 0.15021
18.3 0.20113
18.31 0.25206
18.32 0.30299
18.33 0.35392
18.34 0.40485
18.35 0.45578
18.36 0.50671
18.37 0.55764
18.38 0.60857
18.39 0.6595
18.4 0.71043
18.41 0.76136
18.42 0.81229
18.43 0.86322
18.44 0.91415
18.45 0.96508
18.46 0.98399
18.47 0.93306
18.48 0.88213
18.49 0.8312
18.5 0.78027
18.51 0.72934
18.52 0.67841
18.53 0.62748
18.54 0.57656
18.55 0.52563
18.56 0.4747
18.57 0.42377
18.58 0.37284
18.59 0.32191
18.6 0.27098
18.61 0.22005
18.62 0.16912
18.63 0.11819
18.64 0.06726
18.65 0.01633
18.66 -0.0346
18.67 -0.085529
18.68 -0.13646
18.69 -0.18739
18.7 -0.23832
18.71 -0.28925
18.72 -0.34018
18.73 -0.39111
18.74 -0.44204
18.75 -0.49297
18.76 -0.5439
18.77 -0.59483
18.78 -0.64575
18.79 -0.69668
18.8 -0.74761
18.81 -0.79854
18.82 -0.84947
18.83 -0.9004
18.84 -0.95133
18.85 -0.99774
18.86 -0.94681
18.87 -0.89588
18.88 -0.84495
18.89 -0.79402
18.9 -0.74309
18.91 -0.69216
18.92 -0.64123
18.93 -0.5903
18.94 -0.53937
18.95 -0.48844
18.96 -0.43751
18.97 -0.38658
18.98 -0.33565
18.99 -0.28472
19 -0.23379
19.01 -0.18287
19.02 -0.13194
19.03 -0.081006
19.04 -0.030076
19.05 0.020853
19.06 0.071783
19.07 0.12271
19.08 0.17364
19.09 0.22457
19.1 0.2755
19.11 0.32643
19.12 0.37736
19.13 0.42829
19.14 0.47922
19.15 0.53015
19.16 0.58108
19.17 0.63201
19.18 0.68294
19.19 0.73387
19.2 0.7848
19.21 0.83573
19.22 0.88666
19.23 0.93759
19.24 0.98852
19.25 0.96056
19.26 0.90963
19.27 0.8587
19.28 0.80777
19.29 0.75684
19.3 0.70591
19.31 0.65498
19.32 0.60405
19.33 0.55312
19.34 0.50219
19.35 0.45126
19.36 0.40033
19.37 0.3494
19.38 0.29847
19.39 0.24754
19.4 0.19661
19.41 0.14568
19.42 0.094752
19.43 0.043823
19.44 -0.007107
19.45 -0.058037
19.46 -0.10897
19.47 -0.1599
19.48 -0.21083
19.49 -0.26175
19.5 -0.31268
19.51 -0.36361
19.52 -0.41454
19.53 -0.46547
19.54 -0.5164
19.55 -0.56733
19.56 -0.61826
19.57 -0.66919
19.58 -0.72012
19.59 -0.77105
19.6 -0.82198
19.61 -0.87291
19.62 -0.92384
19.63 -0.97477
19.64 -0.9743
19.65 -0.92337
19.66 -0.87244
19.67 -0.82151
19.68 -0.77058
19.69 -0.71965
19.7 -0.66872
19.71 -0.61779
19.72 -0.56686
19.73 -0.51594
19.74 -0.46501
19.75 -0.41408
19.76 -0.36315
19.77 -0.31222
19.78 -0.26129
19.79 -0.21036
19.8 -0.15943
19.81 -0.1085
19.82 -0.057569
19.83 -0.0066393
19.84 0.04429
19.85 0.09522
19.86 0.14615
19.87 0.19708
19.88 0.24801
19.89 0.29894
19.9 0.34987
19.91 0.4008
19.92 0.45173
19.93 0.50266
19.94 0.55359
19.95 0.60452
19.96 0.65545
19.97 0.70637
19.98 0.7573
19.99 0.80823
20 0.85916
20.01 0.91009
20.02 0.96102
20.03 0.98805
20.04 0.93712
20.05 0.88619
20.06 0.83526
20.07 0.78433
20.08 0.7334
20.09 0.68247
20.1 0.63154
20.11 0.58061
20.12 0.52968
20.13 0.47875
20.14 0.42782
20.15 0.37689
20.16 0.32596
20.17 0.27503
20.18 0.2241
20.19 0.17317
20.2 0.12224
20.21 0.071315
20.22 0.020386
20.23 -0.030544
20.24 -0.081474
20.25 -0.1324
20.26 -0.18333
20.27 -0.23426
20.28 -0.28519
20.29 -0.33612
20.3 -0.38705
20.31 -0.43798
20.32 -0.48891
20.33 -0.53984
20.34 -0.59077
20.35 -0.6417
20.36 -0.69263
20.37 -0.74356
20.38 -0.79449
20.39 -0.84542
20.4 -0.89635
20.41 -0.94728
20.42 -0.99821
20.43 -0.95086
20.44 -0.89993
20.45 -0.84901
20.46 -0.79808
20.47 -0.74715
20.48 -0.69622
20.49 -0.64529
20.5 -0.59436
20.51 -0.54343
20.52 -0.4925
20.53 -0.44157
20.54 -0.39064
20.55 -0.33971
20.56 -0.28878
20.57 -0.23785
20.58 -0.18692
20.59 -0.13599
20.6 -0.085062
20.61 -0.034132
20.62 0.016798
20.63 0.067727
20.64 0.11866
20.65 0.16959
20.66 0.22052
20.67 0.27145
20.68 0.32238
20.69 0.3733
20.7 0.42423
20.71 0.47516
20.72 0.52609
20.73 0.57702
20.74 0.62795
20.75 0.67888
20.76 0.72981
20.77 0.78074
20.78 0.83167
20.79 0.8826
20.8 0.93353
20.81 0.98446
20.82 0.96461
20.83 0.91368
20.84 0.86275
20.85 0.81182
20.86 0.76089
20.87 0.70996
20.88 0.65903
20.89 0.6081
20.9 0.55717
20.91 0.50624
20.92 0.45531
20.93 0.40439
20.94 0.35346
20.95 0.30253
20.96 0.2516
20.97 0.20067
20.98 0.14974
20.99 0.098808
21 0.047878
21.01 -0.0030513
21.02 -0.053981
21.03 -0.10491
21.04 -0.15584
21.05 -0.20677
21.06 -0.2577
21.07 -0.30863
21.08 -0.35956
21.09 -0.41049
21.1 -0.46142
21.11 -0.51235
21.12 -0.56328
21.13 -0.61421
21.14 -0.66514
21.15 -0.71607
21.16 -0.767
21.17 -0.81792
21.18 -0.86885
21.19 -0.91978
21.2 -0.97071
21.21 -0.97836
21.22 -0.92743
21.23 -0.8765
21.24 -0.82557
21.25 -0.77464
21.26 -0.72371
21.27 -0.67278
21.28 -0.62185
21.29 -0.57092
21.3 -0.51999
21.31 -0.46906
21.32 -0.41813
21.33 -0.3672
21.34 -0.31627
21.35 -0.26534
21.36 -0.21441
21.37 -0.16348
21.38 -0.11255
21.39 -0.061625
21.4 -0.010695
21.41 0.040235
21.42 0.091164
21.43 0.14209
21.44 0.19302
21.45 0.24395
21.46 0.29488
21.47 0.34581
21.48 0.39674
21.49 0.44767
21.5 0.4986
21.51 0.54953
21.52 0.60046
21.53 0.65139
21.54 0.70232
21.55 0.75325
21.56 0.80418
21.57 0.85511
21.58 0.90604
21.59 0.95697
21.6 0.9921
21.61 0.94117
21.62 0.89024
21.63 0.83931
21.64 0.78839
21.65 0.73746
21.66 0.68653
21.67 0.6356
21.68 0.58467
21.69 0.53374
21.7 0.48281
21.71 0.43188
21.72 0.38095
21.73 0.33002
21.74 0.27909
21.75 0.22816
21.76 0.17723
21.77 0.1263
21.78 0.075371
21.79 0.024441
21.8 -0.026488
21.81 -0.077418
21.82 -0.12835
21.83 -0.17928
21.84 -0.23021
21.85 -0.28114
21.86 -0.33207
21.87 -0.383
21.88 -0.43392
21.89 -0.48485
21.9 -0.53578
21.91 -0.58671
21.92 -0.63764
21.93 -0.68857
21.94 -0.7395
21.95 -0.79043
21.96 -0.84136
21.97 -0.89229
21.98 -0.94322
21.99 -0.99415
22 -0.95492
22.01 -0.90399
22.02 -0.85306
22.03 -0.80213
22.04 -0.7512
22.05 -0.70027
22.06 -0.64934
22.07 -0.59841
22.08 -0.54748
22.09 -0.49655
22.1 -0.44562
22.11 -0.39469
22.12 -0.34377
22.13 -0.29284
22.14 -0.24191
22.15 -0.19098
22.16 -0.14005
22.17 -0.089117
22.18 -0.038188
22.19 0.012742
22.2 0.063672
22.21 0.1146
22.22 0.16553
22.23 0.21646
22.24 0.26739
22.25 0.31832
22.26 0.36925
22.27 0.42018
22.28 0.47111
22.29 0.52204
22.3 0.57297
22.31 0.6239
22.32 0.67483
22.33 0.72576
22.34 0.77669
22.35 0.82762
22.36 0.87854
22.37 0.92947
22.38 0.9804
22.39 0.96867
22.4 0.91774
22.41 0.86681
22.42 0.81588
22.43 0.76495
22.44 0.71402
22.45 0.66309
22.46 0.61216
22.47 0.56123
22.48 0.5103
22.49 0.45937
22.5 0.40844
22.51 0.35751
22.52 0.30658
22.53 0.25565
22.54 0.20472
22.55 0.15379
22.56 0.10286
22.57 0.051934
22.58 0.0010043
22.59 -0.049925
22.6 -0.10085
22.61 -0.15178
22.62 -0.20271
22.63 -0.25364
22.64 -0.30457
22.65 -0.3555
22.66 -0.40643
22.67 -0.45736
22.68 -0.50829
22.69 -0.55922
22.7 -0.61015
22.71 -0.66108
22.72 -0.71201
22.73 -0.76294
22.74 -0.81387
22.75 -0.8648
22.76 -0.91573
22.77 -0.96666
22.78 -0.98241
22.79 -0.93148
22.8 -0.88055
22.81 -0.82962
22.82 -0.77869
22.83 -0.72776
22.84 -0.67684
22.85 -0.62591
22.86 -0.57498
22.87 -0.52405
22.88 -0.47312
22.89 -0.42219
22.9 -0.37126
22.91 -0.32033
22.92 -0.2694
22.93 -0.21847
22.94 -0.16754
22.95 -0.11661
22.96 -0.06568
22.97 -0.014751
22.98 0.036179
22.99 0.087109
23 0.13804
23.01 0.18897
23.02 0.2399
23.03 0.29083
23.04 0.34176
23.05 0.39269
23.06 0.44362
23.07 0.49455
23.08 0.54547
23.09 0.5964
23.1 0.64733
23.11 0.69826
23.12 0.74919
23.13 0.80012
23.14 0.85105
23.15 0.90198
23.16 0.95291
23.17 0.99616
23.18 0.94523
23.19 0.8943
23.2 0.84337
23.21 0.79244
23.22 0.74151
23.23 0.69058
23.24 0.63965
23.25 0.58872
23.26 0.53779
23.27 0.48686
23.28 0.43593
23.29 0.385
23.3 0.33407
23.31 0.28314
23.32 0.23222
23.33 0.18129
23.34 0.13036
23.35 0.079427
23.36 0.028497
23.37 -0.022433
23.38 -0.073362
23.39 -0.12429
23.4 -0.17522
23.41 -0.22615
23.42 -0.27708
23.43 -0.32801
23.44 -0.37894
23.45 -0.42987
23.46 -0.4808
23.47 -0.53173
23.48 -0.58266
23.49 -0.63359
23.5 -0.68452
23.51 -0.73545
23.52 -0.78638
23.53 -0.83731
23.54 -0.88824
23.55 -0.93917
23.56 -0.99009
23.57 -0.95898
23.58 -0.90805
23.59 -0.85712
23.6 -0.80619
23.61 -0.75526
23.62 -0.70433
23.63 -0.6534
23.64 -0.60247
23.65 -0.55154
23.66 -0.50061
23.67 -0.44968
23.68 -0.39875
23.69 -0.34782
23.7 -0.29689
23.71 -0.24596
23.72 -0.19503
23.73 -0.1441
23.74 -0.093173
23.75 -0.042243
23.76 0.0086863
23.77 0.059616
23.78 0.11055
23.79 0.16148
23.8 0.2124
23.81 0.26333
23.82 0.31426
23.83 0.36519
23.84 0.41612
23.85 0.46705
23.86 0.51798
23.87 0.56891
23.88 0.61984
23.89 0.67077
23.9 0.7217
23.91 0.77263
23.92 0.82356
23.93 0.87449
23.94 0.92542
23.95 0.97635
23.96 0.97272
23.97 0.92179
23.98 0.87086
23.99 0.81993
24 0.769
24.01 0.71807
24.02 0.66714
24.03 0.61621
24.04 0.56529
24.05 0.51436
24.06 0.46343
24.07 0.4125
24.08 0.36157
24.09 0.31064
24.1 0.25971
24.11 0.20878
24.12 0.15785
24.13 0.10692
24.14 0.05599
24.15 0.00506
24.16 -0.04587
24.17 -0.096799
24.18 -0.14773
24.19 -0.19866
24.2 -0.24959
24.21 -0.30052
24.22 -0.35145
24.23 -0.40238
24.24 -0.45331
24.25 -0.50424
24.26 -0.55517
24.27 -0.6061
24.28 -0.65702
24.29 -0.70795
24.3 -0.75888
24.31 -0.80981
24.32 -0.86074
24.33 -0.91167
24.34 -0.9626
24.35 -0.98647
24.36 -0.93554
24.37 -0.88461
24.38 -0.83368
24.39 -0.78275
24.4 -0.73182
24.41 -0.68089
24.42 -0.62996
24.43 -0.57903
24.44 -0.5281
24.45 -0.47717
24.46 -0.42624
24.47 -0.37531
24.48 -0.32438
24.49 -0.27345
24.5 -0.22252
24.51 -0.1716
24.52 -0.12067
24.53 -0.069736
24.54 -0.018806
24.55 0.032123
24.56 0.083053
24.57 0.13398
24.58 0.18491
24.59 0.23584
24.6 0.28677
24.61 0.3377
24.62 0.38863
24.63 0.43956
24.64 0.49049
24.65 0.54142
24.66 0.59235
24.67 0.64328
24.68 0.69421
24.69 0.74514
24.7 0.79607
24.71 0.847
24.72 0.89793
24.73 0.94886
24.74 0.99979
24.75 0.94929
24.76 0.89836
24.77 0.84743
24.78 0.7965
24.79 0.74557
24.8 0.69464
24.81 0.64371
24.82 0.59278
24.83 0.54185
24.84 0.49092
24.85 0.43999
24.86 0.38906
24.87 0.33813
24.88 0.2872
24.89 0.23627
24.9 0.18534
24.91 0.13441
24.92 0.083482
24.93 0.032553
24.94 -0.018377
24.95 -0.069307
24.96 -0.12024
24.97 -0.17117
24.98 -0.2221
24.99 -0.27302
25 -0.32395
25.01 -0.37488
25.02 -0.42581
25.03 -0.47674
25.04 -0.52767
25.05 -0.5786
25.06 -0.62953
25.07 -0.68046
25.08 -0.73139
25.09 -0.78232
25.1 -0.83325
25.11 -0.88418
25.12 -0.93511
25.13 -0.98604
25.14 -0.96303
25.15 -0.9121
25.16 -0.86117
25.17 -0.81024
25.18 -0.75931
25.19 -0.70838
25.2 -0.65745
25.21 -0.60652
25.22 -0.55559
25.23 -0.50467
25.24 -0.45374
25.25 -0.40281
25.26 -0.35188
25.27 -0.30095
25.28 -0.25002
25.29 -0.19909
25.3 -0.14816
25.31 -0.097228
25.32 -0.046299
25.33 0.0046307
25.34 0.05556
25.35 0.10649
25.36 0.15742
25.37 0.20835
25.38 0.25928
25.39 0.31021
25.4 0.36114
25.41 0.41207
25.42 0.463
25.43 0.51393
25.44 0.56486
25.45 0.61579
25.46 0.66672
25.47 0.71764
25.48 0.76857
25.49 0.8195
25.5 0.87043
25.51 0.92136
25.52 0.97229
25.53 0.97678
25.54 0.92585
25.55 0.87492
25.56 0.82399
25.57 0.77306
25.58 0.72213
25.59 0.6712
25.6 0.62027
25.61 0.56934
25.62 0.51841
25.63 0.46748
25.64 0.41655
25.65 0.36562
25.66 0.31469
25.67 0.26376
25.68 0.21283
25.69 0.1619
25.7 0.11097
25.71 0.060045
25.72 0.0091156
25.73 -0.041814
25.74 -0.092744
25.75 -0.14367
25.76 -0.1946
25.77 -0.24553
25.78 -0.29646
25.79 -0.34739
25.8 -0.39832
25.81 -0.44925
25.82 -0.50018
25.83 -0.55111
25.84 -0.60204
25.85 -0.65297
25.86 -0.7039
25.87 -0.75483
25.88 -0.80576
25.89 -0.85669
25.9 -0.90762
25.91 -0.95855
25.92 -0.99052
25.93 -0.93959
25.94 -0.88866
25.95 -0.83774
25.96 -0.78681
25.97 -0.73588
25.98 -0.68495
25.99 -0.63402
26 -0.58309
26.01 -0.53216
26.02 -0.48123
26.03 -0.4303
26.04 -0.37937
26.05 -0.32844
26.06 -0.27751
26.07 -0.22658
26.08 -0.17565
26.09 -0.12472
26.1 -0.073792
26.11 -0.022862
26.12 0.028068
26.13 0.078997
26.14 0.12993
26.15 0.18086
26.16 0.23179
26.17 0.28272
26.18 0.33365
26.19 0.38457
26.2 0.4355
26.21 0.48643
26.22 0.53736
26.23 0.58829
26.24 0.63922
26.25 0.69015
26.26 0.74108
26.27 0.79201
26.28 0.84294
26.29 0.89387
26.3 0.9448
26.31 0.99573
26.32 0.95334
26.33 0.90241
26.34 0.85148
26.35 0.80055
26.36 0.74962
26.37 0.69869
26.38 0.64776
26.39 0.59683
26.4 0.5459
26.41 0.49497
26.42 0.44404
26.43 0.39312
26.44 0.34219
26.45 0.29126
26.46 0.24033
26.47 0.1894
26.48 0.13847
26.49 0.087538
26.5 0.036608
26.51 -0.014321
26.52 -0.065251
26.53 -0.11618
26.54 -0.16711
26.55 -0.21804
26.56 -0.26897
26.57 -0.3199
26.58 -0.37083
26.59 -0.42176
26.6 -0.47269
26.61 -0.52362
26.62 -0.57455
26.63 -0.62548
26.64 -0.67641
26.65 -0.72734
26.66 -0.77827
26.67 -0.82919
26.68 -0.88012
26.69 -0.93105
26.7 -0.98198
26.71 -0.96709
26.72 -0.91616
26.73 -0.86523
26.74 -0.8143
26.75 -0.76337
26.76 -0.71244
26.77 -0.66151
26.78 -0.61058
26.79 -0.55965
26.8 -0.50872
26.81 -0.45779
26.82 -0.40686
26.83 -0.35593
26.84 -0.305
26.85 -0.25407
26.86 -0.20314
26.87 -0.15221
26.88 -0.10128
26.89 -0.050355
26.9 0.00057501
26.91 0.051505
26.92 0.10243
26.93 0.15336
26.94 0.20429
26.95 0.25522
26.96 0.30615
26.97 0.35708
26.98 0.40801
26.99 0.45894
27 0.50987
27.01 0.5608
27.02 0.61173
27.03 0.66266
27.04 0.71359
27.05 0.76452
27.06 0.81545
27.07 0.86638
27.08 0.91731
27.09 0.96824
27.1 0.98083
27.11 0.9299
27.12 0.87897
27.13 0.82804
27.14 0.77712
27.15 0.72619
27.16 0.67526
27.17 0.62433
27.18 0.5734
27.19 0.52247
27.2 0.47154
27.21 0.42061
27.22 0.36968
27.23 0.31875
27.24 0.26782
27.25 0.21689
27.26 0.16596
27.27 0.11503
27.28 0.064101
27.29 0.013171
27.3 -0.037758
27.31 -0.088688
27.32 -0.13962
27.33 -0.19055
27.34 -0.24148
27.35 -0.29241
27.36 -0.34334
27.37 -0.39427
27.38 -0.44519
27.39 -0.49612
27.4 -0.54705
27.41 -0.59798
27.42 -0.64891
27.43 -0.69984
27.44 -0.75077
27.45 -0.8017
27.46 -0.85263
27.47 -0.90356
27.48 -0.95449
27.49 -0.99458
27.5 -0.94365
27.51 -0.89272
27.52 -0.84179
27.53 -0.79086
27.54 -0.73993
27.55 -0.689
27.56 -0.63807
27.57 -0.58714
27.58 -0.53621
27.59 -0.48528
27.6 -0.43435
27.61 -0.38342
27.62 -0.3325
27.63 -0.28157
27.64 -0.23064
27.65 -0.17971
27.66 -0.12878
27.67 -0.077847
27.68 -0.026918
27.69 0.024012
27.7 0.074942
27.71 0.12587
27.72 0.1768
27.73 0.22773
27.74 0.27866
27.75 0.32959
27.76 0.38052
27.77 0.43145
27.78 0.48238
27.79 0.53331
27.8 0.58424
27.81 0.63517
27.82 0.6861
27.83 0.73703
27.84 0.78796
27.85 0.83889
27.86 0.88981
27.87 0.94074
27.88 0.99167
27.89 0.9574
27.9 0.90647
27.91 0.85554
27.92 0.80461
27.93 0.75368
27.94 0.70275
27.95 0.65182
27.96 0.60089
27.97 0.54996
27.98 0.49903
27.99 0.4481
28 0.39717
28.01 0.34624
28.02 0.29531
28.03 0.24438
28.04 0.19345
28.05 0.14252
28.06 0.091593
28.07 0.040664
28.08 -0.010266
28.09 -0.061195
28.1 -0.11212
28.11 -0.16305
28.12 -0.21398
28.13 -0.26491
28.14 -0.31584
28.15 -0.36677
28.16 -0.4177
28.17 -0.46863
28.18 -0.51956
28.19 -0.57049
28.2 -0.62142
28.21 -0.67235
28.22 -0.72328
28.23 -0.77421
28.24 -0.82514
28.25 -0.87607
28.26 -0.927
28.27 -0.97793
28.28 -0.97114
28.29 -0.92021
28.3 -0.86928
28.31 -0.81835
28.32 -0.76742
28.33 -0.71649
28.34 -0.66557
28.35 -0.61464
28.36 -0.56371
28.37 -0.51278
28.38 -0.46185
28.39 -0.41092
28.4 -0.35999
28.41 -0.30906
28.42 -0.25813
28.43 -0.2072
28.44 -0.15627
28.45 -0.10534
28.46 -0.05441
28.47 -0.0034806
28.48 0.047449
28.49 0.098379
28.5 0.14931
28.51 0.20024
28.52 0.25117
28.53 0.3021
28.54 0.35303
28.55 0.40396
28.56 0.45489
28.57 0.50582
28.58 0.55674
28.59 0.60767
28.6 0.6586
28.61 0.70953
28.62 0.76046
28.63 0.81139
28.64 0.86232
28.65 0.91325
28.66 0.96418
28.67 0.98489
28.68 0.93396
28.69 0.88303
28.7 0.8321
28.71 0.78117
28.72 0.73024
28.73 0.67931
28.74 0.62838
28.75 0.57745
28.76 0.52652
28.77 0.47559
28.78 0.42466
28.79 0.37373
28.8 0.3228
28.81 0.27187
28.82 0.22095
28.83 0.17002
28.84 0.11909
28.85 0.068157
28.86 0.017227
28.87 -0.033703
28.88 -0.084632
28.89 -0.13556
28.9 -0.18649
28.91 -0.23742
28.92 -0.28835
28.93 -0.33928
28.94 -0.39021
28.95 -0.44114
28.96 -0.49207
28.97 -0.543
28.98 -0.59393
28.99 -0.64486
29 -0.69579
29.01 -0.74672
29.02 -0.79765
29.03 -0.84858
29.04 -0.89951
29.05 -0.95044
29.06 -0.99864
29.07 -0.94771
29.08 -0.89678
29.09 -0.84585
29.1 -0.79492
29.11 -0.74399
29.12 -0.69306
29.13 -0.64213
29.14 -0.5912
29.15 -0.54027
29.16 -0.48934
29.17 -0.43841
29.18 -0.38748
29.19 -0.33655
29.2 -0.28562
29.21 -0.23469
29.22 -0.18376
29.23 -0.13283
29.24 -0.081903
29.25 -0.030973
29.26 0.019956
29.27 0.070886
29.28 0.12182
29.29 0.17275
29.3 0.22367
29.31 0.2746
29.32 0.32553
29.33 0.37646
29.34 0.42739
29.35 0.47832
29.36 0.52925
29.37 0.58018
29.38 0.63111
29.39 0.68204
29.4 0.73297
29.41 0.7839
29.42 0.83483
29.43 0.88576
29.44 0.93669
29.45 0.98762
29.46 0.96145
29.47 0.91052
29.48 0.85959
29.49 0.80866
29.5 0.75773
29.51 0.7068
29.52 0.65587
29.53 0.60494
29.54 0.55402
29.55 0.50309
29.56 0.45216
29.57 0.40123
29.58 0.3503
29.59 0.29937
29.6 0.24844
29.61 0.19751
29.62 0.14658
29.63 0.095649
29.64 0.04472
29.65 -0.00621
29.66 -0.05714
29.67 -0.10807
29.68 -0.159
29.69 -0.20993
29.7 -0.26086
29.71 -0.31179
29.72 -0.36272
29.73 -0.41365
29.74 -0.46458
29.75 -0.51551
29.76 -0.56644
29.77 -0.61736
29.78 -0.66829
29.79 -0.71922
29.8 -0.77015
29.81 -0.82108
29.82 -0.87201
29.83 -0.92294
29.84 -0.97387
29.85 -0.9752
29.86 -0.92427
29.87 -0.87334
29.88 -0.82241
29.89 -0.77148
29.9 -0.72055
29.91 -0.66962
29.92 -0.61869
29.93 -0.56776
29.94 -0.51683
29.95 -0.4659
29.96 -0.41497
29.97 -0.36404
29.98 -0.31311
29.99 -0.26218
30 -0.21125
