0 1
0.01 1
0.02 1
0.03 1
0.04 1
0.05 1
0.06 1
0.07 1
0.08 1
0.09 1
0.1 1
0.11 1
0.12 1
0.13 1
0.14 1
0.15 1
0.16 1
0.17 1
0.18 1
0.19 1
0.2 1
0.21 1
0.22 1
0.23 1
0.24 1
0.25 1
0.26 1
0.27 1
0.28 1
0.29 1
0.3 1
0.31 1
0.32 1
0.33 1
0.34 1
0.35 1
0.36 1
0.37 1
0.38 1
0.39 1
0.4 -1
0.41 -1
0.42 -1
0.43 -1
0.44 -1
0.45 -1
0.46 -1
0.47 -1
0.48 -1
0.49 -1
0.5 -1
0.51 -1
0.52 -1
0.53 -1
0.54 -1
0.55 -1
0.56 -1
0.57 -1
0.58 -1
0.59 -1
0.6 -1
0.61 -1
0.62 -1
0.63 -1
0.64 -1
0.65 -1
0.66 -1
0.67 -1
0.68 -1
0.69 -1
0.7 -1
0.71 -1
0.72 -1
0.73 -1
0.74 -1
0.75 -1
0.76 -1
0.77 -1
0.78 -1
0.79 1
0.8 1
0.81 1
0.82 1
0.83 1
0.84 1
0.85 1
0.86 1
0.87 1
0.88 1
0.89 1
0.9 1
0.91 1
0.92 1
0.93 1
0.94 1
0.95 1
0.96 1
0.97 1
0.98 1
0.99 1
1 1
1.01 1
1.02 1
1.03 1
1.04 1
1.05 1
1.06 1
1.07 1
1.08 1
1.09 1
1.1 1
1.11 1
1.12 1
1.13 1
1.14 1
1.15 1
1.16 1
1.17 1
1.18 -1
1.19 -1
1.2 -1
1.21 -1
1.22 -1
1.23 -1
1.24 -1
1.25 -1
1.26 -1
1.27 -1
1.28 -1
1.29 -1
1.3 -1
1.31 -1
1.32 -1
1.33 -1
1.34 -1
1.35 -1
1.36 -1
1.37 -1
1.38 -1
1.39 -1
1.4 -1
1.41 -1
1.42 -1
1.43 -1
1.44 -1
1.45 -1
1.46 -1
1.47 -1
1.48 -1
1.49 -1
1.5 -1
1.51 -1
1.52 -1
1.53 -1
1.54 -1
1.55 -1
1.56 -1
1.57 -1
1.58 1
1.59 1
1.6 1
1.61 1
1.62 1
1.63 1
1.64 1
1.65 1
1.66 1
1.67 1
1.68 1
1.69 1
1.7 1
1.71 1
1.72 1
1.73 1
1.74 1
1.75 1
1.76 1
1.77 1
1.78 1
1.79 1
1.8 1
1.81 1
1.82 1
1.83 1
1.84 1
1.85 1
1.86 1
1.87 1
1.88 1
1.89 1
1.9 1
1.91 1
1.92 1
1.93 1
1.94 1
1.95 1
1.96 1
1.97 -1
1.98 -1
1.99 -1
2 -1
2.01 -1
2.02 -1
2.03 -1
2.04 -1
2.05 -1
2.06 -1
2.07 -1
2.08 -1
2.09 -1
2.1 -1
2.11 -1
2.12 -1
2.13 -1
2.14 -1
2.15 -1
2.16 -1
2.17 -1
2.18 -1
2.19 -1
2.2 -1
2.21 -1
2.22 -1
2.23 -1
2.24 -1
2.25 -1
2.26 -1
2.27 -1
2.28 -1
2.29 -1
2.3 -1
2.31 -1
2.32 -1
2.33 -1
2.34 -1
2.35 -1
2.36 1
2.37 1
2.38 1
2.39 1
2.4 1
2.41 1
2.42 1
2.43 1
2.44 1
2.45 1
2.46 1
2.47 1
2.48 1
2.49 1
2.5 1
2.51 1
2.52 1
2.53 1
2.54 1
2.55 1
2.56 1
2.57 1
2.58 1
2.59 1
2.6 1
2.61 1
2.62 1
2.63 1
2.64 1
2.65 1
2.66 1
2.67 1
2.68 1
2.69 1
2.7 1
2.71 1
2.72 1
2.73 1
2.74 1
2.75 -1
2.76 -1
2.77 -1
2.78 -1
2.79 -1
2.8 -1
2.81 -1
2.82 -1
2.83 -1
2.84 -1
2.85 -1
2.86 -1
2.87 -1
2.88 -1
2.89 -1
2.9 -1
2.91 -1
2.92 -1
2.93 -1
2.94 -1
2.95 -1
2.96 -1
2.97 -1
2.98 -1
2.99 -1
3 -1
3.01 -1
3.02 -1
3.03 -1
3.04 -1
3.05 -1
3.06 -1
3.07 -1
3.08 -1
3.09 -1
3.1 -1
3.11 -1
3.12 -1
3.13 -1
3.14 -1
3.15 1
3.16 1
3.17 1
3.18 1
3.19 1
3.2 1
3.21 1
3.22 1
3.23 1
3.24 1
3.25 1
3.26 1
3.27 1
3.28 1
3.29 1
3.3 1
3.31 1
3.32 1
3.33 1
3.34 1
3.35 1
3.36 1
3.37 1
3.38 1
3.39 1
3.4 1
3.41 1
3.42 1
3.43 1
3.44 1
3.45 1
3.46 1
3.47 1
3.48 1
3.49 1
3.5 1
3.51 1
3.52 1
3.53 1
3.54 -1
3.55 -1
3.56 -1
3.57 -1
3.58 -1
3.59 -1
3.6 -1
3.61 -1
3.62 -1
3.63 -1
3.64 -1
3.65 -1
3.66 -1
3.67 -1
3.68 -1
3.69 -1
3.7 -1
3.71 -1
3.72 -1
3.73 -1
3.74 -1
3.75 -1
3.76 -1
3.77 -1
3.78 -1
3.79 -1
3.8 -1
3.81 -1
3.82 -1
3.83 -1
3.84 -1
3.85 -1
3.86 -1
3.87 -1
3.88 -1
3.89 -1
3.9 -1
3.91 -1
3.92 -1
3.93 1
3.94 1
3.95 1
3.96 1
3.97 1
3.98 1
3.99 1
4 1
4.01 1
4.02 1
4.03 1
4.04 1
4.05 1
4.06 1
4.07 1
4.08 1
4.09 1
4.1 1
4.11 1
4.12 1
4.13 1
4.14 1
4.15 1
4.16 1
4.17 1
4.18 1
4.19 1
4.2 1
4.21 1
4.22 1
4.23 1
4.24 1
4.25 1
4.26 1
4.27 1
4.28 1
4.29 1
4.3 1
4.31 1
4.32 -1
4.33 -1
4.34 -1
4.35 -1
4.36 -1
4.37 -1
4.38 -1
4.39 -1
4.4 -1
4.41 -1
4.42 -1
4.43 -1
4.44 -1
4.45 -1
4.46 -1
4.47 -1
4.48 -1
4.49 -1
4.5 -1
4.51 -1
4.52 -1
4.53 -1
4.54 -1
4.55 -1
4.56 -1
4.57 -1
4.58 -1
4.59 -1
4.6 -1
4.61 -1
4.62 -1
4.63 -1
4.64 -1
4.65 -1
4.66 -1
4.67 -1
4.68 -1
4.69 -1
4.7 -1
4.71 -1
4.72 1
4.73 1
4.74 1
4.75 1
4.76 1
4.77 1
4.78 1
4.79 1
4.8 1
4.81 1
4.82 1
4.83 1
4.84 1
4.85 1
4.86 1
4.87 1
4.88 1
4.89 1
4.9 1
4.91 1
4.92 1
4.93 1
4.94 1
4.95 1
4.96 1
4.97 1
4.98 1
4.99 1
5 1
5.01 1
5.02 1
5.03 1
5.04 1
5.05 1
5.06 1
5.07 1
5.08 1
5.09 1
5.1 1
5.11 -1
5.12 -1
5.13 -1
5.14 -1
5.15 -1
5.16 -1
5.17 -1
5.18 -1
5.19 -1
5.2 -1
5.21 -1
5.22 -1
5.23 -1
5.24 -1
5.25 -1
5.26 -1
5.27 -1
5.28 -1
5.29 -1
5.3 -1
5.31 -1
5.32 -1
5.33 -1
5.34 -1
5.35 -1
5.36 -1
5.37 -1
5.38 -1
5.39 -1
5.4 -1
5.41 -1
5.42 -1
5.43 -1
5.44 -1
5.45 -1
5.46 -1
5.47 -1
5.48 -1
5.49 -1
5.5 1
5.51 1
5.52 1
5.53 1
5.54 1
5.55 1
5.56 1
5.57 1
5.58 1
5.59 1
5.6 1
5.61 1
5.62 1
5.63 1
5.64 1
5.65 1
5.66 1
5.67 1
5.68 1
5.69 1
5.7 1
5.71 1
5.72 1
5.73 1
5.74 1
5.75 1
5.76 1
5.77 1
5.78 1
5.79 1
5.8 1
5.81 1
5.82 1
5.83 1
5.84 1
5.85 1
5.86 1
5.87 1
5.88 1
5.89 1
5.9 -1
5.91 -1
5.92 -1
5.93 -1
5.94 -1
5.95 -1
5.96 -1
5.97 -1
5.98 -1
5.99 -1
6 -1
6.01 -1
6.02 -1
6.03 -1
6.04 -1
6.05 -1
6.06 -1
6.07 -1
6.08 -1
6.09 -1
6.1 -1
6.11 -1
6.12 -1
6.13 -1
6.14 -1
6.15 -1
6.16 -1
6.17 -1
6.18 -1
6.19 -1
6.2 -1
6.21 -1
6.22 -1
6.23 -1
6.24 -1
6.25 -1
6.26 -1
6.27 -1
6.28 -1
6.29 1
6.3 1
6.31 1
6.32 1
6.33 1
6.34 1
6.35 1
6.36 1
6.37 1
6.38 1
6.39 1
6.4 1
6.41 1
6.42 1
6.43 1
6.44 1
6.45 1
6.46 1
6.47 1
6.48 1
6.49 1
6.5 1
6.51 1
6.52 1
6.53 1
6.54 1
6.55 1
6.56 1
6.57 1
6.58 1
6.59 1
6.6 1
6.61 1
6.62 1
6.63 1
6.64 1
6.65 1
6.66 1
6.67 1
6.68 -1
6.69 -1
6.7 -1
6.71 -1
6.72 -1
6.73 -1
6.74 -1
6.75 -1
6.76 -1
6.77 -1
6.78 -1
6.79 -1
6.8 -1
6.81 -1
6.82 -1
6.83 -1
6.84 -1
6.85 -1
6.86 -1
6.87 -1
6.88 -1
6.89 -1
6.9 -1
6.91 -1
6.92 -1
6.93 -1
6.94 -1
6.95 -1
6.96 -1
6.97 -1
6.98 -1
6.99 -1
7 -1
7.01 -1
7.02 -1
7.03 -1
7.04 -1
7.05 -1
7.06 -1
7.07 1
7.08 1
7.09 1
7.1 1
7.11 1
7.12 1
7.13 1
7.14 1
7.15 1
7.16 1
7.17 1
7.18 1
7.19 1
7.2 1
7.21 1
7.22 1
7.23 1
7.24 1
7.25 1
7.26 1
7.27 1
7.28 1
7.29 1
7.3 1
7.31 1
7.32 1
7.33 1
7.34 1
7.35 1
7.36 1
7.37 1
7.38 1
7.39 1
7.4 1
7.41 1
7.42 1
7.43 1
7.44 1
7.45 1
7.46 1
7.47 -1
7.48 -1
7.49 -1
7.5 -1
7.51 -1
7.52 -1
7.53 -1
7.54 -1
7.55 -1
7.56 -1
7.57 -1
7.58 -1
7.59 -1
7.6 -1
7.61 -1
7.62 -1
7.63 -1
7.64 -1
7.65 -1
7.66 -1
7.67 -1
7.68 -1
7.69 -1
7.7 -1
7.71 -1
7.72 -1
7.73 -1
7.74 -1
7.75 -1
7.76 -1
7.77 -1
7.78 -1
7.79 -1
7.8 -1
7.81 -1
7.82 -1
7.83 -1
7.84 -1
7.85 -1
7.86 1
7.87 1
7.88 1
7.89 1
7.9 1
7.91 1
7.92 1
7.93 1
7.94 1
7.95 1
7.96 1
7.97 1
7.98 1
7.99 1
8 1
8.01 1
8.02 1
8.03 1
8.04 1
8.05 1
8.06 1
8.07 1
8.08 1
8.09 1
8.1 1
8.11 1
8.12 1
8.13 1
8.14 1
8.15 1
8.16 1
8.17 1
8.18 1
8.19 1
8.2 1
8.21 1
8.22 1
8.23 1
8.24 1
8.25 -1
8.26 -1
8.27 -1
8.28 -1
8.29 -1
8.3 -1
8.31 -1
8.32 -1
8.33 -1
8.34 -1
8.35 -1
8.36 -1
8.37 -1
8.38 -1
8.39 -1
8.4 -1
8.41 -1
8.42 -1
8.43 -1
8.44 -1
8.45 -1
8.46 -1
8.47 -1
8.48 -1
8.49 -1
8.5 -1
8.51 -1
8.52 -1
8.53 -1
8.54 -1
8.55 -1
8.56 -1
8.57 -1
8.58 -1
8.59 -1
8.6 -1
8.61 -1
8.62 -1
8.63 -1
8.64 1
8.65 1
8.66 1
8.67 1
8.68 1
8.69 1
8.7 1
8.71 1
8.72 1
8.73 1
8.74 1
8.75 1
8.76 1
8.77 1
8.78 1
8.79 1
8.8 1
8.81 1
8.82 1
8.83 1
8.84 1
8.85 1
8.86 1
8.87 1
8.88 1
8.89 1
8.9 1
8.91 1
8.92 1
8.93 1
8.94 1
8.95 1
8.96 1
8.97 1
8.98 1
8.99 1
9 -1
9.01 -0.94907
9.02 -0.89814
9.03 -0.84721
9.04 -0.79628
9.05 -0.74535
9.06 -0.69442
9.07 -0.64349
9.08 -0.59256
9.09 -0.54163
9.1 -0.4907
9.11 -0.43977
9.12 -0.38885
9.13 -0.33792
9.14 -0.28699
9.15 -0.23606
9.16 -0.18513
9.17 -0.1342
9.18 -0.083268
9.19 -0.032338
9.2 0.018592
9.21 0.069521
9.22 0.12045
9.23 0.17138
9.24 0.22231
9.25 0.27324
9.26 0.32417
9.27 0.3751
9.28 0.42603
9.29 0.47696
9.3 0.52789
9.31 0.57882
9.32 0.62975
9.33 0.68068
9.34 0.73161
9.35 0.78254
9.36 0.83346
9.37 0.88439
9.38 0.93532
9.39 0.98625
9.4 0.96282
9.41 0.91189
9.42 0.86096
9.43 0.81003
9.44 0.7591
9.45 0.70817
9.46 0.65724
9.47 0.60631
9.48 0.55538
9.49 0.50445
9.5 0.45352
9.51 0.40259
9.52 0.35166
9.53 0.30073
9.54 0.2498
9.55 0.19887
9.56 0.14794
9.57 0.097014
9.58 0.046084
9.59 -0.0048453
9.6 -0.055775
9.61 -0.1067
9.62 -0.15763
9.63 -0.20856
9.64 -0.25949
9.65 -0.31042
9.66 -0.36135
9.67 -0.41228
9.68 -0.46321
9.69 -0.51414
9.7 -0.56507
9.71 -0.616
9.72 -0.66693
9.73 -0.71786
9.74 -0.76879
9.75 -0.81972
9.76 -0.87065
9.77 -0.92158
9.78 -0.97251
9.79 -0.97656
9.8 -0.92563
9.81 -0.8747
9.82 -0.82377
9.83 -0.77284
9.84 -0.72192
9.85 -0.67099
9.86 -0.62006
9.87 -0.56913
9.88 -0.5182
9.89 -0.46727
9.9 -0.41634
9.91 -0.36541
9.92 -0.31448
9.93 -0.26355
9.94 -0.21262
9.95 -0.16169
9.96 -0.11076
9.97 -0.059831
9.98 -0.008901
9.99 0.042029
10 0.092958
10.01 0.14389
10.02 0.19482
10.03 0.24575
10.04 0.29668
10.05 0.34761
10.06 0.39854
10.07 0.44947
10.08 0.50039
10.09 0.55132
10.1 0.60225
10.11 0.65318
10.12 0.70411
10.13 0.75504
10.14 0.80597
10.15 0.8569
10.16 0.90783
10.17 0.95876
10.18 0.99031
10.19 0.93938
10.2 0.88845
10.21 0.83752
10.22 0.78659
10.23 0.73566
10.24 0.68473
10.25 0.6338
10.26 0.58287
10.27 0.53194
10.28 0.48101
10.29 0.43008
10.3 0.37915
10.31 0.32822
10.32 0.2773
10.33 0.22637
10.34 0.17544
10.35 0.12451
10.36 0.073577
10.37 0.022647
10.38 -0.028282
10.39 -0.079212
10.4 -0.13014
10.41 -0.18107
10.42 -0.232
10.43 -0.28293
10.44 -0.33386
10.45 -0.38479
10.46 -0.43572
10.47 -0.48665
10.48 -0.53758
10.49 -0.58851
10.5 -0.63944
10.51 -0.69037
10.52 -0.7413
10.53 -0.79223
10.54 -0.84316
10.55 -0.89409
10.56 -0.94501
10.57 -0.99594
10.58 -0.95313
10.59 -0.9022
10.6 -0.85127
10.61 -0.80034
10.62 -0.74941
10.63 -0.69848
10.64 -0.64755
10.65 -0.59662
10.66 -0.54569
10.67 -0.49476
10.68 -0.44383
10.69 -0.3929
10.7 -0.34197
10.71 -0.29104
10.72 -0.24011
10.73 -0.18918
10.74 -0.13825
10.75 -0.087323
10.76 -0.036394
10.77 0.014536
10.78 0.065466
10.79 0.1164
10.8 0.16732
10.81 0.21825
10.82 0.26918
10.83 0.32011
10.84 0.37104
10.85 0.42197
10.86 0.4729
10.87 0.52383
10.88 0.57476
10.89 0.62569
10.9 0.67662
10.91 0.72755
10.92 0.77848
10.93 0.82941
10.94 0.88034
10.95 0.93127
10.96 0.9822
10.97 0.96687
10.98 0.91594
10.99 0.86501
11 0.81408
11.01 0.76315
11.02 0.71222
11.03 0.66129
11.04 0.61037
11.05 0.55944
11.06 0.50851
11.07 0.45758
11.08 0.40665
11.09 0.35572
11.1 0.30479
11.11 0.25386
11.12 0.20293
11.13 0.152
11.14 0.10107
11.15 0.05014
11.16 -0.00078967
11.17 -0.051719
11.18 -0.10265
11.19 -0.15358
11.2 -0.20451
11.21 -0.25544
11.22 -0.30637
11.23 -0.3573
11.24 -0.40823
11.25 -0.45916
11.26 -0.51009
11.27 -0.56102
11.28 -0.61194
11.29 -0.66287
11.3 -0.7138
11.31 -0.76473
11.32 -0.81566
11.33 -0.86659
11.34 -0.91752
11.35 -0.96845
11.36 -0.98062
11.37 -0.92969
11.38 -0.87876
11.39 -0.82783
11.4 -0.7769
11.41 -0.72597
11.42 -0.67504
11.43 -0.62411
11.44 -0.57318
11.45 -0.52225
11.46 -0.47132
11.47 -0.42039
11.48 -0.36946
11.49 -0.31853
11.5 -0.2676
11.51 -0.21667
11.52 -0.16575
11.53 -0.11482
11.54 -0.063886
11.55 -0.012957
11.56 0.037973
11.57 0.088903
11.58 0.13983
11.59 0.19076
11.6 0.24169
11.61 0.29262
11.62 0.34355
11.63 0.39448
11.64 0.44541
11.65 0.49634
11.66 0.54727
11.67 0.5982
11.68 0.64913
11.69 0.70006
11.7 0.75099
11.71 0.80192
11.72 0.85285
11.73 0.90378
11.74 0.95471
11.75 0.99437
11.76 0.94344
11.77 0.89251
11.78 0.84158
11.79 0.79065
11.8 0.73972
11.81 0.68879
11.82 0.63786
11.83 0.58693
11.84 0.536
11.85 0.48507
11.86 0.43414
11.87 0.38321
11.88 0.33228
11.89 0.28135
11.9 0.23042
11.91 0.17949
11.92 0.12856
11.93 0.077633
11.94 0.026703
11.95 -0.024227
11.96 -0.075156
11.97 -0.12609
11.98 -0.17702
11.99 -0.22794
12 -0.27887
12.01 -0.3298
12.02 -0.38073
12.03 -0.43166
12.04 -0.48259
12.05 -0.53352
12.06 -0.58445
12.07 -0.63538
12.08 -0.68631
12.09 -0.73724
12.1 -0.78817
12.11 -0.8391
12.12 -0.89003
12.13 -0.94096
12.14 -0.99189
12.15 -0.95718
12.16 -0.90625
12.17 -0.85532
12.18 -0.80439
12.19 -0.75346
12.2 -0.70253
12.21 -0.6516
12.22 -0.60067
12.23 -0.54975
12.24 -0.49882
12.25 -0.44789
12.26 -0.39696
12.27 -0.34603
12.28 -0.2951
12.29 -0.24417
12.3 -0.19324
12.31 -0.14231
12.32 -0.091379
12.33 -0.040449
12.34 0.01048
12.35 0.06141
12.36 0.11234
12.37 0.16327
12.38 0.2142
12.39 0.26513
12.4 0.31606
12.41 0.36699
12.42 0.41792
12.43 0.46885
12.44 0.51978
12.45 0.57071
12.46 0.62164
12.47 0.67256
12.48 0.72349
12.49 0.77442
12.5 0.82535
12.51 0.87628
12.52 0.92721
12.53 0.97814
12.54 0.97093
12.55 0.92
12.56 0.86907
12.57 0.81814
12.58 0.76721
12.59 0.71628
12.6 0.66535
12.61 0.61442
12.62 0.56349
12.63 0.51256
12.64 0.46163
12.65 0.4107
12.66 0.35977
12.67 0.30884
12.68 0.25791
12.69 0.20698
12.7 0.15605
12.71 0.10513
12.72 0.054196
12.73 0.003266
12.74 -0.047664
12.75 -0.098593
12.76 -0.14952
12.77 -0.20045
12.78 -0.25138
12.79 -0.30231
12.8 -0.35324
12.81 -0.40417
12.82 -0.4551
12.83 -0.50603
12.84 -0.55696
12.85 -0.60789
12.86 -0.65882
12.87 -0.70975
12.88 -0.76068
12.89 -0.81161
12.9 -0.86254
12.91 -0.91347
12.92 -0.9644
12.93 -0.98467
12.94 -0.93374
12.95 -0.88282
12.96 -0.83189
12.97 -0.78096
12.98 -0.73003
12.99 -0.6791
13 -0.62817
13.01 -0.57724
13.02 -0.52631
13.03 -0.47538
13.04 -0.42445
13.05 -0.37352
13.06 -0.32259
13.07 -0.27166
13.08 -0.22073
13.09 -0.1698
13.1 -0.11887
13.11 -0.067942
13.12 -0.017012
13.13 0.033917
13.14 0.084847
13.15 0.13578
13.16 0.18671
13.17 0.23764
13.18 0.28857
13.19 0.33949
13.2 0.39042
13.21 0.44135
13.22 0.49228
13.23 0.54321
13.24 0.59414
13.25 0.64507
13.26 0.696
13.27 0.74693
13.28 0.79786
13.29 0.84879
13.3 0.89972
13.31 0.95065
13.32 0.99842
13.33 0.94749
13.34 0.89656
13.35 0.84563
13.36 0.7947
13.37 0.74377
13.38 0.69284
13.39 0.64191
13.4 0.59098
13.41 0.54005
13.42 0.48912
13.43 0.4382
13.44 0.38727
13.45 0.33634
13.46 0.28541
13.47 0.23448
13.48 0.18355
13.49 0.13262
13.5 0.081688
13.51 0.030759
13.52 -0.020171
13.53 -0.071101
13.54 -0.12203
13.55 -0.17296
13.56 -0.22389
13.57 -0.27482
13.58 -0.32575
13.59 -0.37668
13.6 -0.42761
13.61 -0.47854
13.62 -0.52947
13.63 -0.5804
13.64 -0.63133
13.65 -0.68226
13.66 -0.73319
13.67 -0.78411
13.68 -0.83504
13.69 -0.88597
13.7 -0.9369
13.71 -0.98783
13.72 -0.96124
13.73 -0.91031
13.74 -0.85938
13.75 -0.80845
13.76 -0.75752
13.77 -0.70659
13.78 -0.65566
13.79 -0.60473
13.8 -0.5538
13.81 -0.50287
13.82 -0.45194
13.83 -0.40101
13.84 -0.35008
13.85 -0.29915
13.86 -0.24822
13.87 -0.19729
13.88 -0.14636
13.89 -0.095435
13.9 -0.044505
13.91 0.0064247
13.92 0.057354
13.93 0.10828
13.94 0.15921
13.95 0.21014
13.96 0.26107
13.97 0.312
13.98 0.36293
13.99 0.41386
14 0.46479
14.01 0.51572
14.02 0.56665
14.03 0.61758
14.04 0.66851
14.05 0.71944
14.06 0.77037
14.07 0.8213
14.08 0.87223
14.09 0.92316
14.1 0.97409
14.11 0.97498
14.12 0.92405
14.13 0.87312
14.14 0.82219
14.15 0.77127
14.16 0.72034
14.17 0.66941
14.18 0.61848
14.19 0.56755
14.2 0.51662
14.21 0.46569
14.22 0.41476
14.23 0.36383
14.24 0.3129
14.25 0.26197
14.26 0.21104
14.27 0.16011
14.28 0.10918
14.29 0.058251
14.3 0.0073217
14.31 -0.043608
14.32 -0.094538
14.33 -0.14547
14.34 -0.1964
14.35 -0.24733
14.36 -0.29826
14.37 -0.34919
14.38 -0.40012
14.39 -0.45104
14.4 -0.50197
14.41 -0.5529
14.42 -0.60383
14.43 -0.65476
14.44 -0.70569
14.45 -0.75662
14.46 -0.80755
14.47 -0.85848
14.48 -0.90941
14.49 -0.96034
14.5 -0.98873
14.51 -0.9378
14.52 -0.88687
14.53 -0.83594
14.54 -0.78501
14.55 -0.73408
14.56 -0.68315
14.57 -0.63222
14.58 -0.58129
14.59 -0.53036
14.6 -0.47943
14.61 -0.4285
14.62 -0.37758
14.63 -0.32665
14.64 -0.27572
14.65 -0.22479
14.66 -0.17386
14.67 -0.12293
14.68 -0.071998
14.69 -0.021068
14.7 0.029862
14.71 0.080791
14.72 0.13172
14.73 0.18265
14.74 0.23358
14.75 0.28451
14.76 0.33544
14.77 0.38637
14.78 0.4373
14.79 0.48823
14.8 0.53916
14.81 0.59009
14.82 0.64102
14.83 0.69195
14.84 0.74288
14.85 0.79381
14.86 0.84473
14.87 0.89566
14.88 0.94659
14.89 0.99752
14.9 0.95155
14.91 0.90062
14.92 0.84969
14.93 0.79876
14.94 0.74783
14.95 0.6969
14.96 0.64597
14.97 0.59504
14.98 0.54411
14.99 0.49318
15 0.44225
15.01 0.39132
15.02 0.34039
15.03 0.28946
15.04 0.23853
15.05 0.1876
15.06 0.13667
15.07 0.085744
15.08 0.034814
15.09 -0.016115
15.1 -0.067045
15.11 -0.11797
15.12 -0.1689
15.13 -0.21983
15.14 -0.27076
15.15 -0.32169
15.16 -0.37262
15.17 -0.42355
15.18 -0.47448
15.19 -0.52541
15.2 -0.57634
15.21 -0.62727
15.22 -0.6782
15.23 -0.72913
15.24 -0.78006
15.25 -0.83099
15.26 -0.88192
15.27 -0.93285
15.28 -0.98378
15.29 -0.96529
15.3 -0.91436
15.31 -0.86343
15.32 -0.8125
15.33 -0.76157
15.34 -0.71065
15.35 -0.65972
15.36 -0.60879
15.37 -0.55786
15.38 -0.50693
15.39 -0.456
15.4 -0.40507
15.41 -0.35414
15.42 -0.30321
15.43 -0.25228
15.44 -0.20135
15.45 -0.15042
15.46 -0.09949
15.47 -0.048561
15.48 0.002369
15.49 0.053299
15.5 0.10423
15.51 0.15516
15.52 0.20609
15.53 0.25702
15.54 0.30795
15.55 0.35888
15.56 0.40981
15.57 0.46074
15.58 0.51166
15.59 0.56259
15.6 0.61352
15.61 0.66445
15.62 0.71538
15.63 0.76631
15.64 0.81724
15.65 0.86817
15.66 0.9191
15.67 0.97003
15.68 0.97904
15.69 0.92811
15.7 0.87718
15.71 0.82625
15.72 0.77532
15.73 0.72439
15.74 0.67346
15.75 0.62253
15.76 0.5716
15.77 0.52067
15.78 0.46974
15.79 0.41881
15.8 0.36788
15.81 0.31695
15.82 0.26603
15.83 0.2151
15.84 0.16417
15.85 0.11324
15.86 0.062307
15.87 0.011377
15.88 -0.039552
15.89 -0.090482
15.9 -0.14141
15.91 -0.19234
15.92 -0.24327
15.93 -0.2942
15.94 -0.34513
15.95 -0.39606
15.96 -0.44699
15.97 -0.49792
15.98 -0.54885
15.99 -0.59978
16 -0.65071
16.01 -0.70164
16.02 -0.75257
16.03 -0.8035
16.04 -0.85443
16.05 -0.90536
16.06 -0.95628
16.07 -0.99279
16.08 -0.94186
16.09 -0.89093
16.1 -0.84
16.11 -0.78907
16.12 -0.73814
16.13 -0.68721
16.14 -0.63628
16.15 -0.58535
16.16 -0.53442
16.17 -0.48349
16.18 -0.43256
16.19 -0.38163
16.2 -0.3307
16.21 -0.27977
16.22 -0.22884
16.23 -0.17791
16.24 -0.12698
16.25 -0.076053
16.26 -0.025124
16.27 0.025806
16.28 0.076736
16.29 0.12767
16.3 0.17859
16.31 0.22952
16.32 0.28045
16.33 0.33138
16.34 0.38231
16.35 0.43324
16.36 0.48417
16.37 0.5351
16.38 0.58603
16.39 0.63696
16.4 0.68789
16.41 0.73882
16.42 0.78975
16.43 0.84068
16.44 0.89161
16.45 0.94254
16.46 0.99347
16.47 0.9556
16.48 0.90467
16.49 0.85374
16.5 0.80281
16.51 0.75188
16.52 0.70095
16.53 0.65002
16.54 0.5991
16.55 0.54817
16.56 0.49724
16.57 0.44631
16.58 0.39538
16.59 0.34445
16.6 0.29352
16.61 0.24259
16.62 0.19166
16.63 0.14073
16.64 0.0898
16.65 0.03887
16.66 -0.01206
16.67 -0.062989
16.68 -0.11392
16.69 -0.16485
16.7 -0.21578
16.71 -0.26671
16.72 -0.31764
16.73 -0.36857
16.74 -0.4195
16.75 -0.47043
16.76 -0.52136
16.77 -0.57229
16.78 -0.62321
16.79 -0.67414
16.8 -0.72507
16.81 -0.776
16.82 -0.82693
16.83 -0.87786
16.84 -0.92879
16.85 -0.97972
16.86 -0.96935
16.87 -0.91842
16.88 -0.86749
16.89 -0.81656
16.9 -0.76563
16.91 -0.7147
16.92 -0.66377
16.93 -0.61284
16.94 -0.56191
16.95 -0.51098
16.96 -0.46005
16.97 -0.40912
16.98 -0.35819
16.99 -0.30726
17 -0.25633
17.01 -0.2054
17.02 -0.15448
17.03 -0.10355
17.04 -0.052616
17.05 -0.0016867
17.06 0.049243
17.07 0.10017
17.08 0.1511
17.09 0.20203
17.1 0.25296
17.11 0.30389
17.12 0.35482
17.13 0.40575
17.14 0.45668
17.15 0.50761
17.16 0.55854
17.17 0.60947
17.18 0.6604
17.19 0.71133
17.2 0.76226
17.21 0.81319
17.22 0.86412
17.23 0.91505
17.24 0.96598
17.25 0.9831
17.26 0.93217
17.27 0.88124
17.28 0.83031
17.29 0.77938
17.3 0.72845
17.31 0.67752
17.32 0.62659
17.33 0.57566
17.34 0.52473
17.35 0.4738
17.36 0.42287
17.37 0.37194
17.38 0.32101
17.39 0.27008
17.4 0.21915
17.41 0.16822
17.42 0.11729
17.43 0.066363
17.44 0.015433
17.45 -0.035497
17.46 -0.086426
17.47 -0.13736
17.48 -0.18829
17.49 -0.23921
17.5 -0.29014
17.51 -0.34107
17.52 -0.392
17.53 -0.44293
17.54 -0.49386
17.55 -0.54479
17.56 -0.59572
17.57 -0.64665
17.58 -0.69758
17.59 -0.74851
17.6 -0.79944
17.61 -0.85037
17.62 -0.9013
17.63 -0.95223
17.64 -0.99684
17.65 -0.94591
17.66 -0.89498
17.67 -0.84405
17.68 -0.79312
17.69 -0.74219
17.7 -0.69126
17.71 -0.64033
17.72 -0.5894
17.73 -0.53848
17.74 -0.48755
17.75 -0.43662
17.76 -0.38569
17.77 -0.33476
17.78 -0.28383
17.79 -0.2329
17.8 -0.18197
17.81 -0.13104
17.82 -0.080109
17.83 -0.029179
17.84 0.02175
17.85 0.07268
17.86 0.12361
17.87 0.17454
17.88 0.22547
17.89 0.2764
17.9 0.32733
17.91 0.37826
17.92 0.42919
17.93 0.48012
17.94 0.53105
17.95 0.58198
17.96 0.63291
17.97 0.68383
17.98 0.73476
17.99 0.78569
18 0.83662
18.01 0.88755
18.02 0.93848
18.03 0.98941
18.04 0.95966
18.05 0.90873
18.06 0.8578
18.07 0.80687
18.08 0.75594
18.09 0.70501
18.1 0.65408
18.11 0.60315
18.12 0.55222
18.13 0.50129
18.14 0.45036
18.15 0.39943
18.16 0.3485
18.17 0.29757
18.18 0.24664
18.19 0.19571
18.2 0.14478
18.21 0.093855
18.22 0.042926
18.23 -0.008004
18.24 -0.058934
18.25 -0.10986
18.26 -0.16079
18.27 -0.21172
18.28 -0.26265
18.29 -0.31358
18.3 -0.36451
18.31 -0.41544
18.32 -0.46637
18.33 -0.5173
18.34 -0.56823
18.35 -0.61916
18.36 -0.67009
18.37 -0.72102
18.38 -0.77195
18.39 -0.82288
18.4 -0.87381
18.41 -0.92474
18.42 -0.97567
18.43 -0.9734
18.44 -0.92247
18.45 -0.87155
18.46 -0.82062
18.47 -0.76969
18.48 -0.71876
18.49 -0.66783
18.5 1
18.51 1
18.52 1
18.53 1
18.54 1
18.55 1
18.56 1
18.57 1
18.58 1
18.59 1
18.6 1
18.61 1
18.62 1
18.63 1
18.64 1
18.65 1
18.66 1
18.67 1
18.68 1
18.69 1
18.7 1
18.71 1
18.72 1
18.73 1
18.74 1
18.75 1
18.76 1
18.77 1
18.78 1
18.79 1
18.8 1
18.81 1
18.82 1
18.83 1
18.84 1
18.85 1
18.86 1
18.87 1
18.88 1
18.89 1
18.9 -1
18.91 -1
18.92 -1
18.93 -1
18.94 -1
18.95 -1
18.96 -1
18.97 -1
18.98 -1
18.99 -1
19 -1
19.01 -1
19.02 -1
19.03 -1
19.04 -1
19.05 -1
19.06 -1
19.07 -1
19.08 -1
19.09 -1
19.1 -1
19.11 -1
19.12 -1
19.13 -1
19.14 -1
19.15 -1
19.16 -1
19.17 -1
19.18 -1
19.19 -1
19.2 -1
19.21 -1
19.22 -1
19.23 -1
19.24 -1
19.25 -1
19.26 -1
19.27 -1
19.28 -1
19.29 1
19.3 1
19.31 1
19.32 1
19.33 1
19.34 1
19.35 1
19.36 1
19.37 1
19.38 1
19.39 1
19.4 1
19.41 1
19.42 1
19.43 1
19.44 1
19.45 1
19.46 1
19.47 1
19.48 1
19.49 1
19.5 1
19.51 1
19.52 1
19.53 1
19.54 1
19.55 1
19.56 1
19.57 1
19.58 1
19.59 1
19.6 1
19.61 1
19.62 1
19.63 1
19.64 1
19.65 1
19.66 1
19.67 1
19.68 -1
19.69 -1
19.7 -1
19.71 -1
19.72 -1
19.73 -1
19.74 -1
19.75 -1
19.76 -1
19.77 -1
19.78 -1
19.79 -1
19.8 -1
19.81 -1
19.82 -1
19.83 -1
19.84 -1
19.85 -1
19.86 -1
19.87 -1
19.88 -1
19.89 -1
19.9 -1
19.91 -1
19.92 -1
19.93 -1
19.94 -1
19.95 -1
19.96 -1
19.97 -1
19.98 -1
19.99 -1
20 -1
20.01 -1
20.02 -1
20.03 -1
20.04 -1
20.05 -1
20.06 -1
20.07 -1
20.08 1
20.09 1
20.1 1
20.11 1
20.12 1
20.13 1
20.14 1
20.15 1
20.16 1
20.17 1
20.18 1
20.19 1
20.2 1
20.21 1
20.22 1
20.23 1
20.24 1
20.25 1
20.26 1
20.27 1
20.28 1
20.29 1
20.3 1
20.31 1
20.32 1
20.33 1
20.34 1
20.35 1
20.36 1
20.37 1
20.38 1
20.39 1
20.4 1
20.41 1
20.42 1
20.43 1
20.44 1
20.45 1
20.46 1
20.47 -1
20.48 -1
20.49 -1
20.5 -1
20.51 -1
20.52 -1
20.53 -1
20.54 -1
20.55 -1
20.56 -1
20.57 -1
20.58 -1
20.59 -1
20.6 -1
20.61 -1
20.62 -1
20.63 -1
20.64 -1
20.65 -1
20.66 -1
20.67 -1
20.68 -1
20.69 -1
20.7 -1
20.71 -1
20.72 -1
20.73 -1
20.74 -1
20.75 -1
20.76 -1
20.77 -1
20.78 -1
20.79 -1
20.8 -1
20.81 -1
20.82 -1
20.83 -1
20.84 -1
20.85 -1
20.86 1
20.87 1
20.88 1
20.89 1
20.9 1
20.91 1
20.92 1
20.93 1
20.94 1
20.95 1
20.96 1
20.97 1
20.98 1
20.99 1
21 1
21.01 1
21.02 1
21.03 1
21.04 1
21.05 1
21.06 1
21.07 1
21.08 1
21.09 1
21.1 1
21.11 1
21.12 1
21.13 1
21.14 1
21.15 1
21.16 1
21.17 1
21.18 1
21.19 1
21.2 1
21.21 1
21.22 1
21.23 1
21.24 1
21.25 -1
21.26 -1
21.27 -1
21.28 -1
21.29 -1
21.3 -1
21.31 -1
21.32 -1
21.33 -1
21.34 -1
21.35 -1
21.36 -1
21.37 -1
21.38 -1
21.39 -1
21.4 -1
21.41 -1
21.42 -1
21.43 -1
21.44 -1
21.45 -1
21.46 -1
21.47 -1
21.48 -1
21.49 -1
21.5 -1
21.51 -1
21.52 -1
21.53 -1
21.54 -1
21.55 -1
21.56 -1
21.57 -1
21.58 -1
21.59 -1
21.6 -1
21.61 -1
21.62 -1
21.63 -1
21.64 -1
21.65 1
21.66 1
21.67 1
21.68 1
21.69 1
21.7 1
21.71 1
21.72 1
21.73 1
21.74 1
21.75 1
21.76 1
21.77 1
21.78 1
21.79 1
21.8 1
21.81 1
21.82 1
21.83 1
21.84 1
21.85 1
21.86 1
21.87 1
21.88 1
21.89 1
21.9 1
21.91 1
21.92 1
21.93 1
21.94 1
21.95 1
21.96 1
21.97 1
21.98 1
21.99 1
22 1
22.01 1
22.02 1
22.03 1
22.04 -1
22.05 -1
22.06 -1
22.07 -1
22.08 -1
22.09 -1
22.1 -1
22.11 -1
22.12 -1
22.13 -1
22.14 -1
22.15 -1
22.16 -1
22.17 -1
22.18 -1
22.19 -1
22.2 -1
22.21 -1
22.22 -1
22.23 -1
22.24 -1
22.25 -1
22.26 -1
22.27 -1
22.28 -1
22.29 -1
22.3 -1
22.31 -1
22.32 -1
22.33 -1
22.34 -1
22.35 -1
22.36 -1
22.37 -1
22.38 -1
22.39 -1
22.4 -1
22.41 -1
22.42 -1
22.43 1
22.44 1
22.45 1
22.46 1
22.47 1
22.48 1
22.49 1
22.5 1
22.51 1
22.52 1
22.53 1
22.54 1
22.55 1
22.56 1
22.57 1
22.58 1
22.59 1
22.6 1
22.61 1
22.62 1
22.63 1
22.64 1
22.65 1
22.66 1
22.67 1
22.68 1
22.69 1
22.7 1
22.71 1
22.72 1
22.73 1
22.74 1
22.75 1
22.76 1
22.77 1
22.78 1
22.79 1
22.8 1
22.81 1
22.82 -1
22.83 -1
22.84 -1
22.85 -1
22.86 -1
22.87 -1
22.88 -1
22.89 -1
22.9 -1
22.91 -1
22.92 -1
22.93 -1
22.94 -1
22.95 -1
22.96 -1
22.97 -1
22.98 -1
22.99 -1
23 -1
23.01 -1
23.02 -1
23.03 -1
23.04 -1
23.05 -1
23.06 -1
23.07 -1
23.08 -1
23.09 -1
23.1 -1
23.11 -1
23.12 -1
23.13 -1
23.14 -1
23.15 -1
23.16 -1
23.17 -1
23.18 -1
23.19 -1
23.2 -1
23.21 -1
23.22 1
23.23 1
23.24 1
23.25 1
23.26 1
23.27 1
23.28 1
23.29 1
23.3 1
23.31 1
23.32 1
23.33 1
23.34 1
23.35 1
23.36 1
23.37 1
23.38 1
23.39 1
23.4 1
23.41 1
23.42 1
23.43 1
23.44 1
23.45 1
23.46 1
23.47 1
23.48 1
23.49 1
23.5 1
23.51 1
23.52 1
23.53 1
23.54 1
23.55 1
23.56 1
23.57 1
23.58 1
23.59 1
23.6 1
23.61 -1
23.62 -1
23.63 -1
23.64 -1
23.65 -1
23.66 -1
23.67 -1
23.68 -1
23.69 -1
23.7 -1
23.71 -1
23.72 -1
23.73 -1
23.74 -1
23.75 -1
23.76 -1
23.77 -1
23.78 -1
23.79 -1
23.8 -1
23.81 -1
23.82 -1
23.83 -1
23.84 -1
23.85 -1
23.86 -1
23.87 -1
23.88 -1
23.89 -1
23.9 -1
23.91 -1
23.92 -1
23.93 -1
23.94 -1
23.95 -1
23.96 -1
23.97 -1
23.98 -1
23.99 -1
24 1
24.01 1
24.02 1
24.03 1
24.04 1
24.05 1
24.06 1
24.07 1
24.08 1
24.09 1
24.1 1
24.11 1
24.12 1
24.13 1
24.14 1
24.15 1
24.16 1
24.17 1
24.18 1
24.19 1
24.2 1
24.21 1
24.22 1
24.23 1
24.24 1
24.25 1
24.26 1
24.27 1
24.28 1
24.29 1
24.3 1
24.31 1
24.32 1
24.33 1
24.34 1
24.35 1
24.36 1
24.37 1
24.38 1
24.39 1
24.4 -1
24.41 -1
24.42 -1
24.43 -1
24.44 -1
24.45 -1
24.46 -1
24.47 -1
24.48 -1
24.49 -1
24.5 -1
24.51 -1
24.52 -1
24.53 -1
24.54 -1
24.55 -1
24.56 -1
24.57 -1
24.58 -1
24.59 -1
24.6 -1
24.61 -1
24.62 -1
24.63 -1
24.64 -1
24.65 -1
24.66 -1
24.67 -1
24.68 -1
24.69 -1
24.7 -1
24.71 -1
24.72 -1
24.73 -1
24.74 -1
24.75 -1
24.76 -1
24.77 -1
24.78 -1
24.79 1
24.8 1
24.81 1
24.82 1
24.83 1
24.84 1
24.85 1
24.86 1
24.87 1
24.88 1
24.89 1
24.9 1
24.91 1
24.92 1
24.93 1
24.94 1
24.95 1
24.96 1
24.97 1
24.98 1
24.99 1
25 1
25.01 1
25.02 1
25.03 1
25.04 1
25.05 1
25.06 1
25.07 1
25.08 1
25.09 1
25.1 1
25.11 1
25.12 1
25.13 1
25.14 1
25.15 1
25.16 1
25.17 1
25.18 -1
25.19 -1
25.2 -1
25.21 -1
25.22 -1
25.23 -1
25.24 -1
25.25 -1
25.26 -1
25.27 -1
25.28 -1
25.29 -1
25.3 -1
25.31 -1
25.32 -1
25.33 -1
25.34 -1
25.35 -1
25.36 -1
25.37 -1
25.38 -1
25.39 -1
25.4 -1
25.41 -1
25.42 -1
25.43 -1
25.44 -1
25.45 -1
25.46 -1
25.47 -1
25.48 -1
25.49 -1
25.5 -1
25.51 -1
25.52 -1
25.53 -1
25.54 -1
25.55 -1
25.56 -1
25.57 1
25.58 1
25.59 1
25.6 1
25.61 1
25.62 1
25.63 1
25.64 1
25.65 1
25.66 1
25.67 1
25.68 1
25.69 1
25.7 1
25.71 1
25.72 1
25.73 1
25.74 1
25.75 1
25.76 1
25.77 1
25.78 1
25.79 1
25.8 1
25.81 1
25.82 1
25.83 1
25.84 1
25.85 1
25.86 1
25.87 1
25.88 1
25.89 1
25.9 1
25.91 1
25.92 1
25.93 1
25.94 1
25.95 1
25.96 1
25.97 -1
25.98 -1
25.99 -1
26 -1
26.01 -1
26.02 -1
26.03 -1
26.04 -1
26.05 -1
26.06 -1
26.07 -1
26.08 -1
26.09 -1
26.1 -1
26.11 -1
26.12 -1
26.13 -1
26.14 -1
26.15 -1
26.16 -1
26.17 -1
26.18 -1
26.19 -1
26.2 -1
26.21 -1
26.22 -1
26.23 -1
26.24 -1
26.25 -1
26.26 -1
26.27 -1
26.28 -1
26.29 -1
26.3 -1
26.31 -1
26.32 -1
26.33 -1
26.34 -1
26.35 -1
26.36 1
26.37 1
26.38 1
26.39 1
26.4 1
26.41 1
26.42 1
26.43 1
26.44 1
26.45 1
26.46 1
26.47 1
26.48 1
26.49 1
26.5 1
26.51 1
26.52 1
26.53 1
26.54 1
26.55 1
26.56 1
26.57 1
26.58 1
26.59 1
26.6 1
26.61 1
26.62 1
26.63 1
26.64 1
26.65 1
26.66 1
26.67 1
26.68 1
26.69 1
26.7 1
26.71 1
26.72 1
26.73 1
26.74 1
26.75 -1
26.76 -1
26.77 -1
26.78 -1
26.79 -1
26.8 -1
26.81 -1
26.82 -1
26.83 -1
26.84 -1
26.85 -1
26.86 -1
26.87 -1
26.88 -1
26.89 -1
26.9 -1
26.91 -1
26.92 -1
26.93 -1
26.94 -1
26.95 -1
26.96 -1
26.97 -1
26.98 -1
26.99 -1
27 -1
27.01 -1
27.02 -1
27.03 -1
27.04 -1
27.05 -1
27.06 -1
27.07 -1
27.08 -1
27.09 -1
27.1 -1
27.11 -1
27.12 -1
27.13 -1
27.14 1
27.15 1
27.16 1
27.17 1
27.18 1
27.19 1
27.2 1
27.21 1
27.22 1
27.23 1
27.24 1
27.25 1
27.26 1
27.27 1
27.28 1
27.29 1
27.3 1
27.31 1
27.32 1
27.33 1
27.34 1
27.35 1
27.36 1
27.37 1
27.38 1
27.39 1
27.4 1
27.41 1
27.42 1
27.43 1
27.44 1
27.45 1
27.46 1
27.47 1
27.48 1
27.49 1
