-0.017728296133458613
-0.01767039862884911
-0.017595520801276403
-0.017503875236367792
-0.01739568749583098
-0.01727119542512185
-0.01713064847397853
-0.016974307031455284
-0.0168024417769227
-0.016615333048337524
-0.01641327022892704
-0.016196551153280513
-0.015965481533693343
-0.01572037440746882
-0.015461549605749457
-0.015189333244322709
-0.014904057236726116
-0.014606058829865015
-0.014295680162250073
-0.01397326784486428
-0.013639172564577423
-0.013293748709942387
-0.012937354019129675
-0.012570349249685791
-0.012193097869736321
-0.011805965770195853
-0.011409320997493507
-0.011003533506275632
-0.010588974931504253
-0.010166018379332103
-0.00973503823610173
-0.00929640999478681
-0.008850510098168358
-0.008397715798016323
-0.007938405029528445
-0.007472956300261994
-0.0070017485927807615
-0.0065251612802284505
-0.006043574054030493
-0.005557366862919001
-0.005066919862469783
-0.004572613374335798
-0.004074827854358027
-0.0035739438687323478
-0.003070342077409036
-0.002564403223900595
-0.0020565081306725677
-0.001547037699291726
-0.00103637291450567
-5.248948514276297E-4
-1.2984685000205894E-5
4.989762990885644E-4
0.001010606692863692
0.0015215249547234876
0.0020313493991295914
0.0025396981881552656
0.0030461893257212923
0.003550440655349773
0.00405206986226684
0.004550694480686219
0.005045931907106192
0.005537399420452837
0.006024714209902585
0.006507493411216448
0.006985354152417254
0.007457913609639048
0.007924789073974849
0.008385598030144548
0.008839958247799023
0.009287487886269012
0.009727805613557839
0.010160530740365444
0.010585283369916924
0.011001684564352002
0.011409356528411513
0.011807922811133851
0.012197008526246774
0.012576240591908993
0.012945247990420218
0.013303662048477945
0.013651116738513908
0.013987249001592404
0.014311699092296123
0.01462411094596281
0.014924132568567275
0.015211416449468182
0.015485619997156839
0.015746405998056507
0.01599344309832435
0.016226406308505067
0.01644497753077453
0.01664884610839341
0.016837709396866157
0.017011273356167353
0.01716925316325895
0.01731137384397511
0.01743737092319922
0.01754699109209939
0.017639992891025143
0.017716147406499856
0.01777523898057158
0.017817065930609846
0.017841441277459402
0.01784819347968424
0.017837167171458113
0.01780822390148238
0.017761242870140255
0.017696121661929395
0.01761277697005391
0.017511145309905322
0.017391183718019156
0.017252870432964272
0.01709620555450589
0.016921211677283172
0.01672793449515963
0.0165164433723428
0.016286831877328545
0.016039218275708297
0.01577374597788608
0.015490583937786625
0.015189926998700044
0.014871996182500735
0.014537038918602248
0.014185329209164578
0.013817167727256913
0.013432881844897937
0.013032825588146103
0.012617379516694789
0.012186950525739374
0.011741971568225798
0.011282901295959335
0.010810223618448318
0.010324447178775991
0.009826104746233199
0.009315752525902068
0.00879396938585136
0.008261356003086489
0.00771853392988494
0.00716614458263795
0.006604848155808356
0.006035322464095112
0.005458261716366491
0.004874375225378063
0.004284386057726221
0.0036890296288984003
0.00308905224866122
0.0024852096223769893
0.0018782653141499201
0.0012689891779751896
6.581557632934895E-4
4.654270153629352E-5
-5.650709196157029E-4
-0.0011759061874517412
-0.0017851859940809036
-0.002392136658077875
-0.002995989531153254
-0.0035959825831879347
-0.00419136195913217
-0.004781383501475134
-0.005365314232241796
-0.005942433788765151
-0.0065120358078110535
-0.007073429252997731
-0.007625939680845928
-0.008168910441217599
-0.008701703808344546
-0.00922370203910924
-0.00973430835571552
-0.010232947850369281
-0.010719068310077443
-0.011192140960160572
-0.011651661125557
-0.012097148809471206
-0.012528149189380661
-0.012944233030861495
-0.01334499702012067
-0.01373006401652685
-0.014099083226813242
-0.01445173030297903
-0.014787707366242166
-0.015106742959691676
-0.01540859193255257
-0.01569303525921038
-0.015959879796343876
-0.016208957981684573
-0.016440127478061065
-0.01665327076649363
-0.016848294692183498
-0.017025129967290487
-0.0171837306344155
-0.017324073494700554
-0.017446157504431622
-0.017550003143979587
-0.017635651762843915
-0.01770316490447444
-0.017752623614440764
-0.017784127735397875
-0.017797795192162937
-0.017793761270073857
-0.017772177889645857
-0.017733212880382022
-0.017677049256425978
-0.017603884496574837
-0.0175139298309966
-0.017407409536821464
-0.017284560244602502
-0.017145630257467175
-0.01699087888461069
-0.016820575790614477
-0.016635000361909284
-0.016434441091543878
-0.016219194983266818
-0.015989566975781605
-0.015745869387894233
-0.01548842138513827
-0.015217548468334466
-0.014933581984422411
-0.014636858659787845
-0.014327720156203542
-0.014006512649402987
-0.013673586430213769
-0.01332929552809322
-0.01297399735683045
-0.012608052382106959
-0.0122318238105435
-0.011845677299800357
-0.01144998068924568
-0.011045103750657363
-0.01063141795838151
-0.010209296278332048
-0.009779112975181782
-0.009341243437066254
-0.008896064017095173
-0.00844395189094415
-0.007985284929780474
-0.007520441587759826
-0.007049800803317793
-0.0065737419134681745
-0.006092644580311012
-0.005606888728945844
-0.00511685449597937
-0.004622922187812619
-0.004125472247888659
-0.003624885232079686
-0.0031215417913904816
-0.002615822661153661
-0.0021081086558918435
-0.0015987806690208562
-0.0010882196765681024
-5.76806744080143E-4
-6.492303589279084E-5
4.4705017406237004E-4
9.587314907422371E-4
0.0014697393865943326
0.0019796921911045045
0.002488208082119022
0.002994905079769941
0.0034994010438342115
0.004001313675357287
0.004500260523373304
0.00499585899755389
0.005487726387619061
0.005975479890342767
0.0064587366449857615
0.006937113777987293
0.00741022845774476
0.007877697960308322
0.008339139746812397
0.00879417155346092
0.00924241149487584
0.009683478181608664
0.01011699085260422
0.010542569523391223
0.01095983515075773
0.011368409814650236
0.01176791691801118
0.012157981405244038
0.012538229999963072
0.012908291462650733
0.013267796868805014
0.013616379908114583
0.01395367720514952
0.014279328661998922
0.014592977823225661
0.014894272263439909
0.015182863997718713
0.015458409915017625
0.015720572234632288
0.01596901898567194
0.016203424509405047
0.01642346998422646
0.016628843972879028
0.016819242991437323
0.016994372099430027
0.01715394551033838
0.017297687221562608
0.017425331662796938
0.01753662436159554
0.017631322624749007
0.01770919623392317
0.017770028153840392
0.01781361525110902
0.017839769021629655
0.01784831632432988
0.017839100118801167
0.017811980204236993
0.017766833956898043
0.01770355706316319
0.017622064245063657
0.017522289975044236
0.017404189176552655
0.017267737906926758
0.01711293401893126
0.016939797797194477
0.016748372565710812
0.016538725262510736
0.01631094697755677
0.016065153449904283
0.015801485520171944
