5.0865146463281175
5.173029292656235
5.259543938984352
5.34605858531247
5.432573231640587
5.519087877968705
5.605602524296822
5.69211717062494
5.778631816953057
5.8651464632811745
5.951661109609292
6.038175755937409
6.124690402265527
6.211205048593644
6.297719694921762
6.384234341249879
6.470748987577997
6.557263633906114
6.643778280234232
6.730292926562349
6.8168075728904665
6.903322219218584
6.989836865546701
7.076351511874819
7.162866158202936
7.249380804531054
7.335895450859171
7.422410097187289
7.508924743515406
7.5954393898435235
7.681954036171641
7.768468682499758
7.854983328827876
7.941497975155993
8.0
8.0
8.0
8.0
8.0
8.0
8.0
8.0
8.0
8.0
8.0
8.0
8.0
8.0
8.0
8.0
8.0
8.0
8.0
8.0
8.0
8.0
8.0
8.0
8.0
8.0
8.0
8.0
8.0
8.0
8.0
8.0
8.0
8.0
8.0
8.0
8.0
8.0
8.0
8.0
8.0
8.0
8.0
8.0
8.0
7.9134853536718825
7.826970707343765
7.740456061015648
7.65394141468753
7.567426768359413
7.480912122031295
7.394397475703178
7.30788282937506
7.221368183046943
7.1348535367188255
7.048338890390708
6.961824244062591
6.875309597734473
6.788794951406356
6.702280305078238
6.615765658750121
6.529251012422003
6.442736366093886
6.356221719765768
6.269707073437651
6.1831924271095335
6.096677780781416
6.010163134453299
5.923648488125181
5.837133841797064
5.750619195468946
5.664104549140829
5.577589902812711
5.491075256484594
5.4045606101564765
5.318045963828359
5.231531317500242
5.145016671172124
5.058502024844007
4.971987378515889
4.885472732187772
4.798958085859654
4.712443439531537
4.625928793203419
4.539414146875302
4.4528995005471845
4.366384854219067
4.27987020789095
4.193355561562832
4.106840915234715
4.020326268906597
3.93381162257848
3.8472969762503624
3.760782329922245
3.6742676835941275
3.58775303726601
3.5012383909378926
3.414723744609775
3.3282090982816577
3.2416944519535402
3.1551798056254228
3.0686651592973053
2.982150512969188
2.8956358666410704
2.809121220312953
2.7226065739848355
2.636091927656718
2.5495772813286006
2.463062635000483
2.3765479886723657
2.2900333423442483
2.203518696016131
2.1170040496880134
2.030489403359896
2.0
2.0
2.0
2.0
2.0
2.0
2.0
2.0
2.0
2.0
2.0865146463281175
2.173029292656235
2.2595439389843524
2.34605858531247
2.4325732316405873
2.5190878779687047
2.605602524296822
2.6921171706249396
2.778631816953057
2.8651464632811745
2.951661109609292
3.0381757559374094
3.124690402265527
3.2112050485936443
3.2977196949217618
3.384234341249879
3.4707489875779967
3.557263633906114
3.6437782802342316
3.730292926562349
3.8168075728904665
3.903322219218584
3.9898368655467014
4.076351511874819
4.162866158202936
4.249380804531054
4.335895450859171
4.422410097187289
4.508924743515406
4.5954393898435235
4.681954036171641
4.768468682499758
4.854983328827876
4.941497975155993
5.028012621484111
5.114527267812228
5.201041914140346
5.287556560468463
5.374071206796581
5.460585853124698
5.5471004994528155
5.633615145780933
5.72012979210905
5.806644438437168
5.893159084765285
5.979673731093403
6.06618837742152
6.152703023749638
6.239217670077755
6.3257323164058725
6.41224696273399
6.498761609062107
6.585276255390225
6.671790901718342
6.75830554804646
6.844820194374577
6.931334840702695
7.017849487030812
7.10436413335893
7.190878779687047
7.2773934260151645
7.363908072343282
7.450422718671399
7.536937364999517
7.623452011327634
7.709966657655752
7.796481303983869
7.882995950311987
7.969510596640104
8.0
8.0
8.0
8.0
8.0
8.0
8.0
8.0
8.0
7.913485353672053
7.826970707343936
7.740456061015818
7.653941414687701
7.567426768359583
7.480912122031466
7.394397475703348
7.307882829375231
7.2213681830471135
7.134853536718996
7.048338890390879
6.961824244062761
6.875309597734644
6.788794951406526
6.702280305078409
6.615765658750291
6.529251012422174
6.442736366094056
6.356221719765939
6.2697070734378215
6.183192427109704
6.096677780781587
6.010163134453469
5.923648488125352
5.837133841797234
5.750619195469117
5.664104549140999
5.577589902812882
5.4910752564847645
5.404560610156647
5.31804596382853
5.231531317500412
5.145016671172295
5.058502024844177
4.97198737851606
4.885472732187942
4.798958085859825
4.712443439531707
4.62592879320359
4.5394141468754725
4.452899500547355
4.366384854219238
4.27987020789112
4.193355561563003
4.106840915234885
4.020326268906768
3.9338116225786504
3.847296976250533
3.7607823299224155
3.674267683594298
3.5877530372661806
3.501238390938063
3.4147237446099457
3.328209098281828
3.2416944519537108
3.1551798056255933
3.068665159297476
2.9821505129693584
2.895635866641241
2.8091212203131235
2.722606573985006
2.6360919276568886
2.549577281328771
2.4630626350006537
2.3765479886725362
2.290033342344419
2.2035186960163013
2.117004049688184
2.0304894033600664
2.0
2.0
2.0
2.0
2.0
2.0
2.0
2.0
2.0
2.0
2.0865146463274833
2.1730292926556007
2.259543938983718
2.3460585853118356
2.432573231639953
2.5190878779680705
2.605602524296188
2.6921171706243054
2.778631816952423
2.8651464632805403
2.951661109608658
3.0381757559367752
3.1246904022648927
3.21120504859301
3.2977196949211276
3.384234341249245
3.4707489875773625
3.55726363390548
3.6437782802335974
3.730292926561715
3.8168075728898323
3.9033222192179498
3.989836865546067
4.076351511874185
4.162866158202302
4.2493808045304196
4.335895450858537
4.4224100971866545
4.508924743514772
4.595439389842889
4.681954036171007
4.768468682499124
4.854983328827242
4.941497975155359
5.028012621483477
5.114527267811594
5.2010419141397115
5.287556560467829
5.374071206795946
5.460585853124064
5.547100499452181
5.633615145780299
5.720129792108416
5.806644438436534
5.893159084764651
5.979673731092769
6.066188377420886
6.1527030237490035
6.239217670077121
6.325732316405238
6.412246962733356
6.498761609061473
6.585276255389591
6.671790901717708
6.758305548045826
6.844820194373943
6.9313348407020605
7.017849487030178
7.104364133358295
7.190878779686413
7.27739342601453
7.363908072342648
7.450422718670765
7.536937364998883
7.623452011327
7.709966657655118
7.796481303983235
7.8829959503113525
7.96951059663947
8.0
8.0
8.0
8.0
8.0
8.0
8.0
8.0
8.0
7.91348535367298
7.826970707344863
7.740456061016745
7.653941414688628
7.5674267683605105
7.480912122032393
7.394397475704276
7.307882829376158
7.221368183048041
7.134853536719923
7.048338890391806
6.961824244063688
6.875309597735571
6.7887949514074535
6.702280305079336
6.615765658751219
6.529251012423101
6.442736366094984
6.356221719766866
6.269707073438749
6.183192427110631
6.096677780782514
6.010163134454396
5.923648488126279
5.8371338417981615
5.750619195470044
5.664104549141927
5.577589902813809
5.491075256485692
5.404560610157574
5.318045963829457
5.231531317501339
5.145016671173222
5.0585020248451045
4.971987378516987
4.88547273218887
4.798958085860752
4.712443439532635
4.625928793204517
4.5394141468764
4.452899500548282
4.366384854220165
4.279870207892047
4.19335556156393
4.1068409152358125
4.020326268907695
3.9338116225795776
3.84729697625146
3.7607823299233427
3.6742676835952253
3.587753037267108
3.5012383909389904
3.414723744610873
3.3282090982827555
3.241694451954638
3.1551798056265206
3.068665159298403
2.9821505129702857
2.895635866642168
2.8091212203140508
2.7226065739859333
2.636091927657816
2.5495772813296984
2.463062635001581
2.3765479886734635
2.290033342345346
2.2035186960172286
2.117004049689111
2.0304894033609937
2.0
2.0
2.0
2.0
2.0
2.0
2.0
2.0
2.0
2.0
2.0865146463265813
2.173029292654699
2.2595439389828162
2.3460585853109337
2.432573231639051
2.5190878779671686
2.605602524295286
2.6921171706234035
2.778631816951521
2.8651464632796384
2.951661109607756
3.0381757559358733
3.1246904022639908
3.211205048592108
3.2977196949202257
3.384234341248343
3.4707489875764606
3.557263633904578
3.6437782802326955
3.730292926560813
3.8168075728889304
3.903322219217048
3.9898368655451653
4.076351511873282
4.1628661582014
4.249380804529517
4.335895450857635
4.422410097185752
4.5089247435138695
4.595439389841987
4.681954036170104
4.768468682498222
4.854983328826339
4.941497975154457
5.028012621482574
5.114527267810692
5.201041914138809
5.287556560466927
5.374071206795044
5.4605858531231615
5.547100499451279
5.633615145779396
5.720129792107514
5.806644438435631
5.893159084763749
5.979673731091866
6.066188377419984
6.152703023748101
6.2392176700762185
6.325732316404336
6.412246962732453
6.498761609060571
6.585276255388688
6.671790901716806
6.758305548044923
6.844820194373041
6.931334840701158
7.017849487029276
7.104364133357393
7.1908787796855105
7.277393426013628
7.363908072341745
7.450422718669863
7.53693736499798
7.623452011326098
7.709966657654215
7.796481303982333
7.88299595031045
7.9695105966385675
8.0
8.0
8.0
8.0
8.0
8.0
8.0
8.0
8.0
7.913485353673882
7.826970707345764
7.740456061017647
7.6539414146895295
7.567426768361412
7.480912122033295
7.394397475705177
7.30788282937706
7.221368183048942
7.134853536720825
7.048338890392707
6.96182424406459
6.875309597736472
6.788794951408355
6.7022803050802375
6.61576565875212
6.529251012424003
6.442736366095885
6.356221719767768
6.26970707343965
6.183192427111533
6.096677780783415
6.010163134455298
5.9236484881271805
5.837133841799063
5.750619195470946
5.664104549142828
5.577589902814711
5.491075256486593
5.404560610158476
5.318045963830358
5.231531317502241
5.145016671174123
5.058502024846006
4.9719873785178885
4.885472732189771
4.798958085861654
4.712443439533536
4.625928793205419
4.539414146877301
4.452899500549184
4.366384854221066
4.279870207892949
4.1933555615648315
4.106840915236714
4.020326268908597
3.933811622580479
3.8472969762523617
3.760782329924244
3.6742676835961268
3.5877530372680093
3.501238390939892
3.4147237446117744
3.328209098283657
3.2416944519555395
3.155179805627422
3.0686651592993046
2.982150512971187
2.8956358666430697
2.8091212203149523
2.722606573986835
2.6360919276587174
2.5495772813306
2.4630626350024825
2.376547988674365
2.2900333423462476
2.20351869601813
2.1170040496900127
2.030489403361895
2.0
2.0
2.0
2.0
2.0
2.0
2.0
2.0
2.0
2.0
2.0865146463256545
2.173029292653772
2.2595439389818894
2.346058585310007
2.4325732316381243
2.519087877966242
2.6056025242943592
2.6921171706224767
2.778631816950594
2.8651464632787116
2.951661109606829
3.0381757559349465
3.124690402263064
3.2112050485911814
3.297719694919299
3.3842343412474163
3.4707489875755337
3.557263633903651
3.6437782802317686
3.730292926559886
3.8168075728880035
3.903322219216121
3.9898368655442384
4.076351511872356
4.162866158200473
4.249380804528591
4.335895450856708
4.422410097184826
4.508924743512943
4.595439389841061
4.681954036169178
4.7684686824972955
4.854983328825413
4.94149797515353
5.028012621481648
5.114527267809765
5.201041914137883
5.287556560466
5.374071206794118
5.460585853122235
5.5471004994503526
5.63361514577847
5.7201297921065875
5.806644438434705
5.893159084762822
5.97967373109094
6.066188377419057
6.152703023747175
6.239217670075292
6.32573231640341
6.412246962731527
6.4987616090596445
6.585276255387762
6.671790901715879
6.758305548043997
6.844820194372114
6.931334840700232
7.017849487028349
7.104364133356467
7.190878779684584
7.277393426012702
7.363908072340819
7.4504227186689365
7.536937364997054
7.623452011325171
7.709966657653289
7.796481303981406
7.882995950309524
7.969510596637641
8.0
8.0
8.0
8.0
8.0
8.0
8.0
8.0
8.0
7.913485353674808
7.826970707346691
7.740456061018573
7.653941414690456
7.567426768362338
7.480912122034221
7.3943974757061035
7.307882829377986
7.221368183049869
7.134853536721751
7.048338890393634
6.961824244065516
6.875309597737399
6.788794951409281
6.702280305081164
6.6157656587530465
6.529251012424929
6.4427363660968116
6.356221719768694
6.269707073440577
6.183192427112459
6.096677780784342
6.010163134456224
5.923648488128107
5.837133841799989
5.750619195471872
5.6641045491437545
5.577589902815637
5.49107525648752
5.404560610159402
5.318045963831285
5.231531317503167
5.14501667117505
5.058502024846932
4.971987378518815
4.885472732190697
4.79895808586258
4.7124434395344625
4.625928793206345
4.539414146878228
4.45289950055011
4.366384854221993
4.279870207893875
4.193355561565758
4.10684091523764
4.020326268909523
3.9338116225814055
3.847296976253288
3.7607823299251706
3.674267683597053
3.5877530372689357
3.5012383909408182
3.414723744612701
3.3282090982845833
3.241694451956466
3.1551798056283484
3.068665159300231
2.9821505129721135
2.895635866643996
2.8091212203158786
2.722606573987761
2.6360919276596437
2.5495772813315263
2.463062635003409
2.3765479886752914
2.290033342347174
2.2035186960190565
2.117004049690939
2.0304894033628216
2.0
2.0
2.0
2.0
2.0
2.0
2.0
2.0
2.0
2.0
2.086514646324728
2.1730292926528456
2.259543938980963
2.3460585853090805
2.432573231637198
2.5190878779653154
2.605602524293433
2.6921171706215503
2.7786318169496678
2.865146463277785
2.9516611096059027
3.03817575593402
3.1246904022621376
3.211205048590255
3.2977196949183725
3.38423434124649
3.4707489875746074
3.557263633902725
3.6437782802308423
3.7302929265589597
3.816807572887077
3.9033222192151946
3.989836865543312
4.0763515118714295
4.162866158199547
4.249380804527664
4.335895450855782
4.422410097183899
4.508924743512017
4.595439389840134
4.681954036168252
4.768468682496369
4.854983328824487
4.941497975152604
5.0280126214807215
5.114527267808839
5.201041914136956
5.287556560465074
5.374071206793191
5.460585853121309
5.547100499449426
5.633615145777544
5.720129792105661
5.8066444384337785
5.893159084761896
5.979673731090013
6.066188377418131
6.152703023746248
6.239217670074366
6.325732316402483
6.412246962730601
6.498761609058718
6.585276255386836
6.671790901714953
6.7583055480430705
6.844820194371188
6.931334840699305
7.017849487027423
7.10436413335554
7.190878779683658
7.277393426011775
7.363908072339893
7.45042271866801
7.5369373649961275
7.623452011324245
7.709966657652362
7.79648130398048
7.882995950308597
7.969510596636715
8.0
8.0
8.0
8.0
8.0
8.0
8.0
8.0
8.0
7.9134853536757355
7.826970707347618
7.740456061019501
7.653941414691383
7.567426768363266
7.480912122035148
7.394397475707031
7.307882829378913
7.221368183050796
7.134853536722678
7.048338890394561
6.9618242440664435
6.875309597738326
6.788794951410209
6.702280305082091
6.615765658753974
6.529251012425856
6.442736366097739
6.356221719769621
6.269707073441504
6.1831924271133865
6.096677780785269
6.010163134457152
5.923648488129034
5.837133841800917
5.750619195472799
5.664104549144682
5.577589902816564
5.491075256488447
5.404560610160329
5.318045963832212
5.2315313175040945
5.145016671175977
5.05850202484786
4.971987378519742
4.885472732191625
4.798958085863507
4.71244343953539
4.625928793207272
4.539414146879155
4.4528995005510374
4.36638485422292
4.2798702078948025
4.193355561566685
4.106840915238568
4.02032626891045
3.9338116225823327
3.8472969762542153
3.760782329926098
3.6742676835979804
3.587753037269863
3.5012383909417455
3.414723744613628
3.3282090982855106
3.241694451957393
3.1551798056292757
3.0686651593011582
2.982150512973041
2.8956358666449233
2.809121220316806
2.7226065739886884
2.636091927660571
2.5495772813324535
2.463062635004336
2.3765479886762186
2.290033342348101
2.2035186960199837
2.1170040496918663
2.030489403363749
2.0
2.0
2.0
2.0
2.0
2.0
2.0
2.0
2.0
2.0
2.0865146463238258
2.1730292926519432
2.2595439389800607
2.346058585308178
2.4325732316362956
2.519087877964413
2.6056025242925305
2.692117170620648
2.7786318169487654
2.865146463276883
2.9516611096050003
3.0381757559331177
3.124690402261235
3.2112050485893526
3.29771969491747
3.3842343412455875
3.470748987573705
3.5572636339018224
3.64377828022994
3.7302929265580573
3.816807572886175
3.9033222192142922
3.9898368655424097
4.076351511870527
4.162866158198645
4.249380804526762
4.3358954508548795
4.422410097182997
4.508924743511114
4.595439389839232
4.681954036167349
4.768468682495467
4.854983328823584
4.941497975151702
5.028012621479819
5.1145272678079365
5.201041914136054
5.287556560464171
5.374071206792289
5.460585853120406
5.547100499448524
5.633615145776641
5.720129792104759
5.806644438432876
5.893159084760994
5.979673731089111
6.0661883774172285
6.152703023745346
6.239217670073463
6.325732316401581
6.412246962729698
6.498761609057816
6.585276255385933
6.671790901714051
6.758305548042168
6.8448201943702855
6.931334840698403
7.0178494870265204
7.104364133354638
7.190878779682755
7.277393426010873
7.36390807233899
7.450422718667108
7.536937364995225
7.623452011323343
7.70996665765146
7.7964813039795775
7.882995950307695
7.969510596635812
8.0
8.0
8.0
8.0
8.0
8.0
8.0
8.0
8.0
8.0
7.913485353676662
7.826970707348544
7.740456061020427
7.6539414146923095
7.567426768364192
7.480912122036075
7.394397475707957
7.30788282937984
7.221368183051722
7.134853536723605
7.048338890395487
6.96182424406737
6.875309597739252
6.788794951411135
6.7022803050830175
6.6157656587549
6.529251012426783
6.442736366098665
6.356221719770548
6.26970707344243
6.183192427114313
6.096677780786195
6.010163134458078
5.9236484881299605
5.837133841801843
5.750619195473726
5.664104549145608
5.577589902817491
5.491075256489373
5.404560610161256
5.318045963833138
5.231531317505021
5.145016671176903
5.058502024848786
4.9719873785206685
4.885472732192551
4.798958085864434
4.712443439536316
4.625928793208199
4.539414146880081
4.452899500551964
4.366384854223846
4.279870207895729
4.1933555615676115
4.106840915239494
4.020326268911377
3.933811622583259
3.8472969762551417
3.760782329927024
3.6742676835989068
3.5877530372707893
3.501238390942672
3.4147237446145544
3.328209098286437
3.2416944519583195
3.155179805630202
3.0686651593020846
2.982150512973967
2.8956358666458497
2.8091212203177323
2.722606573989615
2.6360919276614974
2.54957728133338
2.4630626350052625
2.376547988677145
2.2900333423490276
2.20351869602091
2.1170040496927927
2.030489403364675
2.0
2.0
2.0
2.0
2.0
2.0
2.0
2.0
2.0
2.0865146463228994
2.173029292651017
2.2595439389791343
2.3460585853072518
2.432573231635369
2.5190878779634867
2.605602524291604
2.6921171706197216
2.778631816947839
2.8651464632759565
2.951661109604074
3.0381757559321914
3.124690402260309
3.2112050485884263
3.2977196949165437
3.384234341244661
3.4707489875727786
3.557263633900896
3.6437782802290135
3.730292926557131
3.8168075728852484
3.903322219213366
3.9898368655414833
4.076351511869601
4.162866158197718
4.249380804525836
4.335895450853953
4.422410097182071
4.508924743510188
4.5954393898383055
4.681954036166423
4.76846868249454
4.854983328822658
4.941497975150775
5.028012621478893
5.11452726780701
5.201041914135128
5.287556560463245
5.3740712067913625
5.46058585311948
5.547100499447597
5.633615145775715
5.720129792103832
5.80664443843195
5.893159084760067
5.979673731088185
6.066188377416302
6.15270302374442
6.239217670072537
6.3257323164006545
6.412246962728772
6.498761609056889
6.585276255385007
6.671790901713124
6.758305548041242
6.844820194369359
6.931334840697477
7.017849487025594
7.1043641333537115
7.190878779681829
7.277393426009946
7.363908072338064
7.450422718666181
7.536937364994299
7.623452011322416
7.709966657650534
7.796481303978651
7.882995950306769
7.969510596634886
8.0
8.0
8.0
8.0
8.0
8.0
8.0
8.0
8.0
8.0
7.913485353677539
7.826970707349422
7.7404560610213045
7.653941414693187
7.56742676836507
7.480912122036952
7.394397475708835
7.307882829380717
7.2213681830526
7.134853536724482
7.048338890396365
6.961824244068247
6.87530959774013
6.7887949514120125
6.702280305083895
6.615765658755778
6.52925101242766
6.442736366099543
6.356221719771425
6.269707073443308
6.18319242711519
6.096677780787073
6.0101631344589554
5.923648488130838
5.8371338418027205
5.750619195474603
5.664104549146486
5.577589902818368
5.491075256490251
5.404560610162133
5.318045963834016
5.231531317505898
5.145016671177781
5.0585020248496635
4.971987378521546
4.885472732193429
4.798958085865311
4.712443439537194
4.625928793209076
4.539414146880959
4.452899500552841
4.366384854224724
4.279870207896606
4.193355561568489
4.1068409152403715
4.020326268912254
3.9338116225841366
3.847296976256019
3.7607823299279017
3.6742676835997843
3.587753037271667
3.5012383909435494
3.414723744615432
3.3282090982873145
3.241694451959197
3.1551798056310796
3.068665159302962
2.9821505129748447
2.8956358666467272
2.80912122031861
2.7226065739904923
2.636091927662375
2.5495772813342574
2.46306263500614
2.3765479886780225
2.290033342349905
2.2035186960217876
2.11700404969367
2.0304894033655527
2.0
2.0
2.0
2.0
2.0
2.0
2.0
2.0
2.0
2.086514646321973
2.1730292926500905
2.259543938978208
2.3460585853063254
2.432573231634443
2.5190878779625603
2.6056025242906777
2.692117170618795
2.7786318169469126
2.86514646327503
2.9516611096031475
3.038175755931265
3.1246904022593824
3.2112050485875
3.2977196949156173
3.384234341243735
3.4707489875718522
3.5572636338999697
3.643778280228087
3.7302929265562046
3.816807572884322
3.9033222192124395
3.989836865540557
4.076351511868674
4.162866158196792
4.249380804524909
4.335895450853027
4.422410097181144
4.508924743509262
4.595439389837379
4.6819540361654965
4.768468682493614
4.8549833288217314
4.941497975149849
5.028012621477966
5.114527267806084
5.201041914134201
5.287556560462319
5.374071206790436
5.460585853118554
5.547100499446671
5.6336151457747885
5.720129792102906
5.806644438431023
5.893159084759141
5.979673731087258
6.066188377415376
6.152703023743493
6.239217670071611
6.325732316399728
6.412246962727846
6.498761609055963
6.5852762553840805
6.671790901712198
6.758305548040315
6.844820194368433
6.93133484069655
7.017849487024668
7.104364133352785
7.190878779680903
7.27739342600902
7.3639080723371375
7.450422718665255
7.536937364993372
7.62345201132149
7.709966657649607
7.796481303977725
7.882995950305842
7.96951059663396
8.0
8.0
8.0
8.0
8.0
8.0
8.0
8.0
8.0
8.0
7.913485353678466
7.826970707350348
7.740456061022231
7.653941414694113
7.567426768365996
7.4809121220378785
7.394397475709761
7.307882829381644
7.221368183053526
7.134853536725409
7.048338890397291
6.961824244069174
6.875309597741056
6.788794951412939
6.702280305084821
6.615765658756704
6.5292510124285865
6.442736366100469
6.356221719772352
6.269707073444234
6.183192427116117
6.096677780787999
6.010163134459882
5.923648488131764
5.837133841803647
5.7506191954755295
5.664104549147412
5.577589902819295
5.491075256491177
5.40456061016306
5.318045963834942
5.231531317506825
5.145016671178707
5.05850202485059
4.971987378522472
4.885472732194355
4.7989580858662375
4.71244343953812
4.625928793210003
4.539414146881885
4.452899500553768
4.36638485422565
4.279870207897533
4.193355561569415
4.106840915241298
4.0203262689131805
3.933811622585063
3.8472969762569456
3.760782329928828
3.6742676836007107
3.587753037272593
3.5012383909444758
3.4147237446163583
3.328209098288241
3.2416944519601234
3.155179805632006
3.0686651593038885
2.982150512975771
2.8956358666476536
2.809121220319536
2.7226065739914187
2.6360919276633012
2.549577281335184
2.4630626350070663
2.376547988678949
2.2900333423508314
2.203518696022714
2.1170040496945965
2.030489403366479
2.0
2.0
2.0
2.0
2.0
2.0
2.0
2.0
2.0
2.086514646321046
2.1730292926491637
2.259543938977281
2.3460585853053986
2.432573231633516
2.5190878779616335
2.605602524289751
2.6921171706178684
2.778631816945986
2.8651464632741033
2.9516611096022207
3.038175755930338
3.1246904022584556
3.211205048586573
3.2977196949146905
3.384234341242808
3.4707489875709254
3.557263633899043
3.6437782802271603
3.7302929265552778
3.8168075728833952
3.9033222192115127
3.98983686553963
4.076351511867747
4.162866158195865
4.249380804523982
4.3358954508520995
4.422410097180217
4.508924743508334
4.595439389836452
4.681954036164569
4.768468682492687
4.854983328820804
4.941497975148922
5.028012621477039
5.1145272678051565
5.201041914133274
5.287556560461391
5.374071206789509
5.460585853117626
5.547100499445744
5.633615145773861
5.720129792101979
5.806644438430096
5.893159084758214
5.979673731086331
6.0661883774144485
6.152703023742566
6.239217670070683
6.325732316398801
6.412246962726918
6.498761609055036
6.585276255383153
6.671790901711271
6.758305548039388
6.8448201943675056
6.931334840695623
7.0178494870237405
7.104364133351858
7.190878779679975
7.277393426008093
7.36390807233621
7.450422718664328
7.536937364992445
7.623452011320563
7.70996665764868
7.7964813039767975
7.882995950304915
7.969510596633032
8.0
8.0
8.0
8.0
8.0
8.0
8.0
8.0
8.0
8.0
7.913485353679392
7.826970707351275
7.740456061023157
7.65394141469504
7.567426768366922
7.480912122038805
7.394397475710687
7.30788282938257
7.2213681830544525
7.134853536726335
7.048338890398218
6.9618242440701
6.875309597741983
6.788794951413865
6.702280305085748
6.61576565875763
6.529251012429513
6.442736366101395
6.356221719773278
6.2697070734451605
6.183192427117043
6.096677780788926
6.010163134460808
5.923648488132691
5.837133841804573
5.750619195476456
5.664104549148338
5.577589902820221
5.4910752564921035
5.404560610163986
5.318045963835869
5.231531317507751
5.145016671179634
5.058502024851516
4.971987378523399
4.885472732195281
4.798958085867164
4.712443439539046
4.625928793210929
4.5394141468828115
4.452899500554694
4.366384854226577
4.279870207898459
4.193355561570342
4.106840915242224
4.020326268914107
3.9338116225859894
3.847296976257872
3.7607823299297545
3.674267683601637
3.5877530372735196
3.501238390945402
3.4147237446172847
3.3282090982891672
3.2416944519610498
3.1551798056329323
3.068665159304815
2.9821505129766974
2.89563586664858
2.8091212203204625
2.722606573992345
2.6360919276642276
2.54957728133611
2.4630626350079927
2.3765479886798753
2.290033342351758
2.2035186960236404
2.117004049695523
2.0304894033674055
2.0
2.0
2.0
2.0
2.0
2.0
2.0
2.0
2.0
2.08651464632012
2.1730292926482373
2.2595439389763547
2.346058585304472
2.4325732316325896
2.519087877960707
2.6056025242888246
2.692117170616942
2.7786318169450595
2.865146463273177
2.9516611096012944
3.038175755929412
3.1246904022575293
3.2112050485856467
3.297719694913764
3.3842343412418816
3.470748987569999
3.5572636338981165
3.643778280226234
3.7302929265543514
3.816807572882469
3.9033222192105863
3.9898368655387038
4.076351511866821
4.162866158194938
4.249380804523056
4.335895450851173
4.422410097179291
4.508924743507408
4.5954393898355255
4.681954036163643
4.76846868249176
4.854983328819878
4.941497975147995
5.028012621476113
5.11452726780423
5.201041914132348
5.287556560460465
5.3740712067885825
5.4605858531167
5.547100499444817
5.633615145772935
5.720129792101052
5.80664443842917
5.893159084757287
5.979673731085405
6.066188377413522
6.15270302374164
6.239217670069757
6.3257323163978745
6.412246962725992
6.498761609054109
6.585276255382227
6.671790901710344
6.758305548038462
6.844820194366579
6.931334840694697
7.017849487022814
7.1043641333509315
7.190878779679049
7.277393426007166
7.363908072335284
7.450422718663401
7.536937364991519
7.623452011319636
7.709966657647754
7.796481303975871
7.882995950303989
7.969510596632106
8.0
8.0
8.0
8.0
8.0
8.0
8.0
8.0
8.0
8.0
7.913485353677929
7.826970707349812
7.740456061021694
7.653941414693577
7.5674267683654595
7.480912122037342
7.394397475709225
7.307882829381107
7.22136818305299
7.134853536724872
7.048338890396755
6.961824244068637
6.87530959774052
6.788794951412402
6.702280305084285
6.6157656587561675
6.52925101242805
6.442736366099933
6.356221719771815
6.269707073443698
6.18319242711558
6.096677780787463
6.010163134459345
5.923648488131228
5.8371338418031105
5.750619195474993
5.6641045491468756
5.577589902818758
5.491075256490641
5.404560610162523
5.318045963834406
5.231531317506288
5.145016671178171
5.058502024850053
4.971987378521936
4.8854727321938185
4.798958085865701
4.712443439537584
4.625928793209466
4.539414146881349
4.452899500553231
4.366384854225114
4.279870207896996
4.193355561568879
4.1068409152407614
4.020326268912644
3.9338116225845265
3.847296976256409
3.7607823299282916
3.674267683600174
3.5877530372720567
3.5012383909439393
3.414723744615822
3.3282090982877044
3.241694451959587
3.1551798056314695
3.068665159303352
2.9821505129752346
2.895635866647117
2.8091212203189997
2.7226065739908822
2.636091927662765
2.5495772813346473
2.46306263500653
2.3765479886784124
2.290033342350295
2.2035186960221775
2.11700404969406
2.0304894033659426
2.0
2.0
2.0
2.0
2.0
2.0
2.0
2.0
2.0
2.0865146463253863
2.1730292926535038
2.259543938981621
2.3460585853097387
2.432573231637856
2.5190878779659736
2.605602524294091
2.6921171706222085
2.778631816950326
2.8651464632784434
2.951661109606561
3.0381757559346783
3.1246904022627957
3.211205048590913
3.2977196949190306
3.384234341247148
3.4707489875752655
3.557263633903383
3.6437782802315004
3.730292926559618
3.8168075728877353
3.9033222192158528
3.98983686554397
4.076351511872088
4.162866158200205
4.249380804528323
4.33589545085644
4.4224100971845575
4.508924743512675
4.595439389840792
4.68195403616891
4.768468682497027
4.854983328825145
4.941497975153262
5.02801262148138
5.114527267809497
5.2010419141376145
5.287556560465732
5.374071206793849
5.460585853121967
5.547100499450084
5.633615145778202
5.720129792106319
5.806644438434437
5.893159084762554
5.979673731090672
6.066188377418789
6.1527030237469065
6.239217670075024
6.325732316403141
6.412246962731259
6.498761609059376
6.585276255387494
6.671790901715611
6.758305548043729
6.844820194371846
6.9313348406999635
7.017849487028081
7.104364133356198
7.190878779684316
7.277393426012433
7.363908072340551
7.450422718668668
7.536937364996786
7.623452011324903
7.709966657653021
7.796481303981138
7.8829959503092555
7.969510596637373
8.0
8.0
8.0
8.0
8.0
8.0
8.0
8.0
8.0
8.0
7.9134853536718825
7.826970707343765
7.740456061015648
7.65394141468753
7.567426768359413
7.480912122031295
7.394397475703178
7.30788282937506
7.221368183046943
7.1348535367188255
7.048338890390708
6.961824244062591
6.875309597734473
6.788794951406356
6.702280305078238
6.615765658750121
6.529251012422003
6.442736366093886
6.356221719765768
6.269707073437651
6.1831924271095335
6.096677780781416
6.010163134453299
5.923648488125181
5.837133841797064
5.750619195468946
5.664104549140829
5.577589902812711
5.491075256484594
5.4045606101564765
5.318045963828359
5.231531317500242
5.145016671172124
5.058502024844007
4.971987378515889
4.885472732187772
4.798958085859654
4.712443439531537
4.625928793203419
4.539414146875302
4.4528995005471845
4.366384854219067
4.27987020789095
4.193355561562832
4.106840915234715
4.020326268906597
3.93381162257848
3.8472969762503624
3.760782329922245
3.6742676835941275
3.58775303726601
3.5012383909378926
3.414723744609775
3.3282090982816577
3.2416944519535402
3.1551798056254228
3.0686651592973053
2.982150512969188
2.8956358666410704
2.809121220312953
2.7226065739848355
2.636091927656718
2.5495772813286006
2.463062635000483
2.3765479886723657
2.2900333423442483
2.203518696016131
2.1170040496880134
2.030489403359896
2.0
2.0
2.0
2.0
2.0
2.0
2.0
2.0
2.0
2.0865146463281175
2.173029292656235
2.2595439389843524
2.34605858531247
2.4325732316405873
2.5190878779687047
2.605602524296822
2.6921171706249396
2.778631816953057
2.8651464632811745
2.951661109609292
3.0381757559374094
3.124690402265527
3.2112050485936443
3.2977196949217618
