4.940821079801189
4.881642159602379
4.822463239403568
4.763284319204757
4.704105399005947
4.644926478807136
4.585747558608325
4.526568638409515
4.467389718210704
4.408210798011893
4.349031877813083
4.289852957614272
4.230674037415461
4.171495117216651
4.11231619701784
4.0531372768190295
3.9939583566202193
3.934779436421409
3.875600516222599
3.8164215960237886
3.7572426758249784
3.698063755626168
3.638884835427358
3.5797059152285478
3.5205269950297375
3.4613480748309273
3.402169154632117
3.342990234433307
3.2838113142344967
3.2246323940356865
3.1654534738368763
3.106274553638066
3.047095633439256
2.9879167132404456
2.9287377930416354
2.869558872842825
2.810379952644015
2.7512010324452048
2.6920221122463945
2.6328431920475843
2.573664271848774
2.514485351649964
2.4553064314511537
2.3961275112523435
2.3369485910535333
2.277769670854723
2.218590750655913
2.1594118304571026
2.1002329102582924
2.041053990059482
2.0
2.0
2.0
2.0
2.0
2.0
2.0
2.0
2.0
2.0
2.0
2.0
2.0
2.0
2.0
2.0
2.0
2.0
2.0
2.0
2.0
2.0
2.0
2.0
2.0
2.0
2.0
2.0
2.0
2.0438623951355974
2.087724790271195
2.1315871854067923
2.1754495805423897
2.219311975677987
2.2631743708135845
2.307036765949182
2.3508991610847794
2.394761556220377
2.438623951355974
2.4824863464915716
2.526348741627169
2.5702111367627665
2.614073531898364
2.6579359270339613
2.7017983221695587
2.745660717305156
2.7895231124407536
2.833385507576351
2.8772479027119484
2.921110297847546
2.9649726929831433
3.0088350881187407
3.052697483254338
3.0965598783899355
3.140422273525533
3.1842846686611304
3.228147063796728
3.272009458932325
3.3158718540679226
3.35973424920352
3.4035966443391175
3.447459039474715
3.4913214346103123
3.5351838297459097
3.579046224881507
3.6229086200171046
3.666771015152702
3.7106334102882994
3.754495805423897
3.7983582005594942
3.8422205956950917
3.886082990830689
3.9299453859662865
3.973807781101884
4.017670176237481
4.061532571373079
4.105394966508677
4.149257361644275
4.193119756779873
4.236982151915471
4.2808445470510685
4.324706942186666
4.368569337322264
4.412431732457862
4.45629412759346
4.500156522729058
4.544018917864656
4.587881313000254
4.6317437081358515
4.675606103271449
4.719468498407047
4.763330893542645
4.807193288678243
4.851055683813841
4.894918078949439
4.9387804740850365
4.982642869220634
5.026505264356232
5.07036765949183
5.114230054627428
5.158092449763026
5.201954844898624
5.245817240034222
5.289679635169819
5.333542030305417
5.377404425441015
5.421266820576613
5.465129215712194
5.405950295513383
5.346771375314573
5.287592455115762
5.228413534916951
5.169234614718141
5.11005569451933
5.050876774320519
4.991697854121709
4.932518933922898
4.873340013724087
4.814161093525277
4.754982173326466
4.6958032531276555
4.636624332928845
4.577445412730034
4.5182664925312235
4.459087572332413
4.399908652133602
4.3407297319347915
4.281550811735981
4.22237189153717
4.1631929713383595
4.104014051139549
4.044835130940738
3.985656210741928
3.926477290543118
3.8672983703443076
3.8081194501454974
3.748940529946687
3.689761609747877
3.6305826895490667
3.5714037693502565
3.5122248491514463
3.453045928952636
3.393867008753826
3.3346880885550156
3.2755091683562054
3.216330248157395
3.157151327958585
3.097972407759775
3.0387934875609646
2.9796145673621544
2.920435647163344
2.861256726964534
2.8020778067657237
2.7428988865669135
2.6837199663681033
2.624541046169293
2.565362125970483
2.5061832057716726
2.4470042855728624
2.387825365374052
2.328646445175242
2.269467524976432
2.2102886047776216
2.1511096845788114
2.091930764380001
2.032751844181191
2.0
2.0
2.0
2.0
2.0
2.0
2.0
2.0
2.0
2.0
2.0
2.0
2.0
2.0
2.0
2.0
2.0
2.0
2.0
2.0
2.0438623951355024
2.0877247902711
2.1315871854066972
2.1754495805422946
2.219311975677892
2.2631743708134895
2.307036765949087
2.3508991610846843
2.3947615562202818
2.438623951355879
2.4824863464914766
2.526348741627074
2.5702111367626714
2.614073531898269
2.6579359270338663
2.7017983221694637
2.745660717305061
2.7895231124406585
2.833385507576256
2.8772479027118534
2.921110297847451
2.964972692983048
3.0088350881186456
3.052697483254243
3.0965598783898405
3.140422273525438
3.1842846686610353
3.2281470637966327
3.27200945893223
3.3158718540678276
3.359734249203425
3.4035966443390224
3.44745903947462
3.4913214346102173
3.5351838297458147
3.579046224881412
3.6229086200170095
3.666771015152607
3.7106334102882044
3.754495805423802
3.798358200559399
3.8422205956949966
3.886082990830594
3.9299453859661915
3.973807781101789
4.017670176237386
4.061532571372984
4.105394966508582
4.14925736164418
4.193119756779778
4.236982151915376
4.2808445470509735
4.324706942186571
4.368569337322169
4.412431732457767
4.456294127593365
4.500156522728963
4.544018917864561
4.587881313000159
4.631743708135756
4.675606103271354
4.719468498406952
4.76333089354255
4.807193288678148
4.851055683813746
4.894918078949344
4.9387804740849415
4.982642869220539
5.026505264356137
5.070367659491735
5.114230054627333
5.158092449762931
5.201954844898529
5.2458172400341265
5.289679635169724
5.333542030305322
5.37740442544092
5.421266820576518
5.465129215712116
5.40595029551366
5.346771375314849
5.287592455116038
5.228413534917228
5.169234614718417
5.110055694519606
5.050876774320796
4.991697854121985
4.932518933923174
4.873340013724364
4.814161093525553
4.754982173326742
4.695803253127932
4.636624332929121
4.57744541273031
4.5182664925315
4.459087572332689
4.399908652133878
4.340729731935068
4.281550811736257
4.222371891537446
4.163192971338636
4.104014051139825
4.044835130941014
3.985656210742204
3.926477290543394
3.867298370344584
3.8081194501457736
3.7489405299469634
3.689761609748153
3.630582689549343
3.5714037693505327
3.5122248491517225
3.4530459289529123
3.393867008754102
3.334688088555292
3.2755091683564816
3.2163302481576714
3.157151327958861
3.097972407760051
3.038793487561241
2.9796145673624306
2.9204356471636204
2.86125672696481
2.802077806766
2.7428988865671897
2.6837199663683795
2.6245410461695693
2.565362125970759
2.506183205771949
2.4470042855731386
2.3878253653743284
2.328646445175518
2.269467524976708
2.210288604777898
2.1511096845790876
2.0919307643802774
2.032751844181467
2.0
2.0
2.0
2.0
2.0
2.0
2.0
2.0
2.0
2.0
2.0
2.0
2.0
2.0
2.0
2.0
2.0
2.0
2.0
2.0
2.0438623951349855
2.087724790270583
2.1315871854061803
2.1754495805417777
2.219311975677375
2.2631743708129726
2.30703676594857
2.3508991610841674
2.394761556219765
2.4386239513553623
2.4824863464909597
2.526348741626557
2.5702111367621545
2.614073531897752
2.6579359270333494
2.7017983221689468
2.745660717304544
2.7895231124401416
2.833385507575739
2.8772479027113365
2.921110297846934
2.9649726929825313
3.0088350881181287
3.052697483253726
3.0965598783893236
3.140422273524921
3.1842846686605184
3.228147063796116
3.2720094589317132
3.3158718540673107
3.359734249202908
3.4035966443385055
3.447459039474103
3.4913214346097003
3.5351838297452978
3.579046224880895
3.6229086200164926
3.66677101515209
3.7106334102876875
3.754495805423285
3.7983582005588823
3.8422205956944797
3.886082990830077
3.9299453859656746
3.973807781101272
4.017670176236869
4.061532571372467
4.105394966508065
4.149257361643663
4.193119756779261
4.236982151914859
4.280844547050457
4.3247069421860544
4.368569337321652
4.41243173245725
4.456294127592848
4.500156522728446
4.544018917864044
4.587881312999642
4.6317437081352395
4.675606103270837
4.719468498406435
4.763330893542033
4.807193288677631
4.851055683813229
4.894918078948827
4.9387804740844246
4.982642869220022
5.02650526435562
5.070367659491218
5.114230054626816
5.158092449762414
5.201954844898012
5.24581724003361
5.2896796351692075
5.333542030304805
5.377404425440403
5.421266820576001
5.465129215711599
5.405950295513645
5.346771375314835
5.287592455116024
5.228413534917213
5.169234614718403
5.110055694519592
5.050876774320781
4.991697854121971
4.93251893392316
4.873340013724349
4.814161093525539
4.754982173326728
4.6958032531279175
4.636624332929107
4.577445412730296
4.5182664925314855
4.459087572332675
4.399908652133864
4.3407297319350535
4.281550811736243
4.222371891537432
4.1631929713386215
4.104014051139811
4.044835130941
3.98565621074219
3.92647729054338
3.8672983703445696
3.8081194501457594
3.748940529946949
3.689761609748139
3.6305826895493287
3.5714037693505185
3.5122248491517083
3.453045928952898
3.393867008754088
3.3346880885552777
3.2755091683564674
3.2163302481576572
3.157151327958847
3.097972407760037
3.0387934875612266
2.9796145673624164
2.920435647163606
2.861256726964796
2.8020778067659857
2.7428988865671755
2.6837199663683653
2.624541046169555
2.565362125970745
2.5061832057719347
2.4470042855731244
2.3878253653743142
2.328646445175504
2.269467524976694
2.2102886047778836
2.1511096845790734
2.091930764380263
2.032751844181453
2.0
2.0
2.0
2.0
2.0
2.0
2.0
2.0
2.0
2.0
2.0
2.0
2.0
2.0
2.0
2.0
2.0
2.0
2.0
2.0
2.0438623951344823
2.0877247902700797
2.131587185405677
2.1754495805412746
2.219311975676872
2.2631743708124694
2.307036765948067
2.3508991610836643
2.3947615562192617
2.438623951354859
2.4824863464904565
2.526348741626054
2.5702111367616514
2.614073531897249
2.657935927032846
2.7017983221684436
2.745660717304041
2.7895231124396385
2.833385507575236
2.8772479027108333
2.9211102978464307
2.964972692982028
3.0088350881176256
3.052697483253223
3.0965598783888204
3.140422273524418
3.1842846686600152
3.2281470637956127
3.27200945893121
3.3158718540668075
3.359734249202405
3.4035966443380024
3.4474590394735998
3.491321434609197
3.5351838297447946
3.579046224880392
3.6229086200159895
3.666771015151587
3.7106334102871843
3.7544958054227817
3.798358200558379
3.8422205956939766
3.886082990829574
3.9299453859651714
3.973807781100769
4.017670176236367
4.0615325713719646
4.105394966507562
4.14925736164316
4.193119756778758
4.236982151914356
4.280844547049954
4.324706942185552
4.36856933732115
4.4124317324567475
4.456294127592345
4.500156522727943
4.544018917863541
4.587881312999139
4.631743708134737
4.675606103270335
4.7194684984059325
4.76333089354153
4.807193288677128
4.851055683812726
4.894918078948324
4.938780474083922
4.98264286921952
5.026505264355118
5.070367659490715
5.114230054626313
5.158092449761911
5.201954844897509
5.245817240033107
5.289679635168705
5.333542030304303
5.3774044254399005
5.421266820575498
5.465129215711096
5.40595029551366
5.346771375314849
5.287592455116038
5.228413534917228
5.169234614718417
5.110055694519606
5.050876774320796
4.991697854121985
4.932518933923174
4.873340013724364
4.814161093525553
4.754982173326742
4.695803253127932
4.636624332929121
4.57744541273031
4.5182664925315
4.459087572332689
4.399908652133878
4.340729731935068
4.281550811736257
4.222371891537446
4.163192971338636
4.104014051139825
4.044835130941014
3.985656210742204
3.926477290543394
3.867298370344584
3.8081194501457736
3.7489405299469634
3.689761609748153
3.630582689549343
3.5714037693505327
3.5122248491517225
3.4530459289529123
3.393867008754102
3.334688088555292
3.2755091683564816
3.2163302481576714
3.157151327958861
3.097972407760051
3.038793487561241
2.9796145673624306
2.9204356471636204
2.86125672696481
2.802077806766
2.7428988865671897
2.6837199663683795
2.6245410461695693
2.565362125970759
2.506183205771949
2.4470042855731386
2.3878253653743284
2.328646445175518
2.269467524976708
2.210288604777898
2.1511096845790876
2.0919307643802774
2.032751844181467
2.0
2.0
2.0
2.0
2.0
2.0
2.0
2.0
2.0
2.0
2.0
2.0
2.0
2.0
2.0
2.0
2.0
2.0
2.0
2.0
2.043862395133965
2.0877247902695624
2.13158718540516
2.175449580540757
2.2193119756763546
2.263174370811952
2.3070367659475495
2.350899161083147
2.3947615562187443
2.4386239513543417
2.482486346489939
2.5263487416255366
2.570211136761134
2.6140735318967314
2.657935927032329
2.7017983221679263
2.7456607173035237
2.789523112439121
2.8333855075747185
2.877247902710316
2.9211102978459134
2.964972692981511
3.008835088117108
3.0526974832527056
3.096559878388303
3.1404222735239005
3.184284668659498
3.2281470637950953
3.2720094589306927
3.31587185406629
3.3597342492018876
3.403596644337485
3.4474590394730824
3.49132143460868
3.5351838297442773
3.5790462248798747
3.622908620015472
3.6667710151510695
3.710633410286667
3.7544958054222644
3.7983582005578618
3.842220595693459
3.8860829908290566
3.929945385964654
3.9738077811002515
4.017670176235849
4.061532571371447
4.105394966507045
4.1492573616426425
4.19311975677824
4.236982151913838
4.280844547049436
4.324706942185034
4.368569337320632
4.41243173245623
4.4562941275918275
4.500156522727425
4.544018917863023
4.587881312998621
4.631743708134219
4.675606103269817
4.719468498405415
4.763330893541013
4.80719328867661
4.851055683812208
4.894918078947806
4.938780474083404
4.982642869219002
5.0265052643546
5.070367659490198
5.1142300546257955
5.158092449761393
5.201954844896991
5.245817240032589
5.289679635168187
5.333542030303785
5.377404425439383
5.4212668205749805
5.465129215710578
5.405950295513659
5.346771375314848
5.287592455116037
5.228413534917227
5.169234614718416
5.110055694519605
5.050876774320795
4.991697854121984
4.932518933923173
4.873340013724363
4.814161093525552
4.7549821733267414
4.695803253127931
4.63662433292912
4.5774454127303095
4.518266492531499
4.459087572332688
4.3999086521338775
4.340729731935067
4.281550811736256
4.2223718915374455
4.163192971338635
4.104014051139824
4.0448351309410135
3.9856562107422033
3.926477290543393
3.867298370344583
3.8081194501457727
3.7489405299469625
3.6897616097481523
3.630582689549342
3.571403769350532
3.5122248491517216
3.4530459289529114
3.393867008754101
3.334688088555291
3.2755091683564808
3.2163302481576705
3.1571513279588603
3.09797240776005
3.03879348756124
2.9796145673624297
2.9204356471636195
2.8612567269648093
2.802077806765999
2.742898886567189
2.6837199663683786
2.6245410461695684
2.565362125970758
2.506183205771948
2.4470042855731378
2.3878253653743275
2.3286464451755173
2.269467524976707
2.210288604777897
2.1511096845790867
2.0919307643802765
2.0327518441814663
2.0
2.0
2.0
2.0
2.0
2.0
2.0
2.0
2.0
2.0
2.0
2.0
2.0
2.0
2.0
2.0
2.0
2.0
2.0
2.0
2.043862395133448
2.0877247902690454
2.131587185404643
2.1754495805402403
2.2193119756758377
2.263174370811435
2.3070367659470326
2.35089916108263
2.3947615562182274
2.438623951353825
2.4824863464894222
2.5263487416250197
2.570211136760617
2.6140735318962145
2.657935927031812
2.7017983221674093
2.7456607173030068
2.789523112438604
2.8333855075742016
2.877247902709799
2.9211102978453964
2.964972692980994
3.0088350881165913
3.0526974832521887
3.096559878387786
3.1404222735233835
3.184284668658981
3.2281470637945784
3.272009458930176
3.3158718540657732
3.3597342492013706
3.403596644336968
3.4474590394725655
3.491321434608163
3.5351838297437603
3.5790462248793578
3.622908620014955
3.6667710151505526
3.71063341028615
3.7544958054217474
3.798358200557345
3.8422205956929423
3.8860829908285397
3.929945385964137
3.9738077810997345
4.017670176235332
4.06153257137093
4.105394966506528
4.1492573616421256
4.193119756777723
4.236982151913321
4.280844547048919
4.324706942184517
4.368569337320115
4.412431732455713
4.456294127591311
4.5001565227269085
4.544018917862506
4.587881312998104
4.631743708133702
4.6756061032693
4.719468498404898
4.763330893540496
4.8071932886760935
4.851055683811691
4.894918078947289
4.938780474082887
4.982642869218485
5.026505264354083
5.070367659489681
5.114230054625279
5.158092449760876
5.201954844896474
5.245817240032072
5.28967963516767
5.333542030303268
5.377404425438866
5.421266820574464
5.4651292157100615
5.405950295513645
5.346771375314835
5.287592455116024
5.228413534917213
5.169234614718403
5.110055694519592
5.050876774320781
4.991697854121971
4.93251893392316
4.873340013724349
4.814161093525539
4.754982173326728
4.6958032531279175
4.636624332929107
4.577445412730296
4.5182664925314855
4.459087572332675
4.399908652133864
4.3407297319350535
4.281550811736243
4.222371891537432
4.1631929713386215
4.104014051139811
4.044835130941
3.98565621074219
3.92647729054338
3.8672983703445696
3.8081194501457594
3.748940529946949
3.689761609748139
3.6305826895493287
3.5714037693505185
3.5122248491517083
3.453045928952898
3.393867008754088
3.3346880885552777
3.2755091683564674
3.2163302481576572
3.157151327958847
3.097972407760037
3.0387934875612266
2.9796145673624164
2.920435647163606
2.861256726964796
2.8020778067659857
2.7428988865671755
2.6837199663683653
2.624541046169555
2.565362125970745
2.5061832057719347
2.4470042855731244
2.3878253653743142
2.328646445175504
2.269467524976694
2.2102886047778836
2.1511096845790734
2.091930764380263
2.032751844181453
2.0
2.0
2.0
2.0
2.0
2.0
2.0
2.0
2.0
2.0
2.0
2.0
2.0
2.0
2.0
2.0
2.0
2.0
2.0
2.0
2.0
2.043862395132931
2.0877247902685285
2.131587185404126
2.1754495805397234
2.219311975675321
2.263174370810918
2.3070367659465156
2.350899161082113
2.3947615562177105
2.438623951353308
2.4824863464889053
2.5263487416245027
2.5702111367601
2.6140735318956976
2.657935927031295
2.7017983221668924
2.74566071730249
2.7895231124380873
2.8333855075736847
2.877247902709282
2.9211102978448795
2.964972692980477
3.0088350881160744
3.052697483251672
3.096559878387269
3.1404222735228666
3.184284668658464
3.2281470637940615
3.272009458929659
3.3158718540652563
3.3597342492008537
3.403596644336451
3.4474590394720486
3.491321434607646
3.5351838297432434
3.579046224878841
3.6229086200144383
3.6667710151500357
3.710633410285633
3.7544958054212305
3.798358200556828
3.8422205956924254
3.8860829908280228
3.92994538596362
3.9738077810992176
4.017670176234815
4.061532571370413
4.105394966506011
4.149257361641609
4.1931197567772065
4.236982151912804
4.280844547048402
4.324706942184
4.368569337319598
4.412431732455196
4.456294127590794
4.5001565227263916
4.544018917861989
4.587881312997587
4.631743708133185
4.675606103268783
4.719468498404381
4.763330893539979
4.807193288675577
4.8510556838111745
4.894918078946772
4.93878047408237
4.982642869217968
5.026505264353566
5.070367659489164
5.114230054624762
5.1580924497603595
5.201954844895957
5.245817240031555
5.289679635167153
5.333542030302751
5.377404425438349
5.421266820573947
5.3620879003780475
5.302908980179237
5.243730059980426
5.1845511397816155
5.125372219582805
5.066193299383994
5.0070143791851836
4.947835458986373
4.888656538787562
4.829477618588752
4.770298698389941
4.71111977819113
4.65194085799232
4.592761937793509
4.533583017594698
4.474404097395888
4.415225177197077
4.356046256998266
4.296867336799456
4.237688416600645
4.178509496401834
4.119330576203024
4.060151656004213
4.000972735805402
3.941793815606592
3.882614895407782
3.8234359752089717
3.7642570550101615
3.7050781348113513
3.645899214612541
3.586720294413731
3.5275413742149206
3.4683624540161104
3.4091835338173
3.35000461361849
3.29082569341968
3.2316467732208696
3.1724678530220594
3.113288932823249
3.054110012624439
2.9949310924256287
2.9357521722268185
2.8765732520280083
2.817394331829198
2.758215411630388
2.6990364914315776
2.6398575712327674
2.580678651033957
2.521499730835147
2.462320810636337
2.4031418904375266
2.3439629702387164
2.284784050039906
2.225605129841096
2.1664262096422857
2.1072472894434755
2.0480683692446653
2.0
2.0
2.0
2.0
2.0
2.0
2.0
2.0
2.0
2.0
2.0
2.0
2.0
2.0
2.0
2.0
2.0
2.0
2.0
2.0
2.0
2.0
2.0438623951324417
2.087724790268039
2.1315871854036366
2.175449580539234
2.2193119756748314
2.263174370810429
2.3070367659460262
2.3508991610816237
2.394761556217221
2.4386239513528185
2.482486346488416
2.5263487416240133
2.5702111367596108
2.614073531895208
2.6579359270308056
2.701798322166403
2.7456607173020005
2.789523112437598
2.8333855075731953
2.8772479027087927
2.92111029784439
2.9649726929799876
3.008835088115585
3.0526974832511824
3.09655987838678
3.1404222735223772
3.1842846686579747
3.228147063793572
3.2720094589291695
3.315871854064767
3.3597342492003643
3.4035966443359618
3.447459039471559
3.4913214346071566
3.535183829742754
3.5790462248783514
3.622908620013949
3.6667710151495463
3.7106334102851437
3.754495805420741
3.7983582005563385
3.842220595691936
3.8860829908275334
3.929945385963131
3.9738077810987282
4.017670176234326
4.0615325713699235
4.105394966505521
4.149257361641119
4.193119756776717
4.236982151912315
4.280844547047913
4.324706942183511
4.368569337319109
4.412431732454706
4.456294127590304
4.500156522725902
4.5440189178615
4.587881312997098
4.631743708132696
4.675606103268294
4.7194684984038915
4.763330893539489
4.807193288675087
4.851055683810685
4.894918078946283
4.938780474081881
4.982642869217479
5.0265052643530765
5.070367659488674
5.114230054624272
5.15809244975987
5.201954844895468
5.245817240031066
5.289679635166664
5.333542030302262
5.3774044254378595
5.421266820573457
5.362087900378075
5.302908980179264
5.243730059980454
5.184551139781643
5.125372219582832
5.066193299384022
5.007014379185211
4.9478354589864
4.88865653878759
4.829477618588779
4.7702986983899685
4.711119778191158
4.651940857992347
4.5927619377935365
4.533583017594726
4.474404097395915
4.4152251771971045
4.356046256998294
4.296867336799483
4.2376884166006725
4.178509496401862
4.119330576203051
4.0601516560042406
4.00097273580543
3.9417938156066197
3.8826148954078095
3.8234359752089992
3.764257055010189
3.705078134811379
3.6458992146125686
3.5867202944137584
3.527541374214948
3.468362454016138
3.4091835338173277
3.3500046136185175
3.2908256934197073
3.231646773220897
3.172467853022087
3.1132889328232767
3.0541100126244665
2.9949310924256562
2.935752172226846
2.876573252028036
2.8173943318292256
2.7582154116304154
2.699036491431605
2.639857571232795
2.5806786510339847
2.5214997308351745
2.4623208106363643
2.403141890437554
2.343962970238744
2.2847840500399337
2.2256051298411235
2.1664262096423132
2.107247289443503
2.048068369244693
2.0
2.0
2.0
2.0
2.0
2.0
2.0
2.0
2.0
2.0
2.0
2.0
2.0
2.0
2.0
2.0
2.0
2.0
2.0
2.0
2.0
2.0
2.043862395131925
2.0877247902675222
2.1315871854031196
2.175449580538717
2.2193119756743145
2.263174370809912
2.3070367659455093
2.3508991610811067
2.394761556216704
2.4386239513523016
2.482486346487899
2.5263487416234964
2.570211136759094
2.6140735318946913
2.6579359270302887
2.701798322165886
2.7456607173014835
2.789523112437081
2.8333855075726784
2.877247902708276
2.921110297843873
2.9649726929794706
3.008835088115068
3.0526974832506655
3.096559878386263
3.1404222735218603
3.1842846686574577
3.228147063793055
3.2720094589286526
3.31587185406425
3.3597342491998474
3.403596644335445
3.4474590394710423
3.4913214346066397
3.535183829742237
3.5790462248778345
3.622908620013432
3.6667710151490294
3.710633410284627
3.754495805420224
3.7983582005558216
3.842220595691419
3.8860829908270165
3.929945385962614
3.9738077810982113
4.017670176233809
4.061532571369407
4.1053949665050045
4.149257361640602
4.1931197567762
4.236982151911798
4.280844547047396
4.324706942182994
4.368569337318592
4.4124317324541895
4.456294127589787
4.500156522725385
4.544018917860983
4.587881312996581
4.631743708132179
4.675606103267777
4.719468498403375
4.763330893538972
4.80719328867457
4.851055683810168
4.894918078945766
4.938780474081364
4.982642869216962
5.02650526435256
5.0703676594881575
5.114230054623755
5.158092449759353
5.201954844894951
5.245817240030549
5.289679635166147
5.333542030301745
5.3774044254373425
5.42126682057294
5.362087900378075
5.302908980179264
5.243730059980454
5.184551139781643
5.125372219582832
5.066193299384022
5.007014379185211
4.9478354589864
4.88865653878759
4.829477618588779
4.7702986983899685
4.711119778191158
4.651940857992347
4.5927619377935365
4.533583017594726
4.474404097395915
4.4152251771971045
4.356046256998294
4.296867336799483
4.2376884166006725
4.178509496401862
4.119330576203051
4.0601516560042406
4.00097273580543
3.9417938156066197
3.8826148954078095
3.8234359752089992
3.764257055010189
3.705078134811379
3.6458992146125686
3.5867202944137584
3.527541374214948
3.468362454016138
3.4091835338173277
3.3500046136185175
3.2908256934197073
3.231646773220897
3.172467853022087
3.1132889328232767
3.0541100126244665
2.9949310924256562
2.935752172226846
2.876573252028036
2.8173943318292256
2.7582154116304154
2.699036491431605
2.639857571232795
2.5806786510339847
2.5214997308351745
2.4623208106363643
2.403141890437554
2.343962970238744
2.2847840500399337
2.2256051298411235
2.1664262096423132
2.107247289443503
2.048068369244693
2.0
2.0
2.0
2.0
2.0
2.0
2.0
2.0
2.0
2.0
2.0
2.0
2.0
2.0
2.0
2.0
2.0
2.0
2.0
2.0
2.0
2.0
2.0438623951314074
2.087724790267005
2.1315871854026023
2.1754495805381997
2.219311975673797
2.2631743708093945
2.307036765944992
2.3508991610805894
2.394761556216187
2.4386239513517842
2.4824863464873816
2.526348741622979
2.5702111367585765
2.614073531894174
2.6579359270297713
2.7017983221653687
2.745660717300966
2.7895231124365636
2.833385507572161
2.8772479027077584
2.921110297843356
2.9649726929789533
3.0088350881145507
3.052697483250148
3.0965598783857455
3.140422273521343
3.1842846686569404
3.228147063792538
3.272009458928135
3.3158718540637326
3.35973424919933
3.4035966443349275
3.447459039470525
3.4913214346061223
3.5351838297417197
3.579046224877317
3.6229086200129146
3.666771015148512
3.7106334102841094
3.754495805419707
3.7983582005553043
3.8422205956909017
3.886082990826499
3.9299453859620965
3.973807781097694
4.017670176233292
4.06153257136889
4.1053949665044875
4.149257361640085
4.193119756775683
4.236982151911281
4.280844547046879
4.324706942182477
4.368569337318075
4.412431732453673
4.4562941275892705
4.500156522724868
4.544018917860466
4.587881312996064
4.631743708131662
4.67560610326726
4.719468498402858
4.7633308935384555
4.807193288674053
4.851055683809651
4.894918078945249
4.938780474080847
4.982642869216445
5.026505264352043
5.070367659487641
5.114230054623238
5.158092449758836
5.201954844894434
5.245817240030032
5.28967963516563
5.333542030301228
5.377404425436826
5.4212668205724235
5.362087900378075
5.302908980179264
5.243730059980454
5.184551139781643
5.125372219582832
5.066193299384022
5.007014379185211
4.9478354589864
4.88865653878759
4.829477618588779
4.7702986983899685
4.711119778191158
4.651940857992347
4.5927619377935365
4.533583017594726
4.474404097395915
4.4152251771971045
4.356046256998294
4.296867336799483
4.2376884166006725
4.178509496401862
4.119330576203051
4.0601516560042406
4.00097273580543
3.9417938156066197
3.8826148954078095
3.8234359752089992
3.764257055010189
3.705078134811379
3.6458992146125686
3.5867202944137584
3.527541374214948
3.468362454016138
3.4091835338173277
3.3500046136185175
3.2908256934197073
3.231646773220897
3.172467853022087
3.1132889328232767
3.0541100126244665
2.9949310924256562
2.935752172226846
2.876573252028036
2.8173943318292256
2.7582154116304154
2.699036491431605
2.639857571232795
2.5806786510339847
2.5214997308351745
2.4623208106363643
2.403141890437554
2.343962970238744
2.2847840500399337
2.2256051298411235
2.1664262096423132
2.107247289443503
2.048068369244693
2.0
2.0
2.0
2.0
2.0
2.0
2.0
2.0
2.0
2.0
2.0
2.0
2.0
2.0
2.0
2.0
2.0
2.0
2.0
2.0
2.0
2.0
2.0438623951322237
2.087724790267821
2.1315871854034185
2.175449580539016
2.2193119756746134
2.263174370810211
2.307036765945808
2.3508991610814056
2.394761556217003
2.4386239513526005
2.482486346488198
2.5263487416237953
2.5702111367593927
2.61407353189499
2.6579359270305876
2.701798322166185
2.7456607173017824
2.78952311243738
2.8333855075729772
2.8772479027085747
2.921110297844172
2.9649726929797695
3.008835088115367
3.0526974832509643
3.0965598783865618
3.140422273522159
3.1842846686577566
3.228147063793354
3.2720094589289515
3.315871854064549
3.3597342492001463
3.4035966443357437
3.447459039471341
3.4913214346069386
3.535183829742536
3.5790462248781334
3.622908620013731
3.6667710151493282
3.7106334102849257
3.754495805420523
3.7983582005561205
3.842220595691718
3.8860829908273153
3.9299453859629128
3.97380778109851
4.017670176234108
4.061532571369706
4.105394966505304
4.149257361640902
4.1931197567764995
4.236982151912097
4.280844547047695
4.324706942183293
4.368569337318891
4.412431732454489
4.456294127590087
4.500156522725685
4.544018917861282
4.58788131299688
4.631743708132478
4.675606103268076
4.719468498403674
4.763330893539272
4.80719328867487
4.8510556838104675
4.894918078946065
4.938780474081663
4.982642869217261
5.026505264352859
5.070367659488457
5.114230054624055
5.1580924497596525
5.20195484489525
5.245817240030848
5.289679635166446
5.333542030302044
5.377404425437642
5.42126682057324
5.362087900375953
5.3029089801771425
5.243730059978332
5.184551139779521
5.1253722195807105
5.0661932993819
5.007014379183089
4.947835458984279
4.888656538785468
4.829477618586657
4.770298698387847
4.711119778189036
4.651940857990225
4.592761937791415
4.533583017592604
4.474404097393793
4.415225177194983
4.356046256996172
4.296867336797361
4.237688416598551
4.17850949639974
4.119330576200929
4.060151656002119
4.000972735803308
3.941793815604498
3.8826148954056876
3.8234359752068774
3.764257055008067
3.705078134809257
3.6458992146104467
3.5867202944116365
3.5275413742128263
3.468362454014016
3.409183533815206
3.3500046136163957
3.2908256934175855
3.2316467732187752
3.172467853019965
3.113288932821155
3.0541100126223446
2.9949310924235344
2.935752172224724
2.876573252025914
2.8173943318271037
2.7582154116282935
2.6990364914294833
2.639857571230673
2.580678651031863
2.5214997308330527
2.4623208106342425
2.4031418904354322
2.343962970236622
2.284784050037812
2.2256051298390016
2.1664262096401914
2.107247289441381
2.048068369242571
2.0
2.0
2.0
2.0
2.0
2.0
2.0
2.0
2.0
2.0
2.0
2.0
2.0
2.0
2.0
2.0
2.0
2.0
2.0
2.0
2.0
2.0
2.0438623951355974
2.087724790271195
2.1315871854067923
2.1754495805423897
2.219311975677987
2.2631743708135845
2.307036765949182
2.3508991610847794
2.394761556220377
2.438623951355974
2.4824863464915716
2.526348741627169
2.5702111367627665
2.614073531898364
2.6579359270339613
2.7017983221695587
2.745660717305156
2.7895231124407536
2.833385507576351
2.8772479027119484
2.921110297847546
2.9649726929831433
3.0088350881187407
3.052697483254338
3.0965598783899355
3.140422273525533
3.1842846686611304
3.228147063796728
3.272009458932325
3.3158718540679226
3.35973424920352
3.4035966443391175
3.447459039474715
3.4913214346103123
3.5351838297459097
3.579046224881507
3.6229086200171046
3.666771015152702
3.7106334102882994
3.754495805423897
3.7983582005594942
3.8422205956950917
3.886082990830689
3.9299453859662865
3.973807781101884
4.017670176237481
4.061532571373079
4.105394966508677
4.149257361644275
4.193119756779873
4.236982151915471
4.2808445470510685
4.324706942186666
4.368569337322264
4.412431732457862
4.45629412759346
4.500156522729058
4.544018917864656
4.587881313000254
4.6317437081358515
4.675606103271449
4.719468498407047
4.763330893542645
4.807193288678243
4.851055683813841
4.894918078949439
4.9387804740850365
4.982642869220634
5.026505264356232
5.07036765949183
5.114230054627428
5.158092449763026
5.201954844898624
5.245817240034222
5.289679635169819
5.333542030305417
5.377404425441015
5.421266820574382
5.362087900375571
5.302908980176761
5.24373005997795
5.184551139779139
5.125372219580329
5.066193299381518
5.007014379182707
4.947835458983897
4.888656538785086
4.829477618586275
4.770298698387465
4.711119778188654
4.651940857989843
4.592761937791033
4.533583017592222
