0.26666666666666666
0.2665352161342797
0.2661409941314373
0.26548438931333057
0.2645660490128564
0.2633868786024253
0.26194804060137394
0.26025095352986183
0.2582972905103818
0.25608897761826405
0.2536281919827987
0.25091735964084966
0.24795915314507622
0.24475648892911925
0.24131252443235052
0.23763065498701974
0.23371451047086764
0.22956795172850594
0.2251950667650915
0.22060016671604807
0.21578778159680864
0.2107626558367679
0.2055297436018494
0.20009420391029728
0.19446139554650846
0.1886368717779199
0.18262637488015876
0.17643583047585334
0.17007134169268648
0.16353918314645013
0.15684579475503335
0.1499977753894425
0.14300187636811307
0.1358649948009268
0.12859416678949548
0.12119656049041667
0.11367946904833831
0.1060503034058009
0.09831658499694486
0.0904859383322864
0.08256608348187307
0.07456482846422882
0.06649006154859227
0.05834974347803825
0.05015189962114793
0.041904612059966984
0.03361601162205046
0.025294269864450544
0.01694759101755051
0.008584203896685929
2.12353789528811E-4
-0.00815970567276835
-0.01652372065265458
-0.02487144524346477
-0.03319464959888626
-0.041485128046591505
-0.049734707178037706
-0.05793525390645899
-0.06607868348510544
-0.07415696747782523
-0.08216214167413136
-0.09008631394094903
-0.09792167200330441
-0.10566049114628186
-0.11329514183065846
-0.12081809721470621
-0.12822194057474767
-0.1354993726171473
-0.1426432186745323
-0.14964643577914613
-0.1565021196063625
-0.16320351128151436
-0.1697440040433259
-0.17611714975738002
-0.18231666527319848
-0.18833643861866808
-0.19417053502570555
-0.1998132027812206
-0.2052588788976092
-0.2105021945971859
-0.21553798060514942
-0.22036127224586174
-0.22496731433741765
-0.22935156587967873
-0.23350970453114975
-0.23743763087028477
-0.24113147243702018
-0.24458758755055243
-0.24780256889959396
-0.25077324690157016
-0.2534966928274442
-0.25597022168908945
-0.25819139488636295
-0.26015802261126986
-0.2618681660068493
-0.26332013907865276
-0.2645125103569305
-0.2654441043078875
-0.2661140024926176
-0.2665215444725731
-0.2666663284606772
-0.2665482117174376
-0.26616731069167016
-0.26552400090569445
-0.26461891658511444
-0.2634529500335487
-0.26202725075292665
-0.2603432243102195
-0.2584025309517204
-0.2562070839662432
-0.253759047798851
-0.251060835916975
-0.24811510843102802
-0.24492476947185718
-0.24149296432762266
-0.2378230763429238
-0.23391872358323107
-0.2297837552679112
-0.22542224797536248
-0.220838501624002
-0.21603703523306642
-0.2110225824674057
-0.20580008697066246
-0.2003746974914373
-0.19475176280724618
-0.18893682645127274
-0.1829356212471154
-0.17675406365691704
-0.17039824794844907
-0.1638744401869016
-0.1571890720573002
-0.15034873452364353
-0.14336017133101078
-0.13623027235704369
-0.12896606681936265
-0.1215747163456072
-0.11406350791293833
-0.10643984666396157
-0.09871124860615088
-0.09088533320197645
-0.08296981585703526
-0.07497250031359544
-0.06690127095705131
-0.05876408504287194
-0.05056896485171191
-0.04232398978041177
-0.034037288376691066
-0.025717030325384676
-0.017371418394120416
-0.009008680346384716
-6.370608299417436E-4
0.007735186751390905
0.016099808374598946
0.024448557534940952
0.032773203376002265
0.041065538804325306
0.0493173885806087
0.057520617379505694
0.06566713781006968
0.07374891838894249
0.08175799145842659
0.08968646104162975
0.09752651062694419
0.10527041087418071
0.11291052723476197
0.12043932747846516
0.12784938911928787
0.13513340673312246
0.1422841991600198
0.1492947165839431
0.15615804748303524
0.16286742544354105
0.16941623583067397
0.17579802230984506
0.1820064932118269
0.1880355277355796
0.19387918198261833
0.19953169481697933
0.20498749354500223
0.2102411994093313
0.2152876328917203
0.22012181881940954
0.2247389912700453
0.22913459827030203
0.23330430628357682
0.23724400448233315
0.2409498088008782
0.2444180657645827
0.24764535609176416
0.2506284980646849
0.25336455066634106
0.2558508164799491
0.2580848443482727
0.26006443179016697
0.2617876271719582
0.2632527316315189
0.2644583007531399
0.26540314599154985
0.26608633584367647
0.2665071967669965
0.26666531384356673
0.2665605311890829
0.26619295210656285
0.2655629389845024
0.26467111293960366
0.2635183532044298
0.26210579626058744
0.26043483471829393
0.25850711594343173
0.2563245404334451
0.25388925994367983
0.25120367536601257
0.24827043436186227
0.2450924287519158
0.24167279166514355
0.2380148944499125
0.23412234335024543
0.22999897595050042
0.22564885739197668
0.22107627636517793
0.21628574088168165
0.21128197382978575
0.20606990831831237
0.20065468281315849
0.1950416360713918
0.1892363018778809
0.18324440358965413
0.17707184849336163
0.17072472198140495
0.1642092815524779
0.15753195064242856
0.15069931229152989
0.1437181026543984
0.13659520435896003
0.12933763972101314
0.12195256382107356
0.1144472574503322
0.10682911993267552
0.09910566182984676
0.09128449753694251
0.08337333777553875
0.07537998199185393
0.06731231066743823
0.05917827754997157
0.05098590181183249
0.04274326014416271
0.03445847879422865
0.026139725553924225
0.017795201707315727
0.009433133945169763
0.0010617662544297902
-0.0073106482093557995
-0.01567585525864705
-0.024025607811543257
-0.03235167402240613
-0.04064584539746533
-0.04889994488739841
-0.057105834948912935
-0.06525542556737872
-0.07334068223260519
-0.08135363385989343
-0.08928638064856292
-0.09713110187019876
-0.10488006357894286
-0.11252562623623069
-0.12006025224244905
-0.12747651336809904
-0.13476709807713103
-0.1419248187352339
-0.14894261869597472
-0.15581357925779535
-0.1625309264850168
-0.16908803788611973
-0.17547844894271927
-0.18169585948279957
-0.18773413989191845
-0.1935873371562673
-0.19924968073162194
-0.20471558823240046
-0.20997967093522138
-0.21503673909153073
-0.21988180704406757
-0.22451009814211828
-0.228917049450716
-0.23309831624914334
-0.2370497763142998
-0.24076753398471581
-0.24424792400120343
-0.24748751512035813
-0.25048311349735025
-0.2532317658346686
-0.25573076229371505
-0.2579776391663773
-0.2599701813039467
-0.26170642430098773
-0.2631846564320029
-0.2644034203389875
-0.26536151446820844
-0.26605799425479043
-0.26649217305394296
-0.26666362281790873
-0.26657217451796716
-0.26621791831107605
-0.265601203450988
-0.2647226379439279
-0.26358308794917334
-0.26218367692512534
-0.26052578452171504
-0.25861104522023537
-0.25644134672194074
-0.25401882808700127
-0.2513458776256492
-0.24842513054359341
-0.24525946634402573
-0.2418520059887793
-0.238206108821437
-0.2343253692554267
-0.23021361323036346
-0.22587489444013628
