0 1
0.01 1
0.02 1
0.03 1
0.04 1
0.05 1
0.06 1
0.07 1
0.08 1
0.09 1
0.1 1
0.11 1
0.12 1
0.13 1
0.14 1
0.15 1
0.16 1
0.17 1
0.18 1
0.19 1
0.2 1
0.21 1
0.22 1
0.23 1
0.24 1
0.25 1
0.26 1
0.27 1
0.28 1
0.29 1
0.3 1
0.31 1
0.32 1
0.33 1
0.34 1
0.35 1
0.36 1
0.37 1
0.38 1
0.39 1
0.4 1
0.41 1
0.42 1
0.43 1
0.44 1
0.45 1
0.46 1
0.47 1
0.48 1
0.49 1
0.5 1
0.51 1
0.52 1
0.53 1
0.54 1
0.55 1
0.56 1
0.57 1
0.58 1
0.59 1
0.6 1
0.61 1
0.62 1
0.63 1
0.64 1
0.65 1
0.66 1
0.67 1
0.68 1
0.69 1
0.7 1
0.71 1
0.72 1
0.73 1
0.74 1
0.75 1
0.76 1
0.77 1
0.78 1
0.79 -1
0.8 -1
0.81 -1
0.82 -1
0.83 -1
0.84 -1
0.85 -1
0.86 -1
0.87 -1
0.88 -1
0.89 -1
0.9 -1
0.91 -1
0.92 -1
0.93 -1
0.94 -1
0.95 -1
0.96 -1
0.97 -1
0.98 -1
0.99 -1
1 -1
1.01 -1
1.02 -1
1.03 -1
1.04 -1
1.05 -1
1.06 -1
1.07 -1
1.08 -1
1.09 -1
1.1 -1
1.11 -1
1.12 -1
1.13 -1
1.14 -1
1.15 -1
1.16 -1
1.17 -1
1.18 -1
1.19 -1
1.2 -1
1.21 -1
1.22 -1
1.23 -1
1.24 -1
1.25 -1
1.26 -1
1.27 -1
1.28 -1
1.29 -1
1.3 -1
1.31 -1
1.32 -1
1.33 -1
1.34 -1
1.35 -1
1.36 -1
1.37 -1
1.38 -1
1.39 -1
1.4 -1
1.41 -1
1.42 -1
1.43 -1
1.44 -1
1.45 -1
1.46 -1
1.47 -1
1.48 -1
1.49 -1
1.5 -1
1.51 -1
1.52 -1
1.53 -1
1.54 -1
1.55 -1
1.56 -1
1.57 -1
1.58 1
1.59 1
1.6 1
1.61 1
1.62 1
1.63 1
1.64 1
1.65 1
1.66 1
1.67 1
1.68 1
1.69 1
1.7 1
1.71 1
1.72 1
1.73 1
1.74 1
1.75 1
1.76 1
1.77 1
1.78 1
1.79 1
1.8 1
1.81 1
1.82 1
1.83 1
1.84 1
1.85 1
1.86 1
1.87 1
1.88 1
1.89 1
1.9 1
1.91 1
1.92 1
1.93 1
1.94 1
1.95 1
1.96 1
1.97 1
1.98 1
1.99 1
2 1
2.01 1
2.02 1
2.03 1
2.04 1
2.05 1
2.06 1
2.07 1
2.08 1
2.09 1
2.1 1
2.11 1
2.12 1
2.13 1
2.14 1
2.15 1
2.16 1
2.17 1
2.18 1
2.19 1
2.2 1
2.21 1
2.22 1
2.23 1
2.24 1
2.25 1
2.26 1
2.27 1
2.28 1
2.29 1
2.3 1
2.31 1
2.32 1
2.33 1
2.34 1
2.35 1
2.36 -1
2.37 -1
2.38 -1
2.39 -1
2.4 -1
2.41 -1
2.42 -1
2.43 -1
2.44 -1
2.45 -1
2.46 -1
2.47 -1
2.48 -1
2.49 -1
2.5 -1
2.51 -1
2.52 -1
2.53 -1
2.54 -1
2.55 -1
2.56 -1
2.57 -1
2.58 -1
2.59 -1
2.6 -1
2.61 -1
2.62 -1
2.63 -1
2.64 -1
2.65 -1
2.66 -1
2.67 -1
2.68 -1
2.69 -1
2.7 -1
2.71 -1
2.72 -1
2.73 -1
2.74 -1
2.75 -1
2.76 -1
2.77 -1
2.78 -1
2.79 -1
2.8 -1
2.81 -1
2.82 -1
2.83 -1
2.84 -1
2.85 -1
2.86 -1
2.87 -1
2.88 -1
2.89 -1
2.9 -1
2.91 -1
2.92 -1
2.93 -1
2.94 -1
2.95 -1
2.96 -1
2.97 -1
2.98 -1
2.99 -1
3 -1
3.01 -1
3.02 -1
3.03 -1
3.04 -1
3.05 -1
3.06 -1
3.07 -1
3.08 -1
3.09 -1
3.1 -1
3.11 -1
3.12 -1
3.13 -1
3.14 -1
3.15 1
3.16 1
3.17 1
3.18 1
3.19 1
3.2 1
3.21 1
3.22 1
3.23 1
3.24 1
3.25 1
3.26 1
3.27 1
3.28 1
3.29 1
3.3 1
3.31 1
3.32 1
3.33 1
3.34 1
3.35 1
3.36 1
3.37 1
3.38 1
3.39 1
3.4 1
3.41 1
3.42 1
3.43 1
3.44 1
3.45 1
3.46 1
3.47 1
3.48 1
3.49 1
3.5 1
3.51 1
3.52 1
3.53 1
3.54 1
3.55 1
3.56 1
3.57 1
3.58 1
3.59 1
3.6 1
3.61 1
3.62 1
3.63 1
3.64 1
3.65 1
3.66 1
3.67 1
3.68 1
3.69 1
3.7 1
3.71 1
3.72 1
3.73 1
3.74 1
3.75 1
3.76 1
3.77 1
3.78 1
3.79 1
3.8 1
3.81 1
3.82 1
3.83 1
3.84 1
3.85 1
3.86 1
3.87 1
3.88 1
3.89 1
3.9 1
3.91 1
3.92 1
3.93 -1
3.94 -1
3.95 -1
3.96 -1
3.97 -1
3.98 -1
3.99 -1
4 -1
4.01 -1
4.02 -1
4.03 -1
4.04 -1
4.05 -1
4.06 -1
4.07 -1
4.08 -1
4.09 -1
4.1 -1
4.11 -1
4.12 -1
4.13 -1
4.14 -1
4.15 -1
4.16 -1
4.17 -1
4.18 -1
4.19 -1
4.2 -1
4.21 -1
4.22 -1
4.23 -1
4.24 -1
4.25 -1
4.26 -1
4.27 -1
4.28 -1
4.29 -1
4.3 -1
4.31 -1
4.32 -1
4.33 -1
4.34 -1
4.35 -1
4.36 -1
4.37 -1
4.38 -1
4.39 -1
4.4 -1
4.41 -1
4.42 -1
4.43 -1
4.44 -1
4.45 -1
4.46 -1
4.47 -1
4.48 -1
4.49 -1
4.5 -1
4.51 -1
4.52 -1
4.53 -1
4.54 -1
4.55 -1
4.56 -1
4.57 -1
4.58 -1
4.59 -1
4.6 -1
4.61 -1
4.62 -1
4.63 -1
4.64 -1
4.65 -1
4.66 -1
4.67 -1
4.68 -1
4.69 -1
4.7 -1
4.71 -1
4.72 1
4.73 1
4.74 1
4.75 1
4.76 1
4.77 1
4.78 1
4.79 1
4.8 1
4.81 1
4.82 1
4.83 1
4.84 1
4.85 1
4.86 1
4.87 1
4.88 1
4.89 1
4.9 1
4.91 1
4.92 1
4.93 1
4.94 1
4.95 1
4.96 1
4.97 1
4.98 1
4.99 1
5 1
5.01 1
5.02 1
5.03 1
5.04 1
5.05 1
5.06 1
5.07 1
5.08 1
5.09 1
5.1 1
5.11 1
5.12 1
5.13 1
5.14 1
5.15 1
5.16 1
5.17 1
5.18 1
5.19 1
5.2 1
5.21 1
5.22 1
5.23 1
5.24 1
5.25 1
5.26 1
5.27 1
5.28 1
5.29 1
5.3 1
5.31 1
5.32 1
5.33 1
5.34 1
5.35 1
5.36 1
5.37 1
5.38 1
5.39 1
5.4 1
5.41 1
5.42 1
5.43 1
5.44 1
5.45 1
5.46 1
5.47 1
5.48 1
5.49 1
5.5 -1
5.51 -1
5.52 -1
5.53 -1
5.54 -1
5.55 -1
5.56 -1
5.57 -1
5.58 -1
5.59 -1
5.6 -1
5.61 -1
5.62 -1
5.63 -1
5.64 -1
5.65 -1
5.66 -1
5.67 -1
5.68 -1
5.69 -1
5.7 -1
5.71 -1
5.72 -1
5.73 -1
5.74 -1
5.75 -1
5.76 -1
5.77 -1
5.78 -1
5.79 -1
5.8 -1
5.81 -1
5.82 -1
5.83 -1
5.84 -1
5.85 -1
5.86 -1
5.87 -1
5.88 -1
5.89 -1
5.9 -1
5.91 -1
5.92 -1
5.93 -1
5.94 -1
5.95 -1
5.96 -1
5.97 -1
5.98 -1
5.99 -1
6 -1
6.01 -1
6.02 -1
6.03 -1
6.04 -1
6.05 -1
6.06 -1
6.07 -1
6.08 -1
6.09 -1
6.1 -1
6.11 -1
6.12 -1
6.13 -1
6.14 -1
6.15 -1
6.16 -1
6.17 -1
6.18 -1
6.19 -1
6.2 -1
6.21 -1
6.22 -1
6.23 -1
6.24 -1
6.25 -1
6.26 -1
6.27 -1
6.28 -1
6.29 1
6.3 1
6.31 1
6.32 1
6.33 1
6.34 1
6.35 1
6.36 1
6.37 1
6.38 1
6.39 1
6.4 1
6.41 1
6.42 1
6.43 1
6.44 1
6.45 1
6.46 1
6.47 1
6.48 1
6.49 1
6.5 1
6.51 1
6.52 1
6.53 1
6.54 1
6.55 1
6.56 1
6.57 1
6.58 1
6.59 1
6.6 1
6.61 1
6.62 1
6.63 1
6.64 1
6.65 1
6.66 1
6.67 1
6.68 1
6.69 1
6.7 1
6.71 1
6.72 1
6.73 1
6.74 1
6.75 1
6.76 1
6.77 1
6.78 1
6.79 1
6.8 1
6.81 1
6.82 1
6.83 1
6.84 1
6.85 1
6.86 1
6.87 1
6.88 1
6.89 1
6.9 1
6.91 1
6.92 1
6.93 1
6.94 1
6.95 1
6.96 1
6.97 1
6.98 1
6.99 1
7 1
7.01 1
7.02 1
7.03 1
7.04 1
7.05 1
7.06 1
7.07 -1
7.08 -1
7.09 -1
7.1 -1
7.11 -1
7.12 -1
7.13 -1
7.14 -1
7.15 -1
7.16 -1
7.17 -1
7.18 -1
7.19 -1
7.2 -1
7.21 -1
7.22 -1
7.23 -1
7.24 -1
7.25 -1
7.26 -1
7.27 -1
7.28 -1
7.29 -1
7.3 -1
7.31 -1
7.32 -1
7.33 -1
7.34 -1
7.35 -1
7.36 -1
7.37 -1
7.38 -1
7.39 -1
7.4 -1
7.41 -1
7.42 -1
7.43 -1
7.44 -1
7.45 -1
7.46 -1
7.47 -1
7.48 -1
7.49 -1
7.5 -1
7.51 -1
7.52 -1
7.53 -1
7.54 -1
7.55 -1
7.56 -1
7.57 -1
7.58 -1
7.59 -1
7.6 -1
7.61 -1
7.62 -1
7.63 -1
7.64 -1
7.65 -1
7.66 -1
7.67 -1
7.68 -1
7.69 -1
7.7 -1
7.71 -1
7.72 -1
7.73 -1
7.74 -1
7.75 -1
7.76 -1
7.77 -1
7.78 -1
7.79 -1
7.8 -1
7.81 -1
7.82 -1
7.83 -1
7.84 -1
7.85 -1
7.86 1
7.87 1
7.88 1
7.89 1
7.9 1
7.91 1
7.92 1
7.93 1
7.94 1
7.95 1
7.96 1
7.97 1
7.98 1
7.99 1
8 1
8.01 1
8.02 1
8.03 1
8.04 1
8.05 1
8.06 1
8.07 1
8.08 1
8.09 1
8.1 1
8.11 1
8.12 1
8.13 1
8.14 1
8.15 1
8.16 1
8.17 1
8.18 1
8.19 1
8.2 1
8.21 1
8.22 1
8.23 1
8.24 1
8.25 1
8.26 1
8.27 1
8.28 1
8.29 1
8.3 1
8.31 1
8.32 1
8.33 1
8.34 1
8.35 1
8.36 1
8.37 1
8.38 1
8.39 1
8.4 1
8.41 1
8.42 1
8.43 1
8.44 1
8.45 1
8.46 1
8.47 1
8.48 1
8.49 1
8.5 1
8.51 1
8.52 1
8.53 1
8.54 1
8.55 1
8.56 1
8.57 1
8.58 1
8.59 1
8.6 1
8.61 1
8.62 1
8.63 1
8.64 -1
8.65 -1
8.66 -1
8.67 -1
8.68 -1
8.69 -1
8.7 -1
8.71 -1
8.72 -1
8.73 -1
8.74 -1
8.75 -1
8.76 -1
8.77 -1
8.78 -1
8.79 -1
8.8 -1
8.81 -1
8.82 -1
8.83 -1
8.84 -1
8.85 -1
8.86 -1
8.87 -1
8.88 -1
8.89 -1
8.9 -1
8.91 -1
8.92 -1
8.93 -1
8.94 -1
8.95 -1
8.96 -1
8.97 -1
8.98 -1
8.99 -1
9 -1
9.01 -0.97454
9.02 -0.94907
9.03 -0.92361
9.04 -0.89814
9.05 -0.87268
9.06 -0.84721
9.07 -0.82175
9.08 -0.79628
9.09 -0.77082
9.1 -0.74535
9.11 -0.71989
9.12 -0.69442
9.13 -0.66896
9.14 -0.64349
9.15 -0.61803
9.16 -0.59256
9.17 -0.5671
9.18 -0.54163
9.19 -0.51617
9.2 -0.4907
9.21 -0.46524
9.22 -0.43977
9.23 -0.41431
9.24 -0.38885
9.25 -0.36338
9.26 -0.33792
9.27 -0.31245
9.28 -0.28699
9.29 -0.26152
9.3 -0.23606
9.31 -0.21059
9.32 -0.18513
9.33 -0.15966
9.34 -0.1342
9.35 -0.10873
9.36 -0.083268
9.37 -0.057803
9.38 -0.032338
9.39 -0.0068732
9.4 0.018592
9.41 0.044056
9.42 0.069521
9.43 0.094986
9.44 0.12045
9.45 0.14592
9.46 0.17138
9.47 0.19685
9.48 0.22231
9.49 0.24777
9.5 0.27324
9.51 0.2987
9.52 0.32417
9.53 0.34963
9.54 0.3751
9.55 0.40056
9.56 0.42603
9.57 0.45149
9.58 0.47696
9.59 0.50242
9.6 0.52789
9.61 0.55335
9.62 0.57882
9.63 0.60428
9.64 0.62975
9.65 0.65521
9.66 0.68068
9.67 0.70614
9.68 0.73161
9.69 0.75707
9.7 0.78254
9.71 0.808
9.72 0.83346
9.73 0.85893
9.74 0.88439
9.75 0.90986
9.76 0.93532
9.77 0.96079
9.78 0.98625
9.79 0.98828
9.8 0.96282
9.81 0.93735
9.82 0.91189
9.83 0.88642
9.84 0.86096
9.85 0.83549
9.86 0.81003
9.87 0.78456
9.88 0.7591
9.89 0.73363
9.9 0.70817
9.91 0.6827
9.92 0.65724
9.93 0.63177
9.94 0.60631
9.95 0.58084
9.96 0.55538
9.97 0.52992
9.98 0.50445
9.99 0.47899
10 0.45352
10.01 0.42806
10.02 0.40259
10.03 0.37713
10.04 0.35166
10.05 0.3262
10.06 0.30073
10.07 0.27527
10.08 0.2498
10.09 0.22434
10.1 0.19887
10.11 0.17341
10.12 0.14794
10.13 0.12248
10.14 0.097014
10.15 0.071549
10.16 0.046084
10.17 0.020619
10.18 -0.0048453
10.19 -0.03031
10.2 -0.055775
10.21 -0.08124
10.22 -0.1067
10.23 -0.13217
10.24 -0.15763
10.25 -0.1831
10.26 -0.20856
10.27 -0.23403
10.28 -0.25949
10.29 -0.28496
10.3 -0.31042
10.31 -0.33589
10.32 -0.36135
10.33 -0.38682
10.34 -0.41228
10.35 -0.43775
10.36 -0.46321
10.37 -0.48868
10.38 -0.51414
10.39 -0.53961
10.4 -0.56507
10.41 -0.59054
10.42 -0.616
10.43 -0.64147
10.44 -0.66693
10.45 -0.69239
10.46 -0.71786
10.47 -0.74332
10.48 -0.76879
10.49 -0.79425
10.5 -0.81972
10.51 -0.84518
10.52 -0.87065
10.53 -0.89611
10.54 -0.92158
10.55 -0.94704
10.56 -0.97251
10.57 -0.99797
10.58 -0.97656
10.59 -0.9511
10.6 -0.92563
10.61 -0.90017
10.62 -0.8747
10.63 -0.84924
10.64 -0.82377
10.65 -0.79831
10.66 -0.77284
10.67 -0.74738
10.68 -0.72192
10.69 -0.69645
10.7 -0.67099
10.71 -0.64552
10.72 -0.62006
10.73 -0.59459
10.74 -0.56913
10.75 -0.54366
10.76 -0.5182
10.77 -0.49273
10.78 -0.46727
10.79 -0.4418
10.8 -0.41634
10.81 -0.39087
10.82 -0.36541
10.83 -0.33994
10.84 -0.31448
10.85 -0.28901
10.86 -0.26355
10.87 -0.23808
10.88 -0.21262
10.89 -0.18715
10.9 -0.16169
10.91 -0.13622
10.92 -0.11076
10.93 -0.085295
10.94 -0.059831
10.95 -0.034366
10.96 -0.008901
10.97 0.016564
10.98 0.042029
10.99 0.067493
11 0.092958
11.01 0.11842
11.02 0.14389
11.03 0.16935
11.04 0.19482
11.05 0.22028
11.06 0.24575
11.07 0.27121
11.08 0.29668
11.09 0.32214
11.1 0.34761
11.11 0.37307
11.12 0.39854
11.13 0.424
11.14 0.44947
11.15 0.47493
11.16 0.50039
11.17 0.52586
11.18 0.55132
11.19 0.57679
11.2 0.60225
11.21 0.62772
11.22 0.65318
11.23 0.67865
11.24 0.70411
11.25 0.72958
11.26 0.75504
11.27 0.78051
11.28 0.80597
11.29 0.83144
11.3 0.8569
11.31 0.88237
11.32 0.90783
11.33 0.9333
11.34 0.95876
11.35 0.98423
11.36 0.99031
11.37 0.96484
11.38 0.93938
11.39 0.91391
11.4 0.88845
11.41 0.86299
11.42 0.83752
11.43 0.81206
11.44 0.78659
11.45 0.76113
11.46 0.73566
11.47 0.7102
11.48 0.68473
11.49 0.65927
11.5 0.6338
11.51 0.60834
11.52 0.58287
11.53 0.55741
11.54 0.53194
11.55 0.50648
11.56 0.48101
11.57 0.45555
11.58 0.43008
11.59 0.40462
11.6 0.37915
11.61 0.35369
11.62 0.32822
11.63 0.30276
11.64 0.2773
11.65 0.25183
11.66 0.22637
11.67 0.2009
11.68 0.17544
11.69 0.14997
11.7 0.12451
11.71 0.099042
11.72 0.073577
11.73 0.048112
11.74 0.022647
11.75 -0.0028175
11.76 -0.028282
11.77 -0.053747
11.78 -0.079212
11.79 -0.10468
11.8 -0.13014
11.81 -0.15561
11.82 -0.18107
11.83 -0.20654
11.84 -0.232
11.85 -0.25747
11.86 -0.28293
11.87 -0.30839
11.88 -0.33386
11.89 -0.35932
11.9 -0.38479
11.91 -0.41025
11.92 -0.43572
11.93 -0.46118
11.94 -0.48665
11.95 -0.51211
11.96 -0.53758
11.97 -0.56304
11.98 -0.58851
11.99 -0.61397
12 -0.63944
12.01 -0.6649
12.02 -0.69037
12.03 -0.71583
12.04 -0.7413
12.05 -0.76676
12.06 -0.79223
12.07 -0.81769
12.08 -0.84316
12.09 -0.86862
12.1 -0.89409
12.11 -0.91955
12.12 -0.94501
12.13 -0.97048
12.14 -0.99594
12.15 -0.97859
12.16 -0.95313
12.17 -0.92766
12.18 -0.9022
12.19 -0.87673
12.2 -0.85127
12.21 -0.8258
12.22 -0.80034
12.23 -0.77487
12.24 -0.74941
12.25 -0.72394
12.26 -0.69848
12.27 -0.67301
12.28 -0.64755
12.29 -0.62208
12.3 -0.59662
12.31 -0.57115
12.32 -0.54569
12.33 -0.52022
12.34 -0.49476
12.35 -0.4693
12.36 -0.44383
12.37 -0.41837
12.38 -0.3929
12.39 -0.36744
12.4 -0.34197
12.41 -0.31651
12.42 -0.29104
12.43 -0.26558
12.44 -0.24011
12.45 -0.21465
12.46 -0.18918
12.47 -0.16372
12.48 -0.13825
12.49 -0.11279
12.5 -0.087323
12.51 -0.061858
12.52 -0.036394
12.53 -0.010929
12.54 0.014536
12.55 0.040001
12.56 0.065466
12.57 0.09093
12.58 0.1164
12.59 0.14186
12.6 0.16732
12.61 0.19279
12.62 0.21825
12.63 0.24372
12.64 0.26918
12.65 0.29465
12.66 0.32011
12.67 0.34558
12.68 0.37104
12.69 0.39651
12.7 0.42197
12.71 0.44744
12.72 0.4729
12.73 0.49837
12.74 0.52383
12.75 0.5493
12.76 0.57476
12.77 0.60023
12.78 0.62569
12.79 0.65116
12.8 0.67662
12.81 0.70209
12.82 0.72755
12.83 0.75301
12.84 0.77848
12.85 0.80394
12.86 0.82941
12.87 0.85487
12.88 0.88034
12.89 0.9058
12.9 0.93127
12.91 0.95673
12.92 0.9822
12.93 0.99234
12.94 0.96687
12.95 0.94141
12.96 0.91594
12.97 0.89048
12.98 0.86501
12.99 0.83955
13 0.81408
13.01 0.78862
13.02 0.76315
13.03 0.73769
13.04 0.71222
13.05 0.68676
13.06 0.66129
13.07 0.63583
13.08 0.61037
13.09 0.5849
13.1 0.55944
13.11 0.53397
13.12 0.50851
13.13 0.48304
13.14 0.45758
13.15 0.43211
13.16 0.40665
13.17 0.38118
13.18 0.35572
13.19 0.33025
13.2 0.30479
13.21 0.27932
13.22 0.25386
13.23 0.22839
13.24 0.20293
13.25 0.17746
13.26 0.152
13.27 0.12653
13.28 0.10107
13.29 0.075605
13.3 0.05014
13.31 0.024675
13.32 -0.00078967
13.33 -0.026254
13.34 -0.051719
13.35 -0.077184
13.36 -0.10265
13.37 -0.12811
13.38 -0.15358
13.39 -0.17904
13.4 -0.20451
13.41 -0.22997
13.42 -0.25544
13.43 -0.2809
13.44 -0.30637
13.45 -0.33183
13.46 -0.3573
13.47 -0.38276
13.48 -0.40823
13.49 -0.43369
13.5 -0.45916
13.51 -0.48462
13.52 -0.51009
13.53 -0.53555
13.54 -0.56102
13.55 -0.58648
13.56 -0.61194
13.57 -0.63741
13.58 -0.66287
13.59 -0.68834
13.6 -0.7138
13.61 -0.73927
13.62 -0.76473
13.63 -0.7902
13.64 -0.81566
13.65 -0.84113
13.66 -0.86659
13.67 -0.89206
13.68 -0.91752
13.69 -0.94299
13.7 -0.96845
13.71 -0.99392
13.72 -0.98062
13.73 -0.95515
13.74 -0.92969
13.75 -0.90422
13.76 -0.87876
13.77 -0.85329
13.78 -0.82783
13.79 -0.80237
13.8 -0.7769
13.81 -0.75144
13.82 -0.72597
13.83 -0.70051
13.84 -0.67504
13.85 -0.64958
13.86 -0.62411
13.87 -0.59865
13.88 -0.57318
13.89 -0.54772
13.9 -0.52225
13.91 -0.49679
13.92 -0.47132
13.93 -0.44586
13.94 -0.42039
13.95 -0.39493
13.96 -0.36946
13.97 -0.344
13.98 -0.31853
13.99 -0.29307
14 -0.2676
14.01 -0.24214
14.02 -0.21667
14.03 -0.19121
14.04 -0.16575
14.05 -0.14028
14.06 -0.11482
14.07 -0.089351
14.08 -0.063886
14.09 -0.038421
14.1 -0.012957
14.11 0.012508
14.12 0.037973
14.13 0.063438
14.14 0.088903
14.15 0.11437
14.16 0.13983
14.17 0.1653
14.18 0.19076
14.19 0.21623
14.2 0.24169
14.21 0.26716
14.22 0.29262
14.23 0.31809
14.24 0.34355
14.25 0.36902
14.26 0.39448
14.27 0.41994
14.28 0.44541
14.29 0.47087
14.3 0.49634
14.31 0.5218
14.32 0.54727
14.33 0.57273
14.34 0.5982
14.35 0.62366
14.36 0.64913
14.37 0.67459
14.38 0.70006
14.39 0.72552
14.4 0.75099
14.41 0.77645
14.42 0.80192
14.43 0.82738
14.44 0.85285
14.45 0.87831
14.46 0.90378
14.47 0.92924
14.48 0.95471
14.49 0.98017
14.5 0.99437
14.51 0.9689
14.52 0.94344
14.53 0.91797
14.54 0.89251
14.55 0.86704
14.56 0.84158
14.57 0.81611
14.58 0.79065
14.59 0.76518
14.6 0.73972
14.61 0.71425
14.62 0.68879
14.63 0.66332
14.64 0.63786
14.65 0.61239
14.66 0.58693
14.67 0.56146
14.68 0.536
14.69 0.51053
14.7 0.48507
14.71 0.4596
14.72 0.43414
14.73 0.40867
14.74 0.38321
14.75 0.35775
14.76 0.33228
14.77 0.30682
14.78 0.28135
14.79 0.25589
14.8 0.23042
14.81 0.20496
14.82 0.17949
14.83 0.15403
14.84 0.12856
14.85 0.1031
14.86 0.077633
14.87 0.052168
14.88 0.026703
14.89 0.0012382
14.9 -0.024227
14.91 -0.049691
14.92 -0.075156
14.93 -0.10062
14.94 -0.12609
14.95 -0.15155
14.96 -0.17702
14.97 -0.20248
14.98 -0.22794
14.99 -0.25341
15 -0.27887
15.01 -0.30434
15.02 -0.3298
15.03 -0.35527
15.04 -0.38073
15.05 -0.4062
15.06 -0.43166
15.07 -0.45713
15.08 -0.48259
15.09 -0.50806
15.1 -0.53352
15.11 -0.55899
15.12 -0.58445
15.13 -0.60992
15.14 -0.63538
15.15 -0.66085
15.16 -0.68631
15.17 -0.71178
15.18 -0.73724
15.19 -0.76271
15.2 -0.78817
15.21 -0.81364
15.22 -0.8391
15.23 -0.86456
15.24 -0.89003
15.25 -0.91549
15.26 -0.94096
15.27 -0.96642
15.28 -0.99189
15.29 -0.98265
15.3 -0.95718
15.31 -0.93172
15.32 -0.90625
15.33 -0.88079
15.34 -0.85532
15.35 -0.82986
15.36 -0.80439
15.37 -0.77893
15.38 -0.75346
15.39 -0.728
15.4 -0.70253
15.41 -0.67707
15.42 -0.6516
15.43 -0.62614
15.44 -0.60067
15.45 -0.57521
15.46 -0.54975
15.47 -0.52428
15.48 -0.49882
15.49 -0.47335
15.5 -0.44789
15.51 -0.42242
15.52 -0.39696
15.53 -0.37149
15.54 -0.34603
15.55 -0.32056
15.56 -0.2951
15.57 -0.26963
15.58 -0.24417
15.59 -0.2187
15.6 -0.19324
15.61 -0.16777
15.62 -0.14231
15.63 -0.11684
15.64 -0.091379
15.65 -0.065914
15.66 -0.040449
15.67 -0.014984
15.68 0.01048
15.69 0.035945
15.7 0.06141
15.71 0.086875
15.72 0.11234
15.73 0.1378
15.74 0.16327
15.75 0.18873
15.76 0.2142
15.77 0.23966
15.78 0.26513
15.79 0.29059
15.8 0.31606
15.81 0.34152
15.82 0.36699
15.83 0.39245
15.84 0.41792
15.85 0.44338
15.86 0.46885
15.87 0.49431
15.88 0.51978
15.89 0.54524
15.9 0.57071
15.91 0.59617
15.92 0.62164
15.93 0.6471
15.94 0.67256
15.95 0.69803
15.96 0.72349
15.97 0.74896
15.98 0.77442
15.99 0.79989
16 0.82535
16.01 0.85082
16.02 0.87628
16.03 0.90175
16.04 0.92721
16.05 0.95268
16.06 0.97814
16.07 0.99639
16.08 0.97093
16.09 0.94546
16.1 0.92
16.11 0.89453
16.12 0.86907
16.13 0.8436
16.14 0.81814
16.15 0.79267
16.16 0.76721
16.17 0.74174
16.18 0.71628
16.19 0.69082
16.2 0.66535
16.21 0.63989
16.22 0.61442
16.23 0.58896
16.24 0.56349
16.25 0.53803
16.26 0.51256
16.27 0.4871
16.28 0.46163
16.29 0.43617
16.3 0.4107
16.31 0.38524
16.32 0.35977
16.33 0.33431
16.34 0.30884
16.35 0.28338
16.36 0.25791
16.37 0.23245
16.38 0.20698
16.39 0.18152
16.4 0.15605
16.41 0.13059
16.42 0.10513
16.43 0.07966
16.44 0.054196
16.45 0.028731
16.46 0.003266
16.47 -0.022199
16.48 -0.047664
16.49 -0.073128
16.5 -0.098593
16.51 -0.12406
16.52 -0.14952
16.53 -0.17499
16.54 -0.20045
16.55 -0.22592
16.56 -0.25138
16.57 -0.27685
16.58 -0.30231
16.59 -0.32778
16.6 -0.35324
16.61 -0.37871
16.62 -0.40417
16.63 -0.42964
16.64 -0.4551
16.65 -0.48057
16.66 -0.50603
16.67 -0.53149
16.68 -0.55696
16.69 -0.58242
16.7 -0.60789
16.71 -0.63335
16.72 -0.65882
16.73 -0.68428
16.74 -0.70975
16.75 -0.73521
16.76 -0.76068
16.77 -0.78614
16.78 -0.81161
16.79 -0.83707
16.8 -0.86254
16.81 -0.888
16.82 -0.91347
16.83 -0.93893
16.84 -0.9644
16.85 -0.98986
16.86 -0.98467
16.87 -0.95921
16.88 -0.93374
16.89 -0.90828
16.9 -0.88282
16.91 -0.85735
16.92 -0.83189
16.93 -0.80642
16.94 -0.78096
16.95 -0.75549
16.96 -0.73003
16.97 -0.70456
16.98 -0.6791
16.99 -0.65363
17 -0.62817
17.01 -0.6027
17.02 -0.57724
17.03 -0.55177
17.04 -0.52631
17.05 -0.50084
17.06 -0.47538
17.07 -0.44991
17.08 -0.42445
17.09 -0.39898
17.1 -0.37352
17.11 -0.34805
17.12 -0.32259
17.13 -0.29713
17.14 -0.27166
17.15 -0.2462
17.16 -0.22073
17.17 -0.19527
17.18 -0.1698
17.19 -0.14434
17.2 -0.11887
17.21 -0.093407
17.22 -0.067942
17.23 -0.042477
17.24 -0.017012
17.25 0.0084525
17.26 0.033917
17.27 0.059382
17.28 0.084847
17.29 0.11031
17.3 0.13578
17.31 0.16124
17.32 0.18671
17.33 0.21217
17.34 0.23764
17.35 0.2631
17.36 0.28857
17.37 0.31403
17.38 0.33949
17.39 0.36496
17.4 0.39042
17.41 0.41589
17.42 0.44135
17.43 0.46682
17.44 0.49228
17.45 0.51775
17.46 0.54321
17.47 0.56868
17.48 0.59414
17.49 0.61961
17.5 0.64507
17.51 0.67054
17.52 0.696
17.53 0.72147
17.54 0.74693
17.55 0.7724
17.56 0.79786
17.57 0.82333
17.58 0.84879
17.59 0.87426
17.6 0.89972
17.61 0.92518
17.62 0.95065
17.63 0.97611
17.64 0.99842
17.65 0.97296
17.66 0.94749
17.67 0.92203
17.68 0.89656
17.69 0.8711
17.7 0.84563
17.71 0.82017
17.72 0.7947
17.73 0.76924
17.74 0.74377
17.75 0.71831
17.76 0.69284
17.77 0.66738
17.78 0.64191
17.79 0.61645
17.8 0.59098
17.81 0.56552
17.82 0.54005
17.83 0.51459
17.84 0.48912
17.85 0.46366
17.86 0.4382
17.87 0.41273
17.88 0.38727
17.89 0.3618
17.9 0.33634
17.91 0.31087
17.92 0.28541
17.93 0.25994
17.94 0.23448
17.95 0.20901
17.96 0.18355
17.97 0.15808
17.98 0.13262
17.99 0.10715
18 0.081688
18.01 0.056223
18.02 0.030759
18.03 0.0052938
18.04 -0.020171
18.05 -0.045636
18.06 -0.071101
18.07 -0.096565
18.08 -0.12203
18.09 -0.14749
18.1 -0.17296
18.11 -0.19842
18.12 -0.22389
18.13 -0.24935
18.14 -0.27482
18.15 -0.30028
18.16 -0.32575
18.17 -0.35121
18.18 -0.37668
18.19 -0.40214
18.2 -0.42761
18.21 -0.45307
18.22 -0.47854
18.23 -0.504
18.24 -0.52947
18.25 -0.55493
18.26 -0.5804
18.27 -0.60586
18.28 -0.63133
18.29 -0.65679
18.3 -0.68226
18.31 -0.70772
18.32 -0.73319
18.33 -0.75865
18.34 -0.78411
18.35 -0.80958
18.36 -0.83504
18.37 -0.86051
18.38 -0.88597
18.39 -0.91144
18.4 -0.9369
18.41 -0.96237
18.42 -0.98783
18.43 -0.9867
18.44 -0.96124
18.45 -0.93577
18.46 -0.91031
18.47 -0.88484
18.48 -0.85938
18.49 -0.83391
18.5 1
18.51 1
18.52 1
18.53 1
18.54 1
18.55 1
18.56 1
18.57 1
18.58 1
18.59 1
18.6 1
18.61 1
18.62 1
18.63 1
18.64 1
18.65 1
18.66 1
18.67 1
18.68 1
18.69 1
18.7 1
18.71 1
18.72 1
18.73 1
18.74 1
18.75 1
18.76 1
18.77 1
18.78 1
18.79 1
18.8 1
18.81 1
18.82 1
18.83 1
18.84 1
18.85 1
18.86 1
18.87 1
18.88 1
18.89 1
18.9 1
18.91 1
18.92 1
18.93 1
18.94 1
18.95 1
18.96 1
18.97 1
18.98 1
18.99 1
19 1
19.01 1
19.02 1
19.03 1
19.04 1
19.05 1
19.06 1
19.07 1
19.08 1
19.09 1
19.1 1
19.11 1
19.12 1
19.13 1
19.14 1
19.15 1
19.16 1
19.17 1
19.18 1
19.19 1
19.2 1
19.21 1
19.22 1
19.23 1
19.24 1
19.25 1
19.26 1
19.27 1
19.28 1
19.29 -1
19.3 -1
19.31 -1
19.32 -1
19.33 -1
19.34 -1
19.35 -1
19.36 -1
19.37 -1
19.38 -1
19.39 -1
19.4 -1
19.41 -1
19.42 -1
19.43 -1
19.44 -1
19.45 -1
19.46 -1
19.47 -1
19.48 -1
19.49 -1
19.5 -1
19.51 -1
19.52 -1
19.53 -1
19.54 -1
19.55 -1
19.56 -1
19.57 -1
19.58 -1
19.59 -1
19.6 -1
19.61 -1
19.62 -1
19.63 -1
19.64 -1
19.65 -1
19.66 -1
19.67 -1
19.68 -1
19.69 -1
19.7 -1
19.71 -1
19.72 -1
19.73 -1
19.74 -1
19.75 -1
19.76 -1
19.77 -1
19.78 -1
19.79 -1
19.8 -1
19.81 -1
19.82 -1
19.83 -1
19.84 -1
19.85 -1
19.86 -1
19.87 -1
19.88 -1
19.89 -1
19.9 -1
19.91 -1
19.92 -1
19.93 -1
19.94 -1
19.95 -1
19.96 -1
19.97 -1
19.98 -1
19.99 -1
20 -1
20.01 -1
20.02 -1
20.03 -1
20.04 -1
20.05 -1
20.06 -1
20.07 -1
20.08 1
20.09 1
20.1 1
20.11 1
20.12 1
20.13 1
20.14 1
20.15 1
20.16 1
20.17 1
20.18 1
20.19 1
20.2 1
20.21 1
20.22 1
20.23 1
20.24 1
20.25 1
20.26 1
20.27 1
20.28 1
20.29 1
20.3 1
20.31 1
20.32 1
20.33 1
20.34 1
20.35 1
20.36 1
20.37 1
20.38 1
20.39 1
20.4 1
20.41 1
20.42 1
20.43 1
20.44 1
20.45 1
20.46 1
20.47 1
20.48 1
20.49 1
20.5 1
20.51 1
20.52 1
20.53 1
20.54 1
20.55 1
20.56 1
20.57 1
20.58 1
20.59 1
20.6 1
20.61 1
20.62 1
20.63 1
20.64 1
20.65 1
20.66 1
20.67 1
20.68 1
20.69 1
20.7 1
20.71 1
20.72 1
20.73 1
20.74 1
20.75 1
20.76 1
20.77 1
20.78 1
20.79 1
20.8 1
20.81 1
20.82 1
20.83 1
20.84 1
20.85 1
20.86 -1
20.87 -1
20.88 -1
20.89 -1
20.9 -1
20.91 -1
20.92 -1
20.93 -1
20.94 -1
20.95 -1
20.96 -1
20.97 -1
20.98 -1
20.99 -1
21 -1
21.01 -1
21.02 -1
21.03 -1
21.04 -1
21.05 -1
21.06 -1
21.07 -1
21.08 -1
21.09 -1
21.1 -1
21.11 -1
21.12 -1
21.13 -1
21.14 -1
21.15 -1
21.16 -1
21.17 -1
21.18 -1
21.19 -1
21.2 -1
21.21 -1
21.22 -1
21.23 -1
21.24 -1
21.25 -1
21.26 -1
21.27 -1
21.28 -1
21.29 -1
21.3 -1
21.31 -1
21.32 -1
21.33 -1
21.34 -1
21.35 -1
21.36 -1
21.37 -1
21.38 -1
21.39 -1
21.4 -1
21.41 -1
21.42 -1
21.43 -1
21.44 -1
21.45 -1
21.46 -1
21.47 -1
21.48 -1
21.49 -1
21.5 -1
21.51 -1
21.52 -1
21.53 -1
21.54 -1
21.55 -1
21.56 -1
21.57 -1
21.58 -1
21.59 -1
21.6 -1
21.61 -1
21.62 -1
21.63 -1
21.64 -1
21.65 1
21.66 1
21.67 1
21.68 1
21.69 1
21.7 1
21.71 1
21.72 1
21.73 1
21.74 1
21.75 1
21.76 1
21.77 1
21.78 1
21.79 1
21.8 1
21.81 1
21.82 1
21.83 1
21.84 1
21.85 1
21.86 1
21.87 1
21.88 1
21.89 1
21.9 1
21.91 1
21.92 1
21.93 1
21.94 1
21.95 1
21.96 1
21.97 1
21.98 1
21.99 1
22 1
22.01 1
22.02 1
22.03 1
22.04 1
22.05 1
22.06 1
22.07 1
22.08 1
22.09 1
22.1 1
22.11 1
22.12 1
22.13 1
22.14 1
22.15 1
22.16 1
22.17 1
22.18 1
22.19 1
22.2 1
22.21 1
22.22 1
22.23 1
22.24 1
22.25 1
22.26 1
22.27 1
22.28 1
22.29 1
22.3 1
22.31 1
22.32 1
22.33 1
22.34 1
22.35 1
22.36 1
22.37 1
22.38 1
22.39 1
22.4 1
22.41 1
22.42 1
22.43 -1
22.44 -1
22.45 -1
22.46 -1
22.47 -1
22.48 -1
22.49 -1
22.5 -1
22.51 -1
22.52 -1
22.53 -1
22.54 -1
22.55 -1
22.56 -1
22.57 -1
22.58 -1
22.59 -1
22.6 -1
22.61 -1
22.62 -1
22.63 -1
22.64 -1
22.65 -1
22.66 -1
22.67 -1
22.68 -1
22.69 -1
22.7 -1
22.71 -1
22.72 -1
22.73 -1
22.74 -1
22.75 -1
22.76 -1
22.77 -1
22.78 -1
22.79 -1
22.8 -1
22.81 -1
22.82 -1
22.83 -1
22.84 -1
22.85 -1
22.86 -1
22.87 -1
22.88 -1
22.89 -1
22.9 -1
22.91 -1
22.92 -1
22.93 -1
22.94 -1
22.95 -1
22.96 -1
22.97 -1
22.98 -1
22.99 -1
23 -1
23.01 -1
23.02 -1
23.03 -1
23.04 -1
23.05 -1
23.06 -1
23.07 -1
23.08 -1
23.09 -1
23.1 -1
23.11 -1
23.12 -1
23.13 -1
23.14 -1
23.15 -1
23.16 -1
23.17 -1
23.18 -1
23.19 -1
23.2 -1
23.21 -1
23.22 1
23.23 1
23.24 1
23.25 1
23.26 1
23.27 1
23.28 1
23.29 1
23.3 1
23.31 1
23.32 1
23.33 1
23.34 1
23.35 1
23.36 1
23.37 1
23.38 1
23.39 1
23.4 1
23.41 1
23.42 1
23.43 1
23.44 1
23.45 1
23.46 1
23.47 1
23.48 1
23.49 1
23.5 1
23.51 1
23.52 1
23.53 1
23.54 1
23.55 1
23.56 1
23.57 1
23.58 1
23.59 1
23.6 1
23.61 1
23.62 1
23.63 1
23.64 1
23.65 1
23.66 1
23.67 1
23.68 1
23.69 1
23.7 1
23.71 1
23.72 1
23.73 1
23.74 1
23.75 1
23.76 1
23.77 1
23.78 1
23.79 1
23.8 1
23.81 1
23.82 1
23.83 1
23.84 1
23.85 1
23.86 1
23.87 1
23.88 1
23.89 1
23.9 1
23.91 1
23.92 1
23.93 1
23.94 1
23.95 1
23.96 1
23.97 1
23.98 1
23.99 1
24 -1
24.01 -1
24.02 -1
24.03 -1
24.04 -1
24.05 -1
24.06 -1
24.07 -1
24.08 -1
24.09 -1
24.1 -1
24.11 -1
24.12 -1
24.13 -1
24.14 -1
24.15 -1
24.16 -1
24.17 -1
24.18 -1
24.19 -1
24.2 -1
24.21 -1
24.22 -1
24.23 -1
24.24 -1
24.25 -1
24.26 -1
24.27 -1
24.28 -1
24.29 -1
24.3 -1
24.31 -1
24.32 -1
24.33 -1
24.34 -1
24.35 -1
24.36 -1
24.37 -1
24.38 -1
24.39 -1
24.4 -1
24.41 -1
24.42 -1
24.43 -1
24.44 -1
24.45 -1
24.46 -1
24.47 -1
24.48 -1
24.49 -1
24.5 -1
24.51 -1
24.52 -1
24.53 -1
24.54 -1
24.55 -1
24.56 -1
24.57 -1
24.58 -1
24.59 -1
24.6 -1
24.61 -1
24.62 -1
24.63 -1
24.64 -1
24.65 -1
24.66 -1
24.67 -1
24.68 -1
24.69 -1
24.7 -1
24.71 -1
24.72 -1
24.73 -1
24.74 -1
24.75 -1
24.76 -1
24.77 -1
24.78 -1
24.79 1
24.8 1
24.81 1
24.82 1
24.83 1
24.84 1
24.85 1
24.86 1
24.87 1
24.88 1
24.89 1
24.9 1
24.91 1
24.92 1
24.93 1
24.94 1
24.95 1
24.96 1
24.97 1
24.98 1
24.99 1
25 1
25.01 1
25.02 1
25.03 1
25.04 1
25.05 1
25.06 1
25.07 1
25.08 1
25.09 1
25.1 1
25.11 1
25.12 1
25.13 1
25.14 1
25.15 1
25.16 1
25.17 1
25.18 1
25.19 1
25.2 1
25.21 1
25.22 1
25.23 1
25.24 1
25.25 1
25.26 1
25.27 1
25.28 1
25.29 1
25.3 1
25.31 1
25.32 1
25.33 1
25.34 1
25.35 1
25.36 1
25.37 1
25.38 1
25.39 1
25.4 1
25.41 1
25.42 1
25.43 1
25.44 1
25.45 1
25.46 1
25.47 1
25.48 1
25.49 1
25.5 1
25.51 1
25.52 1
25.53 1
25.54 1
25.55 1
25.56 1
25.57 -1
25.58 -1
25.59 -1
25.6 -1
25.61 -1
25.62 -1
25.63 -1
25.64 -1
25.65 -1
25.66 -1
25.67 -1
25.68 -1
25.69 -1
25.7 -1
25.71 -1
25.72 -1
25.73 -1
25.74 -1
25.75 -1
25.76 -1
25.77 -1
25.78 -1
25.79 -1
25.8 -1
25.81 -1
25.82 -1
25.83 -1
25.84 -1
25.85 -1
25.86 -1
25.87 -1
25.88 -1
25.89 -1
25.9 -1
25.91 -1
25.92 -1
25.93 -1
25.94 -1
25.95 -1
25.96 -1
25.97 -1
25.98 -1
25.99 -1
26 -1
26.01 -1
26.02 -1
26.03 -1
26.04 -1
26.05 -1
26.06 -1
26.07 -1
26.08 -1
26.09 -1
26.1 -1
26.11 -1
26.12 -1
26.13 -1
26.14 -1
26.15 -1
26.16 -1
26.17 -1
26.18 -1
26.19 -1
26.2 -1
26.21 -1
26.22 -1
26.23 -1
26.24 -1
26.25 -1
26.26 -1
26.27 -1
26.28 -1
26.29 -1
26.3 -1
26.31 -1
26.32 -1
26.33 -1
26.34 -1
26.35 -1
26.36 1
26.37 1
26.38 1
26.39 1
26.4 1
26.41 1
26.42 1
26.43 1
26.44 1
26.45 1
26.46 1
26.47 1
26.48 1
26.49 1
26.5 1
26.51 1
26.52 1
26.53 1
26.54 1
26.55 1
26.56 1
26.57 1
26.58 1
26.59 1
26.6 1
26.61 1
26.62 1
26.63 1
26.64 1
26.65 1
26.66 1
26.67 1
26.68 1
26.69 1
26.7 1
26.71 1
26.72 1
26.73 1
26.74 1
26.75 1
26.76 1
26.77 1
26.78 1
26.79 1
26.8 1
26.81 1
26.82 1
26.83 1
26.84 1
26.85 1
26.86 1
26.87 1
26.88 1
26.89 1
26.9 1
26.91 1
26.92 1
26.93 1
26.94 1
26.95 1
26.96 1
26.97 1
26.98 1
26.99 1
27 1
27.01 1
27.02 1
27.03 1
27.04 1
27.05 1
27.06 1
27.07 1
27.08 1
27.09 1
27.1 1
27.11 1
27.12 1
27.13 1
27.14 -1
27.15 -1
27.16 -1
27.17 -1
27.18 -1
27.19 -1
27.2 -1
27.21 -1
27.22 -1
27.23 -1
27.24 -1
27.25 -1
27.26 -1
27.27 -1
27.28 -1
27.29 -1
27.3 -1
27.31 -1
27.32 -1
27.33 -1
27.34 -1
27.35 -1
27.36 -1
27.37 -1
27.38 -1
27.39 -1
27.4 -1
27.41 -1
27.42 -1
27.43 -1
27.44 -1
27.45 -1
27.46 -1
27.47 -1
27.48 -1
27.49 -1
