0 0.0058592
0.01 0.018592
0.02 0.031324
0.03 0.044056
0.04 0.056789
0.05 0.069521
0.06 0.082254
0.07 0.094986
0.08 0.10772
0.09 0.12045
0.1 0.13318
0.11 0.14592
0.12 0.15865
0.13 0.17138
0.14 0.18411
0.15 0.19685
0.16 0.20958
0.17 0.22231
0.18 0.23504
0.19 0.24777
0.2 0.26051
0.21 0.27324
0.22 0.28597
0.23 0.2987
0.24 0.31144
0.25 0.32417
0.26 0.3369
0.27 0.34963
0.28 0.36237
0.29 0.3751
0.3 0.38783
0.31 0.40056
0.32 0.4133
0.33 0.42603
0.34 0.43876
0.35 0.45149
0.36 0.46423
0.37 0.47696
0.38 0.48969
0.39 0.50242
0.4 0.51516
0.41 0.52789
0.42 0.54062
0.43 0.55335
0.44 0.56608
0.45 0.57882
0.46 0.59155
0.47 0.60428
0.48 0.61701
0.49 0.62975
0.5 0.64248
0.51 0.65521
0.52 0.66794
0.53 0.68068
0.54 0.69341
0.55 0.70614
0.56 0.71887
0.57 0.73161
0.58 0.74434
0.59 0.75707
0.6 0.7698
0.61 0.78254
0.62 0.79527
0.63 0.808
0.64 0.82073
0.65 0.83346
0.66 0.8462
0.67 0.85893
0.68 0.87166
0.69 0.88439
0.7 0.89713
0.71 0.90986
0.72 0.92259
0.73 0.93532
0.74 0.94806
0.75 0.96079
0.76 0.97352
0.77 0.98625
0.78 0.99899
0.79 0.98828
0.8 0.97555
0.81 0.96282
0.82 0.95008
0.83 0.93735
0.84 0.92462
0.85 0.91189
0.86 0.89915
0.87 0.88642
0.88 0.87369
0.89 0.86096
0.9 0.84823
0.91 0.83549
0.92 0.82276
0.93 0.81003
0.94 0.7973
0.95 0.78456
0.96 0.77183
0.97 0.7591
0.98 0.74637
0.99 0.73363
1 0.7209
1.01 0.70817
1.02 0.69544
1.03 0.6827
1.04 0.66997
1.05 0.65724
1.06 0.64451
1.07 0.63177
1.08 0.61904
1.09 0.60631
1.1 0.59358
1.11 0.58084
1.12 0.56811
1.13 0.55538
1.14 0.54265
1.15 0.52992
1.16 0.51718
1.17 0.50445
1.18 0.49172
1.19 0.47899
1.2 0.46625
1.21 0.45352
1.22 0.44079
1.23 0.42806
1.24 0.41532
1.25 0.40259
1.26 0.38986
1.27 0.37713
1.28 0.36439
1.29 0.35166
1.3 0.33893
1.31 0.3262
1.32 0.31346
1.33 0.30073
1.34 0.288
1.35 0.27527
1.36 0.26253
1.37 0.2498
1.38 0.23707
1.39 0.22434
1.4 0.21161
1.41 0.19887
1.42 0.18614
1.43 0.17341
1.44 0.16068
1.45 0.14794
1.46 0.13521
1.47 0.12248
1.48 0.10975
1.49 0.097014
1.5 0.084281
1.51 0.071549
1.52 0.058817
1.53 0.046084
1.54 0.033352
1.55 0.020619
1.56 0.0078871
1.57 -0.0048453
1.58 -0.017578
1.59 -0.03031
1.6 -0.043043
1.61 -0.055775
1.62 -0.068507
1.63 -0.08124
1.64 -0.093972
1.65 -0.1067
1.66 -0.11944
1.67 -0.13217
1.68 -0.1449
1.69 -0.15763
1.7 -0.17037
1.71 -0.1831
1.72 -0.19583
1.73 -0.20856
1.74 -0.2213
1.75 -0.23403
1.76 -0.24676
1.77 -0.25949
1.78 -0.27223
1.79 -0.28496
1.8 -0.29769
1.81 -0.31042
1.82 -0.32316
1.83 -0.33589
1.84 -0.34862
1.85 -0.36135
1.86 -0.37408
1.87 -0.38682
1.88 -0.39955
1.89 -0.41228
1.9 -0.42501
1.91 -0.43775
1.92 -0.45048
1.93 -0.46321
1.94 -0.47594
1.95 -0.48868
1.96 -0.50141
1.97 -0.51414
1.98 -0.52687
1.99 -0.53961
2 -0.55234
2.01 -0.56507
2.02 -0.5778
2.03 -0.59054
2.04 -0.60327
2.05 -0.616
2.06 -0.62873
2.07 -0.64147
2.08 -0.6542
2.09 -0.66693
2.1 -0.67966
2.11 -0.69239
2.12 -0.70513
2.13 -0.71786
2.14 -0.73059
2.15 -0.74332
2.16 -0.75606
2.17 -0.76879
2.18 -0.78152
2.19 -0.79425
2.2 -0.80699
2.21 -0.81972
2.22 -0.83245
2.23 -0.84518
2.24 -0.85792
2.25 -0.87065
2.26 -0.88338
2.27 -0.89611
2.28 -0.90885
2.29 -0.92158
2.3 -0.93431
2.31 -0.94704
2.32 -0.95977
2.33 -0.97251
2.34 -0.98524
2.35 -0.99797
2.36 -0.9893
2.37 -0.97656
2.38 -0.96383
2.39 -0.9511
2.4 -0.93837
2.41 -0.92563
2.42 -0.9129
2.43 -0.90017
2.44 -0.88744
2.45 -0.8747
2.46 -0.86197
2.47 -0.84924
2.48 -0.83651
2.49 -0.82377
2.5 -0.81104
2.51 -0.79831
2.52 -0.78558
2.53 -0.77284
2.54 -0.76011
2.55 -0.74738
2.56 -0.73465
2.57 -0.72192
2.58 -0.70918
2.59 -0.69645
2.6 -0.68372
2.61 -0.67099
2.62 -0.65825
2.63 -0.64552
2.64 -0.63279
2.65 -0.62006
2.66 -0.60732
2.67 -0.59459
2.68 -0.58186
2.69 -0.56913
2.7 -0.55639
2.71 -0.54366
2.72 -0.53093
2.73 -0.5182
2.74 -0.50546
2.75 -0.49273
2.76 -0.48
2.77 -0.46727
2.78 -0.45453
2.79 -0.4418
2.8 -0.42907
2.81 -0.41634
2.82 -0.40361
2.83 -0.39087
2.84 -0.37814
2.85 -0.36541
2.86 -0.35268
2.87 -0.33994
2.88 -0.32721
2.89 -0.31448
2.9 -0.30175
2.91 -0.28901
2.92 -0.27628
2.93 -0.26355
2.94 -0.25082
2.95 -0.23808
2.96 -0.22535
2.97 -0.21262
2.98 -0.19989
2.99 -0.18715
3 -0.17442
3.01 -0.16169
3.02 -0.14896
3.03 -0.13622
3.04 -0.12349
3.05 -0.11076
3.06 -0.098028
3.07 -0.085295
3.08 -0.072563
3.09 -0.059831
3.1 -0.047098
3.11 -0.034366
3.12 -0.021633
3.13 -0.008901
3.14 0.0038314
3.15 0.016564
3.16 0.029296
3.17 0.042029
3.18 0.054761
3.19 0.067493
3.2 0.080226
3.21 0.092958
3.22 0.10569
3.23 0.11842
3.24 0.13116
3.25 0.14389
3.26 0.15662
3.27 0.16935
3.28 0.18208
3.29 0.19482
3.3 0.20755
3.31 0.22028
3.32 0.23301
3.33 0.24575
3.34 0.25848
3.35 0.27121
3.36 0.28394
3.37 0.29668
3.38 0.30941
3.39 0.32214
3.4 0.33487
3.41 0.34761
3.42 0.36034
3.43 0.37307
3.44 0.3858
3.45 0.39854
3.46 0.41127
3.47 0.424
3.48 0.43673
3.49 0.44947
3.5 0.4622
3.51 0.47493
3.52 0.48766
3.53 0.50039
3.54 0.51313
3.55 0.52586
3.56 0.53859
3.57 0.55132
3.58 0.56406
3.59 0.57679
3.6 0.58952
3.61 0.60225
3.62 0.61499
3.63 0.62772
3.64 0.64045
3.65 0.65318
3.66 0.66592
3.67 0.67865
3.68 0.69138
3.69 0.70411
3.7 0.71685
3.71 0.72958
3.72 0.74231
3.73 0.75504
3.74 0.76778
3.75 0.78051
3.76 0.79324
3.77 0.80597
3.78 0.8187
3.79 0.83144
3.8 0.84417
3.81 0.8569
3.82 0.86963
3.83 0.88237
3.84 0.8951
3.85 0.90783
3.86 0.92056
3.87 0.9333
3.88 0.94603
3.89 0.95876
3.9 0.97149
3.91 0.98423
3.92 0.99696
3.93 0.99031
3.94 0.97758
3.95 0.96484
3.96 0.95211
3.97 0.93938
3.98 0.92665
3.99 0.91391
4 0.90118
4.01 0.88845
4.02 0.87572
4.03 0.86299
4.04 0.85025
4.05 0.83752
4.06 0.82479
4.07 0.81206
4.08 0.79932
4.09 0.78659
4.1 0.77386
4.11 0.76113
4.12 0.74839
4.13 0.73566
4.14 0.72293
4.15 0.7102
4.16 0.69746
4.17 0.68473
4.18 0.672
4.19 0.65927
4.2 0.64653
4.21 0.6338
4.22 0.62107
4.23 0.60834
4.24 0.59561
4.25 0.58287
4.26 0.57014
4.27 0.55741
4.28 0.54468
4.29 0.53194
4.3 0.51921
4.31 0.50648
4.32 0.49375
4.33 0.48101
4.34 0.46828
4.35 0.45555
4.36 0.44282
4.37 0.43008
4.38 0.41735
4.39 0.40462
4.4 0.39189
4.41 0.37915
4.42 0.36642
4.43 0.35369
4.44 0.34096
4.45 0.32822
4.46 0.31549
4.47 0.30276
4.48 0.29003
4.49 0.2773
4.5 0.26456
4.51 0.25183
4.52 0.2391
4.53 0.22637
4.54 0.21363
4.55 0.2009
4.56 0.18817
4.57 0.17544
4.58 0.1627
4.59 0.14997
4.6 0.13724
4.61 0.12451
4.62 0.11177
4.63 0.099042
4.64 0.086309
4.65 0.073577
4.66 0.060844
4.67 0.048112
4.68 0.03538
4.69 0.022647
4.7 0.0099149
4.71 -0.0028175
4.72 -0.01555
4.73 -0.028282
4.74 -0.041015
4.75 -0.053747
4.76 -0.066479
4.77 -0.079212
4.78 -0.091944
4.79 -0.10468
4.8 -0.11741
4.81 -0.13014
4.82 -0.14287
4.83 -0.15561
4.84 -0.16834
4.85 -0.18107
4.86 -0.1938
4.87 -0.20654
4.88 -0.21927
4.89 -0.232
4.9 -0.24473
4.91 -0.25747
4.92 -0.2702
4.93 -0.28293
4.94 -0.29566
4.95 -0.30839
4.96 -0.32113
4.97 -0.33386
4.98 -0.34659
4.99 -0.35932
5 -0.37206
5.01 -0.38479
5.02 -0.39752
5.03 -0.41025
5.04 -0.42299
5.05 -0.43572
5.06 -0.44845
5.07 -0.46118
5.08 -0.47392
5.09 -0.48665
5.1 -0.49938
5.11 -0.51211
5.12 -0.52485
5.13 -0.53758
5.14 -0.55031
5.15 -0.56304
5.16 -0.57578
5.17 -0.58851
5.18 -0.60124
5.19 -0.61397
5.2 -0.6267
5.21 -0.63944
5.22 -0.65217
5.23 -0.6649
5.24 -0.67763
5.25 -0.69037
5.26 -0.7031
5.27 -0.71583
5.28 -0.72856
5.29 -0.7413
5.3 -0.75403
5.31 -0.76676
5.32 -0.77949
5.33 -0.79223
5.34 -0.80496
5.35 -0.81769
5.36 -0.83042
5.37 -0.84316
5.38 -0.85589
5.39 -0.86862
5.4 -0.88135
5.41 -0.89409
5.42 -0.90682
5.43 -0.91955
5.44 -0.93228
5.45 -0.94501
5.46 -0.95775
5.47 -0.97048
5.48 -0.98321
5.49 -0.99594
5.5 -0.99132
5.51 -0.97859
5.52 -0.96586
5.53 -0.95313
5.54 -0.94039
5.55 -0.92766
5.56 -0.91493
5.57 -0.9022
5.58 -0.88946
5.59 -0.87673
5.6 -0.864
5.61 -0.85127
5.62 -0.83853
5.63 -0.8258
5.64 -0.81307
5.65 -0.80034
5.66 -0.7876
5.67 -0.77487
5.68 -0.76214
5.69 -0.74941
5.7 -0.73668
5.71 -0.72394
5.72 -0.71121
5.73 -0.69848
5.74 -0.68575
5.75 -0.67301
5.76 -0.66028
5.77 -0.64755
5.78 -0.63482
5.79 -0.62208
5.8 -0.60935
5.81 -0.59662
5.82 -0.58389
5.83 -0.57115
5.84 -0.55842
5.85 -0.54569
5.86 -0.53296
5.87 -0.52022
5.88 -0.50749
5.89 -0.49476
5.9 -0.48203
5.91 -0.4693
5.92 -0.45656
5.93 -0.44383
5.94 -0.4311
5.95 -0.41837
5.96 -0.40563
5.97 -0.3929
5.98 -0.38017
5.99 -0.36744
6 -0.3547
6.01 -0.34197
6.02 -0.32924
6.03 -0.31651
6.04 -0.30377
6.05 -0.29104
6.06 -0.27831
6.07 -0.26558
6.08 -0.25284
6.09 -0.24011
6.1 -0.22738
6.11 -0.21465
6.12 -0.20191
6.13 -0.18918
6.14 -0.17645
6.15 -0.16372
6.16 -0.15099
6.17 -0.13825
6.18 -0.12552
6.19 -0.11279
6.2 -0.10006
6.21 -0.087323
6.22 -0.074591
6.23 -0.061858
6.24 -0.049126
6.25 -0.036394
6.26 -0.023661
6.27 -0.010929
6.28 0.0018036
6.29 0.014536
6.3 0.027268
6.31 0.040001
6.32 0.052733
6.33 0.065466
6.34 0.078198
6.35 0.09093
6.36 0.10366
6.37 0.1164
6.38 0.12913
6.39 0.14186
6.4 0.15459
6.41 0.16732
6.42 0.18006
6.43 0.19279
6.44 0.20552
6.45 0.21825
6.46 0.23099
6.47 0.24372
6.48 0.25645
6.49 0.26918
6.5 0.28192
6.51 0.29465
6.52 0.30738
6.53 0.32011
6.54 0.33285
6.55 0.34558
6.56 0.35831
6.57 0.37104
6.58 0.38378
6.59 0.39651
6.6 0.40924
6.61 0.42197
6.62 0.43471
6.63 0.44744
6.64 0.46017
6.65 0.4729
6.66 0.48563
6.67 0.49837
6.68 0.5111
6.69 0.52383
6.7 0.53656
6.71 0.5493
6.72 0.56203
6.73 0.57476
6.74 0.58749
6.75 0.60023
6.76 0.61296
6.77 0.62569
6.78 0.63842
6.79 0.65116
6.8 0.66389
6.81 0.67662
6.82 0.68935
6.83 0.70209
6.84 0.71482
6.85 0.72755
6.86 0.74028
6.87 0.75301
6.88 0.76575
6.89 0.77848
6.9 0.79121
6.91 0.80394
6.92 0.81668
6.93 0.82941
6.94 0.84214
6.95 0.85487
6.96 0.86761
6.97 0.88034
6.98 0.89307
6.99 0.9058
7 0.91854
7.01 0.93127
7.02 0.944
7.03 0.95673
7.04 0.96947
7.05 0.9822
7.06 0.99493
7.07 0.99234
7.08 0.9796
7.09 0.96687
7.1 0.95414
7.11 0.94141
7.12 0.92868
7.13 0.91594
7.14 0.90321
7.15 0.89048
7.16 0.87775
7.17 0.86501
7.18 0.85228
7.19 0.83955
7.2 0.82682
7.21 0.81408
7.22 0.80135
7.23 0.78862
7.24 0.77589
7.25 0.76315
7.26 0.75042
7.27 0.73769
7.28 0.72496
7.29 0.71222
7.3 0.69949
7.31 0.68676
7.32 0.67403
7.33 0.66129
7.34 0.64856
7.35 0.63583
7.36 0.6231
7.37 0.61037
7.38 0.59763
7.39 0.5849
7.4 0.57217
7.41 0.55944
7.42 0.5467
7.43 0.53397
7.44 0.52124
7.45 0.50851
7.46 0.49577
7.47 0.48304
7.48 0.47031
7.49 0.45758
7.5 0.44484
7.51 0.43211
7.52 0.41938
7.53 0.40665
7.54 0.39391
7.55 0.38118
7.56 0.36845
7.57 0.35572
7.58 0.34299
7.59 0.33025
7.6 0.31752
7.61 0.30479
7.62 0.29206
7.63 0.27932
7.64 0.26659
7.65 0.25386
7.66 0.24113
7.67 0.22839
7.68 0.21566
7.69 0.20293
7.7 0.1902
7.71 0.17746
7.72 0.16473
7.73 0.152
7.74 0.13927
7.75 0.12653
7.76 0.1138
7.77 0.10107
7.78 0.088337
7.79 0.075605
7.8 0.062872
7.81 0.05014
7.82 0.037408
7.83 0.024675
7.84 0.011943
7.85 -0.00078967
7.86 -0.013522
7.87 -0.026254
7.88 -0.038987
7.89 -0.051719
7.9 -0.064452
7.91 -0.077184
7.92 -0.089916
7.93 -0.10265
7.94 -0.11538
7.95 -0.12811
7.96 -0.14085
7.97 -0.15358
7.98 -0.16631
7.99 -0.17904
8 -0.19178
8.01 -0.20451
8.02 -0.21724
8.03 -0.22997
8.04 -0.24271
8.05 -0.25544
8.06 -0.26817
8.07 -0.2809
8.08 -0.29363
8.09 -0.30637
8.1 -0.3191
8.11 -0.33183
8.12 -0.34456
8.13 -0.3573
8.14 -0.37003
8.15 -0.38276
8.16 -0.39549
8.17 -0.40823
8.18 -0.42096
8.19 -0.43369
8.2 -0.44642
8.21 -0.45916
8.22 -0.47189
8.23 -0.48462
8.24 -0.49735
8.25 -0.51009
8.26 -0.52282
8.27 -0.53555
8.28 -0.54828
8.29 -0.56102
8.3 -0.57375
8.31 -0.58648
8.32 -0.59921
8.33 -0.61194
8.34 -0.62468
8.35 -0.63741
8.36 -0.65014
8.37 -0.66287
8.38 -0.67561
8.39 -0.68834
8.4 -0.70107
8.41 -0.7138
8.42 -0.72654
8.43 -0.73927
8.44 -0.752
8.45 -0.76473
8.46 -0.77747
8.47 -0.7902
8.48 -0.80293
8.49 -0.81566
8.5 -0.8284
8.51 -0.84113
8.52 -0.85386
8.53 -0.86659
8.54 -0.87932
8.55 -0.89206
8.56 -0.90479
8.57 -0.91752
8.58 -0.93025
8.59 -0.94299
8.6 -0.95572
8.61 -0.96845
8.62 -0.98118
8.63 -0.99392
8.64 -0.99335
8.65 -0.98062
8.66 -0.96789
8.67 -0.95515
8.68 -0.94242
8.69 -0.92969
8.7 -0.91696
8.71 -0.90422
8.72 -0.89149
8.73 -0.87876
8.74 -0.86603
8.75 -0.85329
8.76 -0.84056
8.77 -0.82783
8.78 -0.8151
8.79 -0.80237
8.8 -0.78963
8.81 -0.7769
8.82 -0.76417
8.83 -0.75144
8.84 -0.7387
8.85 -0.72597
8.86 -0.71324
8.87 -0.70051
8.88 -0.68777
8.89 -0.67504
8.9 -0.66231
8.91 -0.64958
8.92 -0.63684
8.93 -0.62411
8.94 -0.61138
8.95 -0.59865
8.96 -0.58591
8.97 -0.57318
8.98 -0.56045
8.99 -0.54772
9 -0.53498
9.01 -0.52225
9.02 -0.50952
9.03 -0.49679
9.04 -0.48406
9.05 -0.47132
9.06 -0.45859
9.07 -0.44586
9.08 -0.43313
9.09 -0.42039
9.1 -0.40766
9.11 -0.39493
9.12 -0.3822
9.13 -0.36946
9.14 -0.35673
9.15 -0.344
9.16 -0.33127
9.17 -0.31853
9.18 -0.3058
9.19 -0.29307
9.2 -0.28034
9.21 -0.2676
9.22 -0.25487
9.23 -0.24214
9.24 -0.22941
9.25 -0.21667
9.26 -0.20394
9.27 -0.19121
9.28 -0.17848
9.29 -0.16575
9.3 -0.15301
9.31 -0.14028
9.32 -0.12755
9.33 -0.11482
9.34 -0.10208
9.35 -0.089351
9.36 -0.076619
9.37 -0.063886
9.38 -0.051154
9.39 -0.038421
9.4 -0.025689
9.41 -0.012957
9.42 -0.00022425
9.43 0.012508
9.44 0.025241
9.45 0.037973
9.46 0.050705
9.47 0.063438
9.48 0.07617
9.49 0.088903
9.5 0.10163
9.51 0.11437
9.52 0.1271
9.53 0.13983
9.54 0.15256
9.55 0.1653
9.56 0.17803
9.57 0.19076
9.58 0.20349
9.59 0.21623
9.6 0.22896
9.61 0.24169
9.62 0.25442
9.63 0.26716
9.64 0.27989
9.65 0.29262
9.66 0.30535
9.67 0.31809
9.68 0.33082
9.69 0.34355
9.7 0.35628
9.71 0.36902
9.72 0.38175
9.73 0.39448
9.74 0.40721
9.75 0.41994
9.76 0.43268
9.77 0.44541
9.78 0.45814
9.79 0.47087
9.8 0.48361
9.81 0.49634
9.82 0.50907
9.83 0.5218
9.84 0.53454
9.85 0.54727
9.86 0.56
9.87 0.57273
9.88 0.58547
9.89 0.5982
9.9 0.61093
9.91 0.62366
9.92 0.6364
9.93 0.64913
9.94 0.66186
9.95 0.67459
9.96 0.68733
9.97 0.70006
9.98 0.71279
9.99 0.72552
10 0.73825
10.01 0.75099
10.02 0.76372
10.03 0.77645
10.04 0.78918
10.05 0.80192
10.06 0.81465
10.07 0.82738
10.08 0.84011
10.09 0.85285
10.1 0.86558
10.11 0.87831
10.12 0.89104
10.13 0.90378
10.14 0.91651
10.15 0.92924
10.16 0.94197
10.17 0.95471
10.18 0.96744
10.19 0.98017
10.2 0.9929
10.21 0.99437
10.22 0.98163
10.23 0.9689
10.24 0.95617
10.25 0.94344
10.26 0.9307
10.27 0.91797
10.28 0.90524
10.29 0.89251
10.3 0.87977
10.31 0.86704
10.32 0.85431
10.33 0.84158
10.34 0.82884
10.35 0.81611
10.36 0.80338
10.37 0.79065
10.38 0.77791
10.39 0.76518
10.4 0.75245
10.41 0.73972
10.42 0.72698
10.43 0.71425
10.44 0.70152
10.45 0.68879
10.46 0.67606
10.47 0.66332
10.48 0.65059
10.49 0.63786
10.5 0.62513
10.51 0.61239
10.52 0.59966
10.53 0.58693
10.54 0.5742
10.55 0.56146
10.56 0.54873
10.57 0.536
10.58 0.52327
10.59 0.51053
10.6 0.4978
10.61 0.48507
10.62 0.47234
10.63 0.4596
10.64 0.44687
10.65 0.43414
10.66 0.42141
10.67 0.40867
10.68 0.39594
10.69 0.38321
10.7 0.37048
10.71 0.35775
10.72 0.34501
10.73 0.33228
10.74 0.31955
10.75 0.30682
10.76 0.29408
10.77 0.28135
10.78 0.26862
10.79 0.25589
10.8 0.24315
10.81 0.23042
10.82 0.21769
10.83 0.20496
10.84 0.19222
10.85 0.17949
10.86 0.16676
10.87 0.15403
10.88 0.14129
10.89 0.12856
10.9 0.11583
10.91 0.1031
10.92 0.090365
10.93 0.077633
10.94 0.0649
10.95 0.052168
10.96 0.039435
10.97 0.026703
10.98 0.013971
10.99 0.0012382
11 -0.011494
11.01 -0.024227
11.02 -0.036959
11.03 -0.049691
11.04 -0.062424
11.05 -0.075156
11.06 -0.087889
11.07 -0.10062
11.08 -0.11335
11.09 -0.12609
11.1 -0.13882
11.11 -0.15155
11.12 -0.16428
11.13 -0.17702
11.14 -0.18975
11.15 -0.20248
11.16 -0.21521
11.17 -0.22794
11.18 -0.24068
11.19 -0.25341
11.2 -0.26614
11.21 -0.27887
11.22 -0.29161
11.23 -0.30434
11.24 -0.31707
11.25 -0.3298
11.26 -0.34254
11.27 -0.35527
11.28 -0.368
11.29 -0.38073
11.3 -0.39347
11.31 -0.4062
11.32 -0.41893
11.33 -0.43166
11.34 -0.4444
11.35 -0.45713
11.36 -0.46986
11.37 -0.48259
11.38 -0.49533
11.39 -0.50806
11.4 -0.52079
11.41 -0.53352
11.42 -0.54625
11.43 -0.55899
11.44 -0.57172
11.45 -0.58445
11.46 -0.59718
11.47 -0.60992
11.48 -0.62265
11.49 -0.63538
11.5 -0.64811
11.51 -0.66085
11.52 -0.67358
11.53 -0.68631
11.54 -0.69904
11.55 -0.71178
11.56 -0.72451
11.57 -0.73724
11.58 -0.74997
11.59 -0.76271
11.6 -0.77544
11.61 -0.78817
11.62 -0.8009
11.63 -0.81364
11.64 -0.82637
11.65 -0.8391
11.66 -0.85183
11.67 -0.86456
11.68 -0.8773
11.69 -0.89003
11.7 -0.90276
11.71 -0.91549
11.72 -0.92823
11.73 -0.94096
11.74 -0.95369
11.75 -0.96642
11.76 -0.97916
11.77 -0.99189
11.78 -0.99538
11.79 -0.98265
11.8 -0.96991
11.81 -0.95718
11.82 -0.94445
11.83 -0.93172
11.84 -0.91898
11.85 -0.90625
11.86 -0.89352
11.87 -0.88079
11.88 -0.86805
11.89 -0.85532
11.9 -0.84259
11.91 -0.82986
11.92 -0.81713
11.93 -0.80439
11.94 -0.79166
11.95 -0.77893
11.96 -0.7662
11.97 -0.75346
11.98 -0.74073
11.99 -0.728
12 -0.71527
12.01 -0.70253
12.02 -0.6898
12.03 -0.67707
12.04 -0.66434
12.05 -0.6516
12.06 -0.63887
12.07 -0.62614
12.08 -0.61341
12.09 -0.60067
12.1 -0.58794
12.11 -0.57521
12.12 -0.56248
12.13 -0.54975
12.14 -0.53701
12.15 -0.52428
12.16 -0.51155
12.17 -0.49882
12.18 -0.48608
12.19 -0.47335
12.2 -0.46062
12.21 -0.44789
12.22 -0.43515
12.23 -0.42242
12.24 -0.40969
12.25 -0.39696
12.26 -0.38422
12.27 -0.37149
12.28 -0.35876
12.29 -0.34603
12.3 -0.33329
12.31 -0.32056
12.32 -0.30783
12.33 -0.2951
12.34 -0.28236
12.35 -0.26963
12.36 -0.2569
12.37 -0.24417
12.38 -0.23144
12.39 -0.2187
12.4 -0.20597
12.41 -0.19324
12.42 -0.18051
12.43 -0.16777
12.44 -0.15504
12.45 -0.14231
12.46 -0.12958
12.47 -0.11684
12.48 -0.10411
12.49 -0.091379
12.5 -0.078646
12.51 -0.065914
12.52 -0.053182
12.53 -0.040449
12.54 -0.027717
12.55 -0.014984
12.56 -0.0022521
12.57 0.01048
12.58 0.023213
12.59 0.035945
12.6 0.048678
12.61 0.06141
12.62 0.074142
12.63 0.086875
12.64 0.099607
12.65 0.11234
12.66 0.12507
12.67 0.1378
12.68 0.15054
12.69 0.16327
12.7 0.176
12.71 0.18873
12.72 0.20147
12.73 0.2142
12.74 0.22693
12.75 0.23966
12.76 0.2524
12.77 0.26513
12.78 0.27786
12.79 0.29059
12.8 0.30333
12.81 0.31606
12.82 0.32879
12.83 0.34152
12.84 0.35425
12.85 0.36699
12.86 0.37972
12.87 0.39245
12.88 0.40518
12.89 0.41792
12.9 0.43065
12.91 0.44338
12.92 0.45611
12.93 0.46885
12.94 0.48158
12.95 0.49431
12.96 0.50704
12.97 0.51978
12.98 0.53251
12.99 0.54524
13 0.55797
13.01 0.57071
13.02 0.58344
13.03 0.59617
13.04 0.6089
13.05 0.62164
13.06 0.63437
13.07 0.6471
13.08 0.65983
13.09 0.67256
13.1 0.6853
13.11 0.69803
13.12 0.71076
13.13 0.72349
13.14 0.73623
13.15 0.74896
13.16 0.76169
13.17 0.77442
13.18 0.78716
13.19 0.79989
13.2 0.81262
13.21 0.82535
13.22 0.83809
13.23 0.85082
13.24 0.86355
13.25 0.87628
13.26 0.88902
13.27 0.90175
13.28 0.91448
13.29 0.92721
13.3 0.93995
13.31 0.95268
13.32 0.96541
13.33 0.97814
13.34 0.99087
13.35 0.99639
13.36 0.98366
13.37 0.97093
13.38 0.9582
13.39 0.94546
13.4 0.93273
13.41 0.92
13.42 0.90727
13.43 0.89453
13.44 0.8818
13.45 0.86907
13.46 0.85634
13.47 0.8436
13.48 0.83087
13.49 0.81814
13.5 0.80541
13.51 0.79267
13.52 0.77994
13.53 0.76721
13.54 0.75448
13.55 0.74174
13.56 0.72901
13.57 0.71628
13.58 0.70355
13.59 0.69082
13.6 0.67808
13.61 0.66535
13.62 0.65262
13.63 0.63989
13.64 0.62715
13.65 0.61442
13.66 0.60169
13.67 0.58896
13.68 0.57622
13.69 0.56349
13.7 0.55076
13.71 0.53803
13.72 0.52529
13.73 0.51256
13.74 0.49983
13.75 0.4871
13.76 0.47436
13.77 0.46163
13.78 0.4489
13.79 0.43617
13.8 0.42344
13.81 0.4107
13.82 0.39797
13.83 0.38524
13.84 0.37251
13.85 0.35977
13.86 0.34704
13.87 0.33431
13.88 0.32158
13.89 0.30884
13.9 0.29611
13.91 0.28338
13.92 0.27065
13.93 0.25791
13.94 0.24518
13.95 0.23245
13.96 0.21972
13.97 0.20698
13.98 0.19425
13.99 0.18152
14 0.16879
14.01 0.15605
14.02 0.14332
14.03 0.13059
14.04 0.11786
14.05 0.10513
14.06 0.092393
14.07 0.07966
14.08 0.066928
14.09 0.054196
14.1 0.041463
14.11 0.028731
14.12 0.015998
14.13 0.003266
14.14 -0.0094664
14.15 -0.022199
14.16 -0.034931
14.17 -0.047664
14.18 -0.060396
14.19 -0.073128
14.2 -0.085861
14.21 -0.098593
14.22 -0.11133
14.23 -0.12406
14.24 -0.13679
14.25 -0.14952
14.26 -0.16226
14.27 -0.17499
14.28 -0.18772
14.29 -0.20045
14.3 -0.21318
14.31 -0.22592
14.32 -0.23865
14.33 -0.25138
14.34 -0.26411
14.35 -0.27685
14.36 -0.28958
14.37 -0.30231
14.38 -0.31504
14.39 -0.32778
14.4 -0.34051
14.41 -0.35324
14.42 -0.36597
14.43 -0.37871
14.44 -0.39144
14.45 -0.40417
14.46 -0.4169
14.47 -0.42964
14.48 -0.44237
14.49 -0.4551
14.5 -0.46783
14.51 -0.48057
14.52 -0.4933
14.53 -0.50603
14.54 -0.51876
14.55 -0.53149
14.56 -0.54423
14.57 -0.55696
14.58 -0.56969
14.59 -0.58242
14.6 -0.59516
14.61 -0.60789
14.62 -0.62062
14.63 -0.63335
14.64 -0.64609
14.65 -0.65882
14.66 -0.67155
14.67 -0.68428
14.68 -0.69702
14.69 -0.70975
14.7 -0.72248
14.71 -0.73521
14.72 -0.74795
14.73 -0.76068
14.74 -0.77341
14.75 -0.78614
14.76 -0.79887
14.77 -0.81161
14.78 -0.82434
14.79 -0.83707
14.8 -0.8498
14.81 -0.86254
14.82 -0.87527
14.83 -0.888
14.84 -0.90073
14.85 -0.91347
14.86 -0.9262
14.87 -0.93893
14.88 -0.95166
14.89 -0.9644
14.9 -0.97713
14.91 -0.98986
14.92 -0.99741
14.93 -0.98467
14.94 -0.97194
14.95 -0.95921
14.96 -0.94648
14.97 -0.93374
14.98 -0.92101
14.99 -0.90828
15 -0.89555
15.01 -0.88282
15.02 -0.87008
15.03 -0.85735
15.04 -0.84462
15.05 -0.83189
15.06 -0.81915
15.07 -0.80642
15.08 -0.79369
15.09 -0.78096
15.1 -0.76822
15.11 -0.75549
15.12 -0.74276
15.13 -0.73003
15.14 -0.71729
15.15 -0.70456
15.16 -0.69183
15.17 -0.6791
15.18 -0.66636
15.19 -0.65363
15.2 -0.6409
15.21 -0.62817
15.22 -0.61543
15.23 -0.6027
15.24 -0.58997
15.25 -0.57724
15.26 -0.56451
15.27 -0.55177
15.28 -0.53904
15.29 -0.52631
15.3 -0.51358
15.31 -0.50084
15.32 -0.48811
15.33 -0.47538
15.34 -0.46265
15.35 -0.44991
15.36 -0.43718
15.37 -0.42445
15.38 -0.41172
15.39 -0.39898
15.4 -0.38625
15.41 -0.37352
15.42 -0.36079
15.43 -0.34805
15.44 -0.33532
15.45 -0.32259
15.46 -0.30986
15.47 -0.29713
15.48 -0.28439
15.49 -0.27166
15.5 -0.25893
15.51 -0.2462
15.52 -0.23346
15.53 -0.22073
15.54 -0.208
15.55 -0.19527
15.56 -0.18253
15.57 -0.1698
15.58 -0.15707
15.59 -0.14434
15.6 -0.1316
15.61 -0.11887
15.62 -0.10614
15.63 -0.093407
15.64 -0.080674
15.65 -0.067942
15.66 -0.055209
15.67 -0.042477
15.68 -0.029745
15.69 -0.017012
15.7 -0.0042799
15.71 0.0084525
15.72 0.021185
15.73 0.033917
15.74 0.04665
15.75 0.059382
15.76 0.072114
15.77 0.084847
15.78 0.097579
15.79 0.11031
15.8 0.12304
15.81 0.13578
15.82 0.14851
15.83 0.16124
15.84 0.17397
15.85 0.18671
15.86 0.19944
15.87 0.21217
15.88 0.2249
15.89 0.23764
15.9 0.25037
15.91 0.2631
15.92 0.27583
15.93 0.28857
15.94 0.3013
15.95 0.31403
15.96 0.32676
15.97 0.33949
15.98 0.35223
15.99 0.36496
16 0.37769
16.01 0.39042
16.02 0.40316
16.03 0.41589
16.04 0.42862
16.05 0.44135
16.06 0.45409
16.07 0.46682
16.08 0.47955
16.09 0.49228
16.1 0.50502
16.11 0.51775
16.12 0.53048
16.13 0.54321
16.14 0.55595
16.15 0.56868
16.16 0.58141
16.17 0.59414
16.18 0.60688
16.19 0.61961
16.2 0.63234
16.21 0.64507
16.22 0.6578
16.23 0.67054
16.24 0.68327
16.25 0.696
16.26 0.70873
16.27 0.72147
16.28 0.7342
16.29 0.74693
16.3 0.75966
16.31 0.7724
16.32 0.78513
16.33 0.79786
16.34 0.81059
16.35 0.82333
16.36 0.83606
16.37 0.84879
16.38 0.86152
16.39 0.87426
16.4 0.88699
16.41 0.89972
16.42 0.91245
16.43 0.92518
16.44 0.93792
16.45 0.95065
16.46 0.96338
16.47 0.97611
16.48 0.98885
16.49 0.99842
16.5 0.98569
16.51 0.97296
16.52 0.96022
16.53 0.94749
16.54 0.93476
16.55 0.92203
16.56 0.90929
16.57 0.89656
16.58 0.88383
16.59 0.8711
16.6 0.85836
16.61 0.84563
16.62 0.8329
16.63 0.82017
16.64 0.80743
16.65 0.7947
16.66 0.78197
16.67 0.76924
16.68 0.75651
16.69 0.74377
16.7 0.73104
16.71 0.71831
16.72 0.70558
16.73 0.69284
16.74 0.68011
16.75 0.66738
16.76 0.65465
16.77 0.64191
16.78 0.62918
16.79 0.61645
16.8 0.60372
16.81 0.59098
16.82 0.57825
16.83 0.56552
16.84 0.55279
16.85 0.54005
16.86 0.52732
16.87 0.51459
16.88 0.50186
16.89 0.48912
16.9 0.47639
16.91 0.46366
16.92 0.45093
16.93 0.4382
16.94 0.42546
16.95 0.41273
16.96 0.4
16.97 0.38727
16.98 0.37453
16.99 0.3618
17 0.34907
17.01 0.33634
17.02 0.3236
17.03 0.31087
17.04 0.29814
17.05 0.28541
17.06 0.27267
17.07 0.25994
17.08 0.24721
17.09 0.23448
17.1 0.22174
17.11 0.20901
17.12 0.19628
17.13 0.18355
17.14 0.17081
17.15 0.15808
17.16 0.14535
17.17 0.13262
17.18 0.11989
17.19 0.10715
17.2 0.094421
17.21 0.081688
17.22 0.068956
17.23 0.056223
17.24 0.043491
17.25 0.030759
17.26 0.018026
17.27 0.0052938
17.28 -0.0074386
17.29 -0.020171
17.3 -0.032903
17.31 -0.045636
17.32 -0.058368
17.33 -0.071101
17.34 -0.083833
17.35 -0.096565
17.36 -0.1093
17.37 -0.12203
17.38 -0.13476
17.39 -0.14749
17.4 -0.16023
17.41 -0.17296
17.42 -0.18569
17.43 -0.19842
17.44 -0.21116
17.45 -0.22389
17.46 -0.23662
17.47 -0.24935
17.48 -0.26209
17.49 -0.27482
17.5 -0.28755
17.51 -0.30028
17.52 -0.31302
17.53 -0.32575
17.54 -0.33848
17.55 -0.35121
17.56 -0.36395
17.57 -0.37668
17.58 -0.38941
17.59 -0.40214
17.6 -0.41488
17.61 -0.42761
17.62 -0.44034
17.63 -0.45307
17.64 -0.4658
17.65 -0.47854
17.66 -0.49127
17.67 -0.504
17.68 -0.51673
17.69 -0.52947
17.7 -0.5422
17.71 -0.55493
17.72 -0.56766
17.73 -0.5804
17.74 -0.59313
17.75 -0.60586
17.76 -0.61859
17.77 -0.63133
17.78 -0.64406
17.79 -0.65679
17.8 -0.66952
17.81 -0.68226
17.82 -0.69499
17.83 -0.70772
17.84 -0.72045
17.85 -0.73319
17.86 -0.74592
17.87 -0.75865
17.88 -0.77138
17.89 -0.78411
17.9 -0.79685
17.91 -0.80958
17.92 -0.82231
17.93 -0.83504
17.94 -0.84778
17.95 -0.86051
17.96 -0.87324
17.97 -0.88597
17.98 -0.89871
17.99 -0.91144
18 -0.92417
18.01 -0.9369
18.02 -0.94964
18.03 -0.96237
18.04 -0.9751
18.05 -0.98783
18.06 -0.99943
18.07 -0.9867
18.08 -0.97397
18.09 -0.96124
18.1 -0.9485
18.11 -0.93577
18.12 -0.92304
18.13 -0.91031
18.14 -0.89758
18.15 -0.88484
18.16 -0.87211
18.17 -0.85938
18.18 -0.84665
18.19 -0.83391
18.2 -0.82118
18.21 -0.80845
18.22 -0.79572
18.23 -0.78298
18.24 -0.77025
18.25 -0.75752
18.26 -0.74479
18.27 -0.73205
18.28 -0.71932
18.29 -0.70659
18.3 -0.69386
18.31 -0.68112
18.32 -0.66839
18.33 -0.65566
18.34 -0.64293
18.35 -0.6302
18.36 -0.61746
18.37 -0.60473
18.38 -0.592
18.39 -0.57927
18.4 -0.56653
18.41 -0.5538
18.42 -0.54107
18.43 -0.52834
18.44 -0.5156
18.45 -0.50287
18.46 -0.49014
18.47 -0.47741
18.48 -0.46467
18.49 -0.45194
18.5 -0.43921
18.51 -0.42648
18.52 -0.41374
18.53 -0.40101
18.54 -0.38828
18.55 -0.37555
18.56 -0.36281
18.57 -0.35008
18.58 -0.33735
18.59 -0.32462
18.6 -0.31189
18.61 -0.29915
18.62 -0.28642
18.63 -0.27369
18.64 -0.26096
18.65 -0.24822
18.66 -0.23549
18.67 -0.22276
18.68 -0.21003
18.69 -0.19729
18.7 -0.18456
18.71 -0.17183
18.72 -0.1591
18.73 -0.14636
18.74 -0.13363
18.75 -0.1209
18.76 -0.10817
18.77 -0.095435
18.78 -0.082702
18.79 -0.06997
18.8 -0.057237
18.81 -0.044505
18.82 -0.031773
18.83 -0.01904
18.84 -0.0063077
18.85 0.0064247
18.86 0.019157
18.87 0.031889
18.88 0.044622
18.89 0.057354
18.9 0.070087
18.91 0.082819
18.92 0.095551
18.93 0.10828
18.94 0.12102
18.95 0.13375
18.96 0.14648
18.97 0.15921
18.98 0.17195
18.99 0.18468
19 0.19741
19.01 0.21014
19.02 0.22288
19.03 0.23561
19.04 0.24834
19.05 0.26107
19.06 0.2738
19.07 0.28654
19.08 0.29927
19.09 0.312
19.1 0.32473
19.11 0.33747
19.12 0.3502
19.13 0.36293
19.14 0.37566
19.15 0.3884
19.16 0.40113
19.17 0.41386
19.18 0.42659
19.19 0.43933
19.2 0.45206
19.21 0.46479
19.22 0.47752
19.23 0.49026
19.24 0.50299
19.25 0.51572
19.26 0.52845
19.27 0.54119
19.28 0.55392
19.29 0.56665
19.3 0.57938
19.31 0.59211
19.32 0.60485
19.33 0.61758
19.34 0.63031
19.35 0.64304
19.36 0.65578
19.37 0.66851
19.38 0.68124
19.39 0.69397
19.4 0.70671
19.41 0.71944
19.42 0.73217
19.43 0.7449
19.44 0.75764
19.45 0.77037
19.46 0.7831
19.47 0.79583
19.48 0.80857
19.49 0.8213
19.5 0.83403
19.51 0.84676
19.52 0.8595
19.53 0.87223
19.54 0.88496
19.55 0.89769
19.56 0.91042
19.57 0.92316
19.58 0.93589
19.59 0.94862
19.6 0.96135
19.61 0.97409
19.62 0.98682
19.63 0.99955
19.64 0.98772
19.65 0.97498
19.66 0.96225
19.67 0.94952
19.68 0.93679
19.69 0.92405
19.7 0.91132
19.71 0.89859
19.72 0.88586
19.73 0.87312
19.74 0.86039
19.75 0.84766
19.76 0.83493
19.77 0.82219
19.78 0.80946
19.79 0.79673
19.8 0.784
19.81 0.77127
19.82 0.75853
19.83 0.7458
19.84 0.73307
19.85 0.72034
19.86 0.7076
19.87 0.69487
19.88 0.68214
19.89 0.66941
19.9 0.65667
19.91 0.64394
19.92 0.63121
19.93 0.61848
19.94 0.60574
19.95 0.59301
19.96 0.58028
19.97 0.56755
19.98 0.55481
19.99 0.54208
20 0.52935
20.01 0.51662
20.02 0.50389
20.03 0.49115
20.04 0.47842
20.05 0.46569
20.06 0.45296
20.07 0.44022
20.08 0.42749
20.09 0.41476
20.1 0.40203
20.11 0.38929
20.12 0.37656
20.13 0.36383
20.14 0.3511
20.15 0.33836
20.16 0.32563
20.17 0.3129
20.18 0.30017
20.19 0.28743
20.2 0.2747
20.21 0.26197
20.22 0.24924
20.23 0.2365
20.24 0.22377
20.25 0.21104
20.26 0.19831
20.27 0.18558
20.28 0.17284
20.29 0.16011
20.3 0.14738
20.31 0.13465
20.32 0.12191
20.33 0.10918
20.34 0.096448
20.35 0.083716
20.36 0.070984
20.37 0.058251
20.38 0.045519
20.39 0.032786
20.4 0.020054
20.41 0.0073217
20.42 -0.0054107
20.43 -0.018143
20.44 -0.030876
20.45 -0.043608
20.46 -0.05634
20.47 -0.069073
20.48 -0.081805
20.49 -0.094538
20.5 -0.10727
20.51 -0.12
20.52 -0.13273
20.53 -0.14547
20.54 -0.1582
20.55 -0.17093
20.56 -0.18366
20.57 -0.1964
20.58 -0.20913
20.59 -0.22186
20.6 -0.23459
20.61 -0.24733
20.62 -0.26006
20.63 -0.27279
20.64 -0.28552
20.65 -0.29826
20.66 -0.31099
20.67 -0.32372
20.68 -0.33645
20.69 -0.34919
20.7 -0.36192
20.71 -0.37465
20.72 -0.38738
20.73 -0.40012
20.74 -0.41285
20.75 -0.42558
20.76 -0.43831
20.77 -0.45104
20.78 -0.46378
20.79 -0.47651
20.8 -0.48924
20.81 -0.50197
20.82 -0.51471
20.83 -0.52744
20.84 -0.54017
20.85 -0.5529
20.86 -0.56564
20.87 -0.57837
20.88 -0.5911
20.89 -0.60383
20.9 -0.61657
20.91 -0.6293
20.92 -0.64203
20.93 -0.65476
20.94 -0.6675
20.95 -0.68023
20.96 -0.69296
20.97 -0.70569
20.98 -0.71842
20.99 -0.73116
21 -0.74389
21.01 -0.75662
21.02 -0.76935
21.03 -0.78209
21.04 -0.79482
21.05 -0.80755
21.06 -0.82028
21.07 -0.83302
21.08 -0.84575
21.09 -0.85848
21.1 -0.87121
21.11 -0.88395
21.12 -0.89668
21.13 -0.90941
21.14 -0.92214
21.15 -0.93488
21.16 -0.94761
21.17 -0.96034
21.18 -0.97307
21.19 -0.98581
21.2 -0.99854
21.21 -0.98873
21.22 -0.976
21.23 -0.96327
21.24 -0.95053
21.25 -0.9378
21.26 -0.92507
21.27 -0.91234
21.28 -0.8996
21.29 -0.88687
21.3 -0.87414
21.31 -0.86141
21.32 -0.84867
21.33 -0.83594
21.34 -0.82321
21.35 -0.81048
21.36 -0.79774
21.37 -0.78501
21.38 -0.77228
21.39 -0.75955
21.4 -0.74681
21.41 -0.73408
21.42 -0.72135
21.43 -0.70862
21.44 -0.69588
21.45 -0.68315
21.46 -0.67042
21.47 -0.65769
21.48 -0.64496
21.49 -0.63222
21.5 -0.61949
21.51 -0.60676
21.52 -0.59403
21.53 -0.58129
21.54 -0.56856
21.55 -0.55583
21.56 -0.5431
21.57 -0.53036
21.58 -0.51763
21.59 -0.5049
21.6 -0.49217
21.61 -0.47943
21.62 -0.4667
21.63 -0.45397
21.64 -0.44124
21.65 -0.4285
21.66 -0.41577
21.67 -0.40304
21.68 -0.39031
21.69 -0.37758
21.7 -0.36484
21.71 -0.35211
21.72 -0.33938
21.73 -0.32665
21.74 -0.31391
21.75 -0.30118
21.76 -0.28845
21.77 -0.27572
21.78 -0.26298
21.79 -0.25025
21.8 -0.23752
21.81 -0.22479
21.82 -0.21205
21.83 -0.19932
21.84 -0.18659
21.85 -0.17386
21.86 -0.16112
21.87 -0.14839
21.88 -0.13566
21.89 -0.12293
21.9 -0.11019
21.91 -0.097462
21.92 -0.08473
21.93 -0.071998
21.94 -0.059265
21.95 -0.046533
21.96 -0.0338
21.97 -0.021068
21.98 -0.0083356
21.99 0.0043968
22 0.017129
22.01 0.029862
22.02 0.042594
22.03 0.055326
22.04 0.068059
22.05 0.080791
22.06 0.093524
22.07 0.10626
22.08 0.11899
22.09 0.13172
22.1 0.14445
22.11 0.15719
22.12 0.16992
22.13 0.18265
22.14 0.19538
22.15 0.20812
22.16 0.22085
22.17 0.23358
22.18 0.24631
22.19 0.25904
22.2 0.27178
22.21 0.28451
22.22 0.29724
22.23 0.30997
22.24 0.32271
22.25 0.33544
22.26 0.34817
22.27 0.3609
22.28 0.37364
22.29 0.38637
22.3 0.3991
22.31 0.41183
22.32 0.42457
22.33 0.4373
22.34 0.45003
22.35 0.46276
22.36 0.4755
22.37 0.48823
22.38 0.50096
22.39 0.51369
22.4 0.52643
22.41 0.53916
22.42 0.55189
22.43 0.56462
22.44 0.57735
22.45 0.59009
22.46 0.60282
22.47 0.61555
22.48 0.62828
22.49 0.64102
22.5 0.65375
22.51 0.66648
22.52 0.67921
22.53 0.69195
22.54 0.70468
22.55 0.71741
22.56 0.73014
22.57 0.74288
22.58 0.75561
22.59 0.76834
22.6 0.78107
22.61 0.79381
22.62 0.80654
22.63 0.81927
22.64 0.832
22.65 0.84473
22.66 0.85747
22.67 0.8702
22.68 0.88293
22.69 0.89566
22.7 0.9084
22.71 0.92113
22.72 0.93386
22.73 0.94659
22.74 0.95933
22.75 0.97206
22.76 0.98479
22.77 0.99752
22.78 0.98974
22.79 0.97701
22.8 0.96428
22.81 0.95155
22.82 0.93881
22.83 0.92608
22.84 0.91335
22.85 0.90062
22.86 0.88788
22.87 0.87515
22.88 0.86242
22.89 0.84969
22.9 0.83696
22.91 0.82422
22.92 0.81149
22.93 0.79876
22.94 0.78603
22.95 0.77329
22.96 0.76056
22.97 0.74783
22.98 0.7351
22.99 0.72236
23 0.70963
23.01 0.6969
23.02 0.68417
23.03 0.67143
23.04 0.6587
23.05 0.64597
23.06 0.63324
23.07 0.6205
23.08 0.60777
23.09 0.59504
23.1 0.58231
23.11 0.56957
23.12 0.55684
23.13 0.54411
23.14 0.53138
23.15 0.51865
23.16 0.50591
23.17 0.49318
23.18 0.48045
23.19 0.46772
23.2 0.45498
23.21 0.44225
23.22 0.42952
23.23 0.41679
23.24 0.40405
23.25 0.39132
23.26 0.37859
23.27 0.36586
23.28 0.35312
23.29 0.34039
23.3 0.32766
23.31 0.31493
23.32 0.30219
23.33 0.28946
23.34 0.27673
23.35 0.264
23.36 0.25126
23.37 0.23853
23.38 0.2258
23.39 0.21307
23.4 0.20034
23.41 0.1876
23.42 0.17487
23.43 0.16214
23.44 0.14941
23.45 0.13667
23.46 0.12394
23.47 0.11121
23.48 0.098476
23.49 0.085744
23.5 0.073011
23.51 0.060279
23.52 0.047547
23.53 0.034814
23.54 0.022082
23.55 0.0093495
23.56 -0.0033829
23.57 -0.016115
23.58 -0.028848
23.59 -0.04158
23.6 -0.054312
23.61 -0.067045
23.62 -0.079777
23.63 -0.09251
23.64 -0.10524
23.65 -0.11797
23.66 -0.13071
23.67 -0.14344
23.68 -0.15617
23.69 -0.1689
23.7 -0.18164
23.71 -0.19437
23.72 -0.2071
23.73 -0.21983
23.74 -0.23257
23.75 -0.2453
23.76 -0.25803
23.77 -0.27076
23.78 -0.2835
23.79 -0.29623
23.8 -0.30896
23.81 -0.32169
23.82 -0.33443
23.83 -0.34716
23.84 -0.35989
23.85 -0.37262
23.86 -0.38535
23.87 -0.39809
23.88 -0.41082
23.89 -0.42355
23.9 -0.43628
23.91 -0.44902
23.92 -0.46175
23.93 -0.47448
23.94 -0.48721
23.95 -0.49995
23.96 -0.51268
23.97 -0.52541
23.98 -0.53814
23.99 -0.55088
24 -0.56361
24.01 -0.57634
24.02 -0.58907
24.03 -0.60181
24.04 -0.61454
24.05 -0.62727
24.06 -0.64
24.07 -0.65274
24.08 -0.66547
24.09 -0.6782
24.1 -0.69093
24.11 -0.70366
24.12 -0.7164
24.13 -0.72913
24.14 -0.74186
24.15 -0.75459
24.16 -0.76733
24.17 -0.78006
24.18 -0.79279
24.19 -0.80552
24.2 -0.81826
24.21 -0.83099
24.22 -0.84372
24.23 -0.85645
24.24 -0.86919
24.25 -0.88192
24.26 -0.89465
24.27 -0.90738
24.28 -0.92012
24.29 -0.93285
24.3 -0.94558
24.31 -0.95831
24.32 -0.97104
24.33 -0.98378
24.34 -0.99651
24.35 -0.99076
24.36 -0.97803
24.37 -0.96529
24.38 -0.95256
24.39 -0.93983
24.4 -0.9271
24.41 -0.91436
24.42 -0.90163
24.43 -0.8889
24.44 -0.87617
24.45 -0.86343
24.46 -0.8507
24.47 -0.83797
24.48 -0.82524
24.49 -0.8125
24.5 -0.79977
24.51 -0.78704
24.52 -0.77431
24.53 -0.76157
24.54 -0.74884
24.55 -0.73611
24.56 -0.72338
24.57 -0.71065
24.58 -0.69791
24.59 -0.68518
24.6 -0.67245
24.61 -0.65972
24.62 -0.64698
24.63 -0.63425
24.64 -0.62152
24.65 -0.60879
24.66 -0.59605
24.67 -0.58332
24.68 -0.57059
24.69 -0.55786
24.7 -0.54512
24.71 -0.53239
24.72 -0.51966
24.73 -0.50693
24.74 -0.49419
24.75 -0.48146
24.76 -0.46873
24.77 -0.456
24.78 -0.44326
24.79 -0.43053
24.8 -0.4178
24.81 -0.40507
24.82 -0.39234
24.83 -0.3796
24.84 -0.36687
24.85 -0.35414
24.86 -0.34141
24.87 -0.32867
24.88 -0.31594
24.89 -0.30321
24.9 -0.29048
24.91 -0.27774
24.92 -0.26501
24.93 -0.25228
24.94 -0.23955
24.95 -0.22681
24.96 -0.21408
24.97 -0.20135
24.98 -0.18862
24.99 -0.17588
25 -0.16315
25.01 -0.15042
25.02 -0.13769
25.03 -0.12495
25.04 -0.11222
25.05 -0.09949
25.06 -0.086758
25.07 -0.074025
25.08 -0.061293
25.09 -0.048561
25.1 -0.035828
25.11 -0.023096
25.12 -0.010363
25.13 0.002369
25.14 0.015101
25.15 0.027834
25.16 0.040566
25.17 0.053299
25.18 0.066031
25.19 0.078763
25.2 0.091496
25.21 0.10423
25.22 0.11696
25.23 0.12969
25.24 0.14243
25.25 0.15516
25.26 0.16789
25.27 0.18062
25.28 0.19335
25.29 0.20609
25.3 0.21882
25.31 0.23155
25.32 0.24428
25.33 0.25702
25.34 0.26975
25.35 0.28248
25.36 0.29521
25.37 0.30795
25.38 0.32068
25.39 0.33341
25.4 0.34614
25.41 0.35888
25.42 0.37161
25.43 0.38434
25.44 0.39707
25.45 0.40981
25.46 0.42254
25.47 0.43527
25.48 0.448
25.49 0.46074
25.5 0.47347
25.51 0.4862
25.52 0.49893
25.53 0.51166
25.54 0.5244
25.55 0.53713
25.56 0.54986
25.57 0.56259
25.58 0.57533
25.59 0.58806
25.6 0.60079
25.61 0.61352
25.62 0.62626
25.63 0.63899
25.64 0.65172
25.65 0.66445
25.66 0.67719
25.67 0.68992
25.68 0.70265
25.69 0.71538
25.7 0.72812
25.71 0.74085
25.72 0.75358
25.73 0.76631
25.74 0.77905
25.75 0.79178
25.76 0.80451
25.77 0.81724
25.78 0.82997
25.79 0.84271
25.8 0.85544
25.81 0.86817
25.82 0.8809
25.83 0.89364
25.84 0.90637
25.85 0.9191
25.86 0.93183
25.87 0.94457
25.88 0.9573
25.89 0.97003
25.9 0.98276
25.91 0.9955
25.92 0.99177
25.93 0.97904
25.94 0.96631
25.95 0.95357
25.96 0.94084
25.97 0.92811
25.98 0.91538
25.99 0.90264
26 0.88991
26.01 0.87718
26.02 0.86445
26.03 0.85172
26.04 0.83898
26.05 0.82625
26.06 0.81352
26.07 0.80079
26.08 0.78805
26.09 0.77532
26.1 0.76259
26.11 0.74986
26.12 0.73712
26.13 0.72439
26.14 0.71166
26.15 0.69893
26.16 0.68619
26.17 0.67346
26.18 0.66073
26.19 0.648
26.2 0.63526
26.21 0.62253
26.22 0.6098
26.23 0.59707
26.24 0.58434
26.25 0.5716
26.26 0.55887
26.27 0.54614
26.28 0.53341
26.29 0.52067
26.3 0.50794
26.31 0.49521
26.32 0.48248
26.33 0.46974
26.34 0.45701
26.35 0.44428
26.36 0.43155
26.37 0.41881
26.38 0.40608
26.39 0.39335
26.4 0.38062
26.41 0.36788
26.42 0.35515
26.43 0.34242
26.44 0.32969
26.45 0.31695
26.46 0.30422
26.47 0.29149
26.48 0.27876
26.49 0.26603
26.5 0.25329
26.51 0.24056
26.52 0.22783
26.53 0.2151
26.54 0.20236
26.55 0.18963
26.56 0.1769
26.57 0.16417
26.58 0.15143
26.59 0.1387
26.6 0.12597
26.61 0.11324
26.62 0.1005
26.63 0.087772
26.64 0.075039
26.65 0.062307
26.66 0.049574
26.67 0.036842
26.68 0.02411
26.69 0.011377
26.7 -0.0013551
26.71 -0.014087
26.72 -0.02682
26.73 -0.039552
26.74 -0.052285
26.75 -0.065017
26.76 -0.077749
26.77 -0.090482
26.78 -0.10321
26.79 -0.11595
26.8 -0.12868
26.81 -0.14141
26.82 -0.15414
26.83 -0.16688
26.84 -0.17961
26.85 -0.19234
26.86 -0.20507
26.87 -0.21781
26.88 -0.23054
26.89 -0.24327
26.9 -0.256
26.91 -0.26874
26.92 -0.28147
26.93 -0.2942
26.94 -0.30693
26.95 -0.31966
26.96 -0.3324
26.97 -0.34513
26.98 -0.35786
26.99 -0.37059
27 -0.38333
27.01 -0.39606
27.02 -0.40879
27.03 -0.42152
27.04 -0.43426
27.05 -0.44699
27.06 -0.45972
27.07 -0.47245
27.08 -0.48519
27.09 -0.49792
27.1 -0.51065
27.11 -0.52338
27.12 -0.53612
27.13 -0.54885
27.14 -0.56158
27.15 -0.57431
27.16 -0.58705
27.17 -0.59978
27.18 -0.61251
27.19 -0.62524
27.2 -0.63797
27.21 -0.65071
27.22 -0.66344
27.23 -0.67617
27.24 -0.6889
27.25 -0.70164
27.26 -0.71437
27.27 -0.7271
27.28 -0.73983
27.29 -0.75257
27.3 -0.7653
27.31 -0.77803
27.32 -0.79076
27.33 -0.8035
27.34 -0.81623
27.35 -0.82896
27.36 -0.84169
27.37 -0.85443
27.38 -0.86716
27.39 -0.87989
27.4 -0.89262
27.41 -0.90536
27.42 -0.91809
27.43 -0.93082
27.44 -0.94355
27.45 -0.95628
27.46 -0.96902
27.47 -0.98175
27.48 -0.99448
27.49 -0.99279
27.5 -0.98005
27.51 -0.96732
27.52 -0.95459
27.53 -0.94186
27.54 -0.92912
27.55 -0.91639
27.56 -0.90366
27.57 -0.89093
27.58 -0.87819
27.59 -0.86546
27.6 -0.85273
27.61 -0.84
27.62 -0.82726
27.63 -0.81453
27.64 -0.8018
27.65 -0.78907
27.66 -0.77633
27.67 -0.7636
27.68 -0.75087
27.69 -0.73814
27.7 -0.72541
27.71 -0.71267
27.72 -0.69994
27.73 -0.68721
27.74 -0.67448
27.75 -0.66174
27.76 -0.64901
27.77 -0.63628
27.78 -0.62355
27.79 -0.61081
27.8 -0.59808
27.81 -0.58535
27.82 -0.57262
27.83 -0.55988
27.84 -0.54715
27.85 -0.53442
27.86 -0.52169
27.87 -0.50895
27.88 -0.49622
27.89 -0.48349
27.9 -0.47076
27.91 -0.45803
27.92 -0.44529
27.93 -0.43256
27.94 -0.41983
27.95 -0.4071
27.96 -0.39436
27.97 -0.38163
27.98 -0.3689
27.99 -0.35617
28 -0.34343
28.01 -0.3307
28.02 -0.31797
28.03 -0.30524
28.04 -0.2925
28.05 -0.27977
28.06 -0.26704
28.07 -0.25431
28.08 -0.24157
28.09 -0.22884
28.1 -0.21611
28.11 -0.20338
28.12 -0.19064
28.13 -0.17791
28.14 -0.16518
28.15 -0.15245
28.16 -0.13972
28.17 -0.12698
28.18 -0.11425
28.19 -0.10152
28.2 -0.088786
28.21 -0.076053
28.22 -0.063321
28.23 -0.050588
28.24 -0.037856
28.25 -0.025124
28.26 -0.012391
28.27 0.00034117
28.28 0.013074
28.29 0.025806
28.3 0.038538
28.31 0.051271
28.32 0.064003
28.33 0.076736
28.34 0.089468
28.35 0.1022
28.36 0.11493
28.37 0.12767
28.38 0.1404
28.39 0.15313
28.4 0.16586
28.41 0.17859
28.42 0.19133
28.43 0.20406
28.44 0.21679
28.45 0.22952
28.46 0.24226
28.47 0.25499
28.48 0.26772
28.49 0.28045
28.5 0.29319
28.51 0.30592
28.52 0.31865
28.53 0.33138
28.54 0.34412
28.55 0.35685
28.56 0.36958
28.57 0.38231
28.58 0.39505
28.59 0.40778
28.6 0.42051
28.61 0.43324
28.62 0.44598
28.63 0.45871
28.64 0.47144
28.65 0.48417
28.66 0.4969
28.67 0.50964
28.68 0.52237
28.69 0.5351
28.7 0.54783
28.71 0.56057
28.72 0.5733
28.73 0.58603
28.74 0.59876
28.75 0.6115
28.76 0.62423
28.77 0.63696
28.78 0.64969
28.79 0.66243
28.8 0.67516
28.81 0.68789
28.82 0.70062
28.83 0.71336
28.84 0.72609
28.85 0.73882
28.86 0.75155
28.87 0.76428
28.88 0.77702
28.89 0.78975
28.9 0.80248
28.91 0.81521
28.92 0.82795
28.93 0.84068
28.94 0.85341
28.95 0.86614
28.96 0.87888
28.97 0.89161
28.98 0.90434
28.99 0.91707
29 0.92981
29.01 0.94254
29.02 0.95527
29.03 0.968
29.04 0.98074
29.05 0.99347
29.06 0.9938
29.07 0.98107
29.08 0.96833
29.09 0.9556
29.1 0.94287
29.11 0.93014
29.12 0.91741
29.13 0.90467
29.14 0.89194
29.15 0.87921
29.16 0.86648
29.17 0.85374
29.18 0.84101
29.19 0.82828
29.2 0.81555
29.21 0.80281
