0 -1
0.01 -0.98727
0.02 -0.97454
0.03 -0.9618
0.04 -0.94907
0.05 -0.93634
0.06 -0.92361
0.07 -0.91087
0.08 -0.89814
0.09 -0.88541
0.1 -0.87268
0.11 -0.85994
0.12 -0.84721
0.13 -0.83448
0.14 -0.82175
0.15 -0.80901
0.16 -0.79628
0.17 -0.78355
0.18 -0.77082
0.19 -0.75808
0.2 -0.74535
0.21 -0.73262
0.22 -0.71989
0.23 -0.70715
0.24 -0.69442
0.25 -0.68169
0.26 -0.66896
0.27 -0.65623
0.28 -0.64349
0.29 -0.63076
0.3 -0.61803
0.31 -0.6053
0.32 -0.59256
0.33 -0.57983
0.34 -0.5671
0.35 -0.55437
0.36 -0.54163
0.37 -0.5289
0.38 -0.51617
0.39 -0.50344
0.4 -0.4907
0.41 -0.47797
0.42 -0.46524
0.43 -0.45251
0.44 -0.43977
0.45 -0.42704
0.46 -0.41431
0.47 -0.40158
0.48 -0.38885
0.49 -0.37611
0.5 -0.36338
0.51 -0.35065
0.52 -0.33792
0.53 -0.32518
0.54 -0.31245
0.55 -0.29972
0.56 -0.28699
0.57 -0.27425
0.58 -0.26152
0.59 -0.24879
0.6 -0.23606
0.61 -0.22332
0.62 -0.21059
0.63 -0.19786
0.64 -0.18513
0.65 -0.17239
0.66 -0.15966
0.67 -0.14693
0.68 -0.1342
0.69 -0.12146
0.7 -0.10873
0.71 -0.096
0.72 -0.083268
0.73 -0.070535
0.74 -0.057803
0.75 -0.04507
0.76 -0.032338
0.77 -0.019606
0.78 -0.0068732
0.79 0.0058592
0.8 0.018592
0.81 0.031324
0.82 0.044056
0.83 0.056789
0.84 0.069521
0.85 0.082254
0.86 0.094986
0.87 0.10772
0.88 0.12045
0.89 0.13318
0.9 0.14592
0.91 0.15865
0.92 0.17138
0.93 0.18411
0.94 0.19685
0.95 0.20958
0.96 0.22231
0.97 0.23504
0.98 0.24777
0.99 0.26051
1 0.27324
1.01 0.28597
1.02 0.2987
1.03 0.31144
1.04 0.32417
1.05 0.3369
1.06 0.34963
1.07 0.36237
1.08 0.3751
1.09 0.38783
1.1 0.40056
1.11 0.4133
1.12 0.42603
1.13 0.43876
1.14 0.45149
1.15 0.46423
1.16 0.47696
1.17 0.48969
1.18 0.50242
1.19 0.51516
1.2 0.52789
1.21 0.54062
1.22 0.55335
1.23 0.56608
1.24 0.57882
1.25 0.59155
1.26 0.60428
1.27 0.61701
1.28 0.62975
1.29 0.64248
1.3 0.65521
1.31 0.66794
1.32 0.68068
1.33 0.69341
1.34 0.70614
1.35 0.71887
1.36 0.73161
1.37 0.74434
1.38 0.75707
1.39 0.7698
1.4 0.78254
1.41 0.79527
1.42 0.808
1.43 0.82073
1.44 0.83346
1.45 0.8462
1.46 0.85893
1.47 0.87166
1.48 0.88439
1.49 0.89713
1.5 0.90986
1.51 0.92259
1.52 0.93532
1.53 0.94806
1.54 0.96079
1.55 0.97352
1.56 0.98625
1.57 0.99899
1.58 0.98828
1.59 0.97555
1.6 0.96282
1.61 0.95008
1.62 0.93735
1.63 0.92462
1.64 0.91189
1.65 0.89915
1.66 0.88642
1.67 0.87369
1.68 0.86096
1.69 0.84823
1.7 0.83549
1.71 0.82276
1.72 0.81003
1.73 0.7973
1.74 0.78456
1.75 0.77183
1.76 0.7591
1.77 0.74637
1.78 0.73363
1.79 0.7209
1.8 0.70817
1.81 0.69544
1.82 0.6827
1.83 0.66997
1.84 0.65724
1.85 0.64451
1.86 0.63177
1.87 0.61904
1.88 0.60631
1.89 0.59358
1.9 0.58084
1.91 0.56811
1.92 0.55538
1.93 0.54265
1.94 0.52992
1.95 0.51718
1.96 0.50445
1.97 0.49172
1.98 0.47899
1.99 0.46625
2 0.45352
2.01 0.44079
2.02 0.42806
2.03 0.41532
2.04 0.40259
2.05 0.38986
2.06 0.37713
2.07 0.36439
2.08 0.35166
2.09 0.33893
2.1 0.3262
2.11 0.31346
2.12 0.30073
2.13 0.288
2.14 0.27527
2.15 0.26253
2.16 0.2498
2.17 0.23707
2.18 0.22434
2.19 0.21161
2.2 0.19887
2.21 0.18614
2.22 0.17341
2.23 0.16068
2.24 0.14794
2.25 0.13521
2.26 0.12248
2.27 0.10975
2.28 0.097014
2.29 0.084281
2.3 0.071549
2.31 0.058817
2.32 0.046084
2.33 0.033352
2.34 0.020619
2.35 0.0078871
2.36 -0.0048453
2.37 -0.017578
2.38 -0.03031
2.39 -0.043043
2.4 -0.055775
2.41 -0.068507
2.42 -0.08124
2.43 -0.093972
2.44 -0.1067
2.45 -0.11944
2.46 -0.13217
2.47 -0.1449
2.48 -0.15763
2.49 -0.17037
2.5 -0.1831
2.51 -0.19583
2.52 -0.20856
2.53 -0.2213
2.54 -0.23403
2.55 -0.24676
2.56 -0.25949
2.57 -0.27223
2.58 -0.28496
2.59 -0.29769
2.6 -0.31042
2.61 -0.32316
2.62 -0.33589
2.63 -0.34862
2.64 -0.36135
2.65 -0.37408
2.66 -0.38682
2.67 -0.39955
2.68 -0.41228
2.69 -0.42501
2.7 -0.43775
2.71 -0.45048
2.72 -0.46321
2.73 -0.47594
2.74 -0.48868
2.75 -0.50141
2.76 -0.51414
2.77 -0.52687
2.78 -0.53961
2.79 -0.55234
2.8 -0.56507
2.81 -0.5778
2.82 -0.59054
2.83 -0.60327
2.84 -0.616
2.85 -0.62873
2.86 -0.64147
2.87 -0.6542
2.88 -0.66693
2.89 -0.67966
2.9 -0.69239
2.91 -0.70513
2.92 -0.71786
2.93 -0.73059
2.94 -0.74332
2.95 -0.75606
2.96 -0.76879
2.97 -0.78152
2.98 -0.79425
2.99 -0.80699
3 -0.81972
3.01 -0.83245
3.02 -0.84518
3.03 -0.85792
3.04 -0.87065
3.05 -0.88338
3.06 -0.89611
3.07 -0.90885
3.08 -0.92158
3.09 -0.93431
3.1 -0.94704
3.11 -0.95977
3.12 -0.97251
3.13 -0.98524
3.14 -0.99797
3.15 -0.9893
3.16 -0.97656
3.17 -0.96383
3.18 -0.9511
3.19 -0.93837
3.2 -0.92563
3.21 -0.9129
3.22 -0.90017
3.23 -0.88744
3.24 -0.8747
3.25 -0.86197
3.26 -0.84924
3.27 -0.83651
3.28 -0.82377
3.29 -0.81104
3.3 -0.79831
3.31 -0.78558
3.32 -0.77284
3.33 -0.76011
3.34 -0.74738
3.35 -0.73465
3.36 -0.72192
3.37 -0.70918
3.38 -0.69645
3.39 -0.68372
3.4 -0.67099
3.41 -0.65825
3.42 -0.64552
3.43 -0.63279
3.44 -0.62006
3.45 -0.60732
3.46 -0.59459
3.47 -0.58186
3.48 -0.56913
3.49 -0.55639
3.5 -0.54366
3.51 -0.53093
3.52 -0.5182
3.53 -0.50546
3.54 -0.49273
3.55 -0.48
3.56 -0.46727
3.57 -0.45453
3.58 -0.4418
3.59 -0.42907
3.6 -0.41634
3.61 -0.40361
3.62 -0.39087
3.63 -0.37814
3.64 -0.36541
3.65 -0.35268
3.66 -0.33994
3.67 -0.32721
3.68 -0.31448
3.69 -0.30175
3.7 -0.28901
3.71 -0.27628
3.72 -0.26355
3.73 -0.25082
3.74 -0.23808
3.75 -0.22535
3.76 -0.21262
3.77 -0.19989
3.78 -0.18715
3.79 -0.17442
3.8 -0.16169
3.81 -0.14896
3.82 -0.13622
3.83 -0.12349
3.84 -0.11076
3.85 -0.098028
3.86 -0.085295
3.87 -0.072563
3.88 -0.059831
3.89 -0.047098
3.9 -0.034366
3.91 -0.021633
3.92 -0.008901
3.93 0.0038314
3.94 0.016564
3.95 0.029296
3.96 0.042029
3.97 0.054761
3.98 0.067493
3.99 0.080226
4 0.092958
4.01 0.10569
4.02 0.11842
4.03 0.13116
4.04 0.14389
4.05 0.15662
4.06 0.16935
4.07 0.18208
4.08 0.19482
4.09 0.20755
4.1 0.22028
4.11 0.23301
4.12 0.24575
4.13 0.25848
4.14 0.27121
4.15 0.28394
4.16 0.29668
4.17 0.30941
4.18 0.32214
4.19 0.33487
4.2 0.34761
4.21 0.36034
4.22 0.37307
4.23 0.3858
4.24 0.39854
4.25 0.41127
4.26 0.424
4.27 0.43673
4.28 0.44947
4.29 0.4622
4.3 0.47493
4.31 0.48766
4.32 0.50039
4.33 0.51313
4.34 0.52586
4.35 0.53859
4.36 0.55132
4.37 0.56406
4.38 0.57679
4.39 0.58952
4.4 0.60225
4.41 0.61499
4.42 0.62772
4.43 0.64045
4.44 0.65318
4.45 0.66592
4.46 0.67865
4.47 0.69138
4.48 0.70411
4.49 0.71685
4.5 0.72958
4.51 0.74231
4.52 0.75504
4.53 0.76778
4.54 0.78051
4.55 0.79324
4.56 0.80597
4.57 0.8187
4.58 0.83144
4.59 0.84417
4.6 0.8569
4.61 0.86963
4.62 0.88237
4.63 0.8951
4.64 0.90783
4.65 0.92056
4.66 0.9333
4.67 0.94603
4.68 0.95876
4.69 0.97149
4.7 0.98423
4.71 0.99696
4.72 0.99031
4.73 0.97758
4.74 0.96484
4.75 0.95211
4.76 0.93938
4.77 0.92665
4.78 0.91391
4.79 0.90118
4.8 0.88845
4.81 0.87572
4.82 0.86299
4.83 0.85025
4.84 0.83752
4.85 0.82479
4.86 0.81206
4.87 0.79932
4.88 0.78659
4.89 0.77386
4.9 0.76113
4.91 0.74839
4.92 0.73566
4.93 0.72293
4.94 0.7102
4.95 0.69746
4.96 0.68473
4.97 0.672
4.98 0.65927
4.99 0.64653
5 0.6338
5.01 0.62107
5.02 0.60834
5.03 0.59561
5.04 0.58287
5.05 0.57014
5.06 0.55741
5.07 0.54468
5.08 0.53194
5.09 0.51921
5.1 0.50648
5.11 0.49375
5.12 0.48101
5.13 0.46828
5.14 0.45555
5.15 0.44282
5.16 0.43008
5.17 0.41735
5.18 0.40462
5.19 0.39189
5.2 0.37915
5.21 0.36642
5.22 0.35369
5.23 0.34096
5.24 0.32822
5.25 0.31549
5.26 0.30276
5.27 0.29003
5.28 0.2773
5.29 0.26456
5.3 0.25183
5.31 0.2391
5.32 0.22637
5.33 0.21363
5.34 0.2009
5.35 0.18817
5.36 0.17544
5.37 0.1627
5.38 0.14997
5.39 0.13724
5.4 0.12451
5.41 0.11177
5.42 0.099042
5.43 0.086309
5.44 0.073577
5.45 0.060844
5.46 0.048112
5.47 0.03538
5.48 0.022647
5.49 0.0099149
5.5 -0.0028175
5.51 -0.01555
5.52 -0.028282
5.53 -0.041015
5.54 -0.053747
5.55 -0.066479
5.56 -0.079212
5.57 -0.091944
5.58 -0.10468
5.59 -0.11741
5.6 -0.13014
5.61 -0.14287
5.62 -0.15561
5.63 -0.16834
5.64 -0.18107
5.65 -0.1938
5.66 -0.20654
5.67 -0.21927
5.68 -0.232
5.69 -0.24473
5.7 -0.25747
5.71 -0.2702
5.72 -0.28293
5.73 -0.29566
5.74 -0.30839
5.75 -0.32113
5.76 -0.33386
5.77 -0.34659
5.78 -0.35932
5.79 -0.37206
5.8 -0.38479
5.81 -0.39752
5.82 -0.41025
5.83 -0.42299
5.84 -0.43572
5.85 -0.44845
5.86 -0.46118
5.87 -0.47392
5.88 -0.48665
5.89 -0.49938
5.9 -0.51211
5.91 -0.52485
5.92 -0.53758
5.93 -0.55031
5.94 -0.56304
5.95 -0.57578
5.96 -0.58851
5.97 -0.60124
5.98 -0.61397
5.99 -0.6267
6 -0.63944
6.01 -0.65217
6.02 -0.6649
6.03 -0.67763
6.04 -0.69037
6.05 -0.7031
6.06 -0.71583
6.07 -0.72856
6.08 -0.7413
6.09 -0.75403
6.1 -0.76676
6.11 -0.77949
6.12 -0.79223
6.13 -0.80496
6.14 -0.81769
6.15 -0.83042
6.16 -0.84316
6.17 -0.85589
6.18 -0.86862
6.19 -0.88135
6.2 -0.89409
6.21 -0.90682
6.22 -0.91955
6.23 -0.93228
6.24 -0.94501
6.25 -0.95775
6.26 -0.97048
6.27 -0.98321
6.28 -0.99594
6.29 -0.99132
6.3 -0.97859
6.31 -0.96586
6.32 -0.95313
6.33 -0.94039
6.34 -0.92766
6.35 -0.91493
6.36 -0.9022
6.37 -0.88946
6.38 -0.87673
6.39 -0.864
6.4 -0.85127
6.41 -0.83853
6.42 -0.8258
6.43 -0.81307
6.44 -0.80034
6.45 -0.7876
6.46 -0.77487
6.47 -0.76214
6.48 -0.74941
6.49 -0.73668
6.5 -0.72394
6.51 -0.71121
6.52 -0.69848
6.53 -0.68575
6.54 -0.67301
6.55 -0.66028
6.56 -0.64755
6.57 -0.63482
6.58 -0.62208
6.59 -0.60935
6.6 -0.59662
6.61 -0.58389
6.62 -0.57115
6.63 -0.55842
6.64 -0.54569
6.65 -0.53296
6.66 -0.52022
6.67 -0.50749
6.68 -0.49476
6.69 -0.48203
6.7 -0.4693
6.71 -0.45656
6.72 -0.44383
6.73 -0.4311
6.74 -0.41837
6.75 -0.40563
6.76 -0.3929
6.77 -0.38017
6.78 -0.36744
6.79 -0.3547
6.8 -0.34197
6.81 -0.32924
6.82 -0.31651
6.83 -0.30377
6.84 -0.29104
6.85 -0.27831
6.86 -0.26558
6.87 -0.25284
6.88 -0.24011
6.89 -0.22738
6.9 -0.21465
6.91 -0.20191
6.92 -0.18918
6.93 -0.17645
6.94 -0.16372
6.95 -0.15099
6.96 -0.13825
6.97 -0.12552
6.98 -0.11279
6.99 -0.10006
7 -0.087323
7.01 -0.074591
7.02 -0.061858
7.03 -0.049126
7.04 -0.036394
7.05 -0.023661
7.06 -0.010929
7.07 0.0018036
7.08 0.014536
7.09 0.027268
7.1 0.040001
7.11 0.052733
7.12 0.065466
7.13 0.078198
7.14 0.09093
7.15 0.10366
7.16 0.1164
7.17 0.12913
7.18 0.14186
7.19 0.15459
7.2 0.16732
7.21 0.18006
7.22 0.19279
7.23 0.20552
7.24 0.21825
7.25 0.23099
7.26 0.24372
7.27 0.25645
7.28 0.26918
7.29 0.28192
7.3 0.29465
7.31 0.30738
7.32 0.32011
7.33 0.33285
7.34 0.34558
7.35 0.35831
7.36 0.37104
7.37 0.38378
7.38 0.39651
7.39 0.40924
7.4 0.42197
7.41 0.43471
7.42 0.44744
7.43 0.46017
7.44 0.4729
7.45 0.48563
7.46 0.49837
7.47 0.5111
7.48 0.52383
7.49 0.53656
7.5 0.5493
7.51 0.56203
7.52 0.57476
7.53 0.58749
7.54 0.60023
7.55 0.61296
7.56 0.62569
7.57 0.63842
7.58 0.65116
7.59 0.66389
7.6 0.67662
7.61 0.68935
7.62 0.70209
7.63 0.71482
7.64 0.72755
7.65 0.74028
7.66 0.75301
7.67 0.76575
7.68 0.77848
7.69 0.79121
7.7 0.80394
7.71 0.81668
7.72 0.82941
7.73 0.84214
7.74 0.85487
7.75 0.86761
7.76 0.88034
7.77 0.89307
7.78 0.9058
7.79 0.91854
7.8 0.93127
7.81 0.944
7.82 0.95673
7.83 0.96947
7.84 0.9822
7.85 0.99493
7.86 0.99234
7.87 0.9796
7.88 0.96687
7.89 0.95414
7.9 0.94141
7.91 0.92868
7.92 0.91594
7.93 0.90321
7.94 0.89048
7.95 0.87775
7.96 0.86501
7.97 0.85228
7.98 0.83955
7.99 0.82682
8 0.81408
8.01 0.80135
8.02 0.78862
8.03 0.77589
8.04 0.76315
8.05 0.75042
8.06 0.73769
8.07 0.72496
8.08 0.71222
8.09 0.69949
8.1 0.68676
8.11 0.67403
8.12 0.66129
8.13 0.64856
8.14 0.63583
8.15 0.6231
8.16 0.61037
8.17 0.59763
8.18 0.5849
8.19 0.57217
8.2 0.55944
8.21 0.5467
8.22 0.53397
8.23 0.52124
8.24 0.50851
8.25 0.49577
8.26 0.48304
8.27 0.47031
8.28 0.45758
8.29 0.44484
8.3 0.43211
8.31 0.41938
8.32 0.40665
8.33 0.39391
8.34 0.38118
8.35 0.36845
8.36 0.35572
8.37 0.34299
8.38 0.33025
8.39 0.31752
8.4 0.30479
8.41 0.29206
8.42 0.27932
8.43 0.26659
8.44 0.25386
8.45 0.24113
8.46 0.22839
8.47 0.21566
8.48 0.20293
8.49 0.1902
8.5 0.17746
8.51 0.16473
8.52 0.152
8.53 0.13927
8.54 0.12653
8.55 0.1138
8.56 0.10107
8.57 0.088337
8.58 0.075605
8.59 0.062872
8.6 0.05014
8.61 0.037408
8.62 0.024675
8.63 0.011943
8.64 -0.00078967
8.65 -0.013522
8.66 -0.026254
8.67 -0.038987
8.68 -0.051719
8.69 -0.064452
8.7 -0.077184
8.71 -0.089916
8.72 -0.10265
8.73 -0.11538
8.74 -0.12811
8.75 -0.14085
8.76 -0.15358
8.77 -0.16631
8.78 -0.17904
8.79 -0.19178
8.8 -0.20451
8.81 -0.21724
8.82 -0.22997
8.83 -0.24271
8.84 -0.25544
8.85 -0.26817
8.86 -0.2809
8.87 -0.29363
8.88 -0.30637
8.89 -0.3191
8.9 -0.33183
8.91 -0.34456
8.92 -0.3573
8.93 -0.37003
8.94 -0.38276
8.95 -0.39549
8.96 -0.40823
8.97 -0.42096
8.98 -0.43369
8.99 -0.44642
9 -0.45916
9.01 -0.47189
9.02 -0.48462
9.03 -0.49735
9.04 -0.51009
9.05 -0.52282
9.06 -0.53555
9.07 -0.54828
9.08 -0.56102
9.09 -0.57375
9.1 -0.58648
9.11 -0.59921
9.12 -0.61194
9.13 -0.62468
9.14 -0.63741
9.15 -0.65014
9.16 -0.66287
9.17 -0.67561
9.18 -0.68834
9.19 -0.70107
9.2 -0.7138
9.21 -0.72654
9.22 -0.73927
9.23 -0.752
9.24 -0.76473
9.25 -0.77747
9.26 -0.7902
9.27 -0.80293
9.28 -0.81566
9.29 -0.8284
9.3 -0.84113
9.31 -0.85386
9.32 -0.86659
9.33 -0.87932
9.34 -0.89206
9.35 -0.90479
9.36 -0.91752
9.37 -0.93025
9.38 -0.94299
9.39 -0.95572
9.4 -0.96845
9.41 -0.98118
9.42 -0.99392
9.43 -0.99335
9.44 -0.98062
9.45 -0.96789
9.46 -0.95515
9.47 -0.94242
9.48 -0.92969
9.49 -0.91696
9.5 -0.90422
9.51 -0.89149
9.52 -0.87876
9.53 -0.86603
9.54 -0.85329
9.55 -0.84056
9.56 -0.82783
9.57 -0.8151
9.58 -0.80237
9.59 -0.78963
9.6 -0.7769
9.61 -0.76417
9.62 -0.75144
9.63 -0.7387
9.64 -0.72597
9.65 -0.71324
9.66 -0.70051
9.67 -0.68777
9.68 -0.67504
9.69 -0.66231
9.7 -0.64958
9.71 -0.63684
9.72 -0.62411
9.73 -0.61138
9.74 -0.59865
9.75 -0.58591
9.76 -0.57318
9.77 -0.56045
9.78 -0.54772
9.79 -0.53498
9.8 -0.52225
9.81 -0.50952
9.82 -0.49679
9.83 -0.48406
9.84 -0.47132
9.85 -0.45859
9.86 -0.44586
9.87 -0.43313
9.88 -0.42039
9.89 -0.40766
9.9 -0.39493
9.91 -0.3822
9.92 -0.36946
9.93 -0.35673
9.94 -0.344
9.95 -0.33127
9.96 -0.31853
9.97 -0.3058
9.98 -0.29307
9.99 -0.28034
10 -0.2676
10.01 -0.25487
10.02 -0.24214
10.03 -0.22941
10.04 -0.21667
10.05 -0.20394
10.06 -0.19121
10.07 -0.17848
10.08 -0.16575
10.09 -0.15301
10.1 -0.14028
10.11 -0.12755
10.12 -0.11482
10.13 -0.10208
10.14 -0.089351
10.15 -0.076619
10.16 -0.063886
10.17 -0.051154
10.18 -0.038421
10.19 -0.025689
10.2 -0.012957
10.21 -0.00022425
10.22 0.012508
10.23 0.025241
10.24 0.037973
10.25 0.050705
10.26 0.063438
10.27 0.07617
10.28 0.088903
10.29 0.10163
10.3 0.11437
10.31 0.1271
10.32 0.13983
10.33 0.15256
10.34 0.1653
10.35 0.17803
10.36 0.19076
10.37 0.20349
10.38 0.21623
10.39 0.22896
10.4 0.24169
10.41 0.25442
10.42 0.26716
10.43 0.27989
10.44 0.29262
10.45 0.30535
10.46 0.31809
10.47 0.33082
10.48 0.34355
10.49 0.35628
10.5 0.36902
10.51 0.38175
10.52 0.39448
10.53 0.40721
10.54 0.41994
10.55 0.43268
10.56 0.44541
10.57 0.45814
10.58 0.47087
10.59 0.48361
10.6 0.49634
10.61 0.50907
10.62 0.5218
10.63 0.53454
10.64 0.54727
10.65 0.56
10.66 0.57273
10.67 0.58547
10.68 0.5982
10.69 0.61093
10.7 0.62366
10.71 0.6364
10.72 0.64913
10.73 0.66186
10.74 0.67459
10.75 0.68733
10.76 0.70006
10.77 0.71279
10.78 0.72552
10.79 0.73825
10.8 0.75099
10.81 0.76372
10.82 0.77645
10.83 0.78918
10.84 0.80192
10.85 0.81465
10.86 0.82738
10.87 0.84011
10.88 0.85285
10.89 0.86558
10.9 0.87831
10.91 0.89104
10.92 0.90378
10.93 0.91651
10.94 0.92924
10.95 0.94197
10.96 0.95471
10.97 0.96744
10.98 0.98017
10.99 0.9929
11 0.99437
11.01 0.98163
11.02 0.9689
11.03 0.95617
11.04 0.94344
11.05 0.9307
11.06 0.91797
11.07 0.90524
11.08 0.89251
11.09 0.87977
11.1 0.86704
11.11 0.85431
11.12 0.84158
11.13 0.82884
11.14 0.81611
11.15 0.80338
11.16 0.79065
11.17 0.77791
11.18 0.76518
11.19 0.75245
11.2 0.73972
11.21 0.72698
11.22 0.71425
11.23 0.70152
11.24 0.68879
11.25 0.67606
11.26 0.66332
11.27 0.65059
11.28 0.63786
11.29 0.62513
11.3 0.61239
11.31 0.59966
11.32 0.58693
11.33 0.5742
11.34 0.56146
11.35 0.54873
11.36 0.536
11.37 0.52327
11.38 0.51053
11.39 0.4978
11.4 0.48507
11.41 0.47234
11.42 0.4596
11.43 0.44687
11.44 0.43414
11.45 0.42141
11.46 0.40867
11.47 0.39594
11.48 0.38321
11.49 0.37048
11.5 0.35775
11.51 0.34501
11.52 0.33228
11.53 0.31955
11.54 0.30682
11.55 0.29408
11.56 0.28135
11.57 0.26862
11.58 0.25589
11.59 0.24315
11.6 0.23042
11.61 0.21769
11.62 0.20496
11.63 0.19222
11.64 0.17949
11.65 0.16676
11.66 0.15403
11.67 0.14129
11.68 0.12856
11.69 0.11583
11.7 0.1031
11.71 0.090365
11.72 0.077633
11.73 0.0649
11.74 0.052168
11.75 0.039435
11.76 0.026703
11.77 0.013971
11.78 0.0012382
11.79 -0.011494
11.8 -0.024227
11.81 -0.036959
11.82 -0.049691
11.83 -0.062424
11.84 -0.075156
11.85 -0.087889
11.86 -0.10062
11.87 -0.11335
11.88 -0.12609
11.89 -0.13882
11.9 -0.15155
11.91 -0.16428
11.92 -0.17702
11.93 -0.18975
11.94 -0.20248
11.95 -0.21521
11.96 -0.22794
11.97 -0.24068
11.98 -0.25341
11.99 -0.26614
12 -0.27887
12.01 -0.29161
12.02 -0.30434
12.03 -0.31707
12.04 -0.3298
12.05 -0.34254
12.06 -0.35527
12.07 -0.368
12.08 -0.38073
12.09 -0.39347
12.1 -0.4062
12.11 -0.41893
12.12 -0.43166
12.13 -0.4444
12.14 -0.45713
12.15 -0.46986
12.16 -0.48259
12.17 -0.49533
12.18 -0.50806
12.19 -0.52079
12.2 -0.53352
12.21 -0.54625
12.22 -0.55899
12.23 -0.57172
12.24 -0.58445
12.25 -0.59718
12.26 -0.60992
12.27 -0.62265
12.28 -0.63538
12.29 -0.64811
12.3 -0.66085
12.31 -0.67358
12.32 -0.68631
12.33 -0.69904
12.34 -0.71178
12.35 -0.72451
12.36 -0.73724
12.37 -0.74997
12.38 -0.76271
12.39 -0.77544
12.4 -0.78817
12.41 -0.8009
12.42 -0.81364
12.43 -0.82637
12.44 -0.8391
12.45 -0.85183
12.46 -0.86456
12.47 -0.8773
12.48 -0.89003
12.49 -0.90276
12.5 -0.91549
12.51 -0.92823
12.52 -0.94096
12.53 -0.95369
12.54 -0.96642
12.55 -0.97916
12.56 -0.99189
12.57 -0.99538
12.58 -0.98265
12.59 -0.96991
12.6 -0.95718
12.61 -0.94445
12.62 -0.93172
12.63 -0.91898
12.64 -0.90625
12.65 -0.89352
12.66 -0.88079
12.67 -0.86805
12.68 -0.85532
12.69 -0.84259
12.7 -0.82986
12.71 -0.81713
12.72 -0.80439
12.73 -0.79166
12.74 -0.77893
12.75 -0.7662
12.76 -0.75346
12.77 -0.74073
12.78 -0.728
12.79 -0.71527
12.8 -0.70253
12.81 -0.6898
12.82 -0.67707
12.83 -0.66434
12.84 -0.6516
12.85 -0.63887
12.86 -0.62614
12.87 -0.61341
12.88 -0.60067
12.89 -0.58794
12.9 -0.57521
12.91 -0.56248
12.92 -0.54975
12.93 -0.53701
12.94 -0.52428
12.95 -0.51155
12.96 -0.49882
12.97 -0.48608
12.98 -0.47335
12.99 -0.46062
13 -0.44789
13.01 -0.43515
13.02 -0.42242
13.03 -0.40969
13.04 -0.39696
13.05 -0.38422
13.06 -0.37149
13.07 -0.35876
13.08 -0.34603
13.09 -0.33329
13.1 -0.32056
13.11 -0.30783
13.12 -0.2951
13.13 -0.28236
13.14 -0.26963
13.15 -0.2569
13.16 -0.24417
13.17 -0.23144
13.18 -0.2187
13.19 -0.20597
13.2 -0.19324
13.21 -0.18051
13.22 -0.16777
13.23 -0.15504
13.24 -0.14231
13.25 -0.12958
13.26 -0.11684
13.27 -0.10411
13.28 -0.091379
13.29 -0.078646
13.3 -0.065914
13.31 -0.053182
13.32 -0.040449
13.33 -0.027717
13.34 -0.014984
13.35 -0.0022521
13.36 0.01048
13.37 0.023213
13.38 0.035945
13.39 0.048678
13.4 0.06141
13.41 0.074142
13.42 0.086875
13.43 0.099607
13.44 0.11234
13.45 0.12507
13.46 0.1378
13.47 0.15054
13.48 0.16327
13.49 0.176
13.5 0.18873
13.51 0.20147
13.52 0.2142
13.53 0.22693
13.54 0.23966
13.55 0.2524
13.56 0.26513
13.57 0.27786
13.58 0.29059
13.59 0.30333
13.6 0.31606
13.61 0.32879
13.62 0.34152
13.63 0.35425
13.64 0.36699
13.65 0.37972
13.66 0.39245
13.67 0.40518
13.68 0.41792
13.69 0.43065
13.7 0.44338
13.71 0.45611
13.72 0.46885
13.73 0.48158
13.74 0.49431
13.75 0.50704
13.76 0.51978
13.77 0.53251
13.78 0.54524
13.79 0.55797
13.8 0.57071
13.81 0.58344
13.82 0.59617
13.83 0.6089
13.84 0.62164
13.85 0.63437
13.86 0.6471
13.87 0.65983
13.88 0.67256
13.89 0.6853
13.9 0.69803
13.91 0.71076
13.92 0.72349
13.93 0.73623
13.94 0.74896
13.95 0.76169
13.96 0.77442
13.97 0.78716
13.98 0.79989
13.99 0.81262
14 0.82535
14.01 0.83809
14.02 0.85082
14.03 0.86355
14.04 0.87628
14.05 0.88902
14.06 0.90175
14.07 0.91448
14.08 0.92721
14.09 0.93995
14.1 0.95268
14.11 0.96541
14.12 0.97814
14.13 0.99087
14.14 0.99639
14.15 0.98366
14.16 0.97093
14.17 0.9582
14.18 0.94546
14.19 0.93273
14.2 0.92
14.21 0.90727
14.22 0.89453
14.23 0.8818
14.24 0.86907
14.25 0.85634
14.26 0.8436
14.27 0.83087
14.28 0.81814
14.29 0.80541
14.3 0.79267
14.31 0.77994
14.32 0.76721
14.33 0.75448
14.34 0.74174
14.35 0.72901
14.36 0.71628
14.37 0.70355
14.38 0.69082
14.39 0.67808
14.4 0.66535
14.41 0.65262
14.42 0.63989
14.43 0.62715
14.44 0.61442
14.45 0.60169
14.46 0.58896
14.47 0.57622
14.48 0.56349
14.49 0.55076
14.5 0.53803
14.51 0.52529
14.52 0.51256
14.53 0.49983
14.54 0.4871
14.55 0.47436
14.56 0.46163
14.57 0.4489
14.58 0.43617
14.59 0.42344
14.6 0.4107
14.61 0.39797
14.62 0.38524
14.63 0.37251
14.64 0.35977
14.65 0.34704
14.66 0.33431
14.67 0.32158
14.68 0.30884
14.69 0.29611
14.7 0.28338
14.71 0.27065
14.72 0.25791
14.73 0.24518
14.74 0.23245
14.75 0.21972
14.76 0.20698
14.77 0.19425
14.78 0.18152
14.79 0.16879
14.8 0.15605
14.81 0.14332
14.82 0.13059
14.83 0.11786
14.84 0.10513
14.85 0.092393
14.86 0.07966
14.87 0.066928
14.88 0.054196
14.89 0.041463
14.9 0.028731
14.91 0.015998
14.92 0.003266
14.93 -0.0094664
14.94 -0.022199
14.95 -0.034931
14.96 -0.047664
14.97 -0.060396
14.98 -0.073128
14.99 -0.085861
15 -0.098593
15.01 -0.11133
15.02 -0.12406
15.03 -0.13679
15.04 -0.14952
15.05 -0.16226
15.06 -0.17499
15.07 -0.18772
15.08 -0.20045
15.09 -0.21318
15.1 -0.22592
15.11 -0.23865
15.12 -0.25138
15.13 -0.26411
15.14 -0.27685
15.15 -0.28958
15.16 -0.30231
15.17 -0.31504
15.18 -0.32778
15.19 -0.34051
15.2 -0.35324
15.21 -0.36597
15.22 -0.37871
15.23 -0.39144
15.24 -0.40417
15.25 -0.4169
15.26 -0.42964
15.27 -0.44237
15.28 -0.4551
15.29 -0.46783
15.3 -0.48057
15.31 -0.4933
15.32 -0.50603
15.33 -0.51876
15.34 -0.53149
15.35 -0.54423
15.36 -0.55696
15.37 -0.56969
15.38 -0.58242
15.39 -0.59516
15.4 -0.60789
15.41 -0.62062
15.42 -0.63335
15.43 -0.64609
15.44 -0.65882
15.45 -0.67155
15.46 -0.68428
15.47 -0.69702
15.48 -0.70975
15.49 -0.72248
15.5 -0.73521
15.51 -0.74795
15.52 -0.76068
15.53 -0.77341
15.54 -0.78614
15.55 -0.79887
15.56 -0.81161
15.57 -0.82434
15.58 -0.83707
15.59 -0.8498
15.6 -0.86254
15.61 -0.87527
15.62 -0.888
15.63 -0.90073
15.64 -0.91347
15.65 -0.9262
15.66 -0.93893
15.67 -0.95166
15.68 -0.9644
15.69 -0.97713
15.7 -0.98986
15.71 -0.99741
15.72 -0.98467
15.73 -0.97194
15.74 -0.95921
15.75 -0.94648
15.76 -0.93374
15.77 -0.92101
15.78 -0.90828
15.79 -0.89555
15.8 -0.88282
15.81 -0.87008
15.82 -0.85735
15.83 -0.84462
15.84 -0.83189
15.85 -0.81915
15.86 -0.80642
15.87 -0.79369
15.88 -0.78096
15.89 -0.76822
15.9 -0.75549
15.91 -0.74276
15.92 -0.73003
15.93 -0.71729
15.94 -0.70456
15.95 -0.69183
15.96 -0.6791
15.97 -0.66636
15.98 -0.65363
15.99 -0.6409
16 -0.62817
16.01 -0.61543
16.02 -0.6027
16.03 -0.58997
16.04 -0.57724
16.05 -0.56451
16.06 -0.55177
16.07 -0.53904
16.08 -0.52631
16.09 -0.51358
16.1 -0.50084
16.11 -0.48811
16.12 -0.47538
16.13 -0.46265
16.14 -0.44991
16.15 -0.43718
16.16 -0.42445
16.17 -0.41172
16.18 -0.39898
16.19 -0.38625
16.2 -0.37352
16.21 -0.36079
16.22 -0.34805
16.23 -0.33532
16.24 -0.32259
16.25 -0.30986
16.26 -0.29713
16.27 -0.28439
16.28 -0.27166
16.29 -0.25893
16.3 -0.2462
16.31 -0.23346
16.32 -0.22073
16.33 -0.208
16.34 -0.19527
16.35 -0.18253
16.36 -0.1698
16.37 -0.15707
16.38 -0.14434
16.39 -0.1316
16.4 -0.11887
16.41 -0.10614
16.42 -0.093407
16.43 -0.080674
16.44 -0.067942
16.45 -0.055209
16.46 -0.042477
16.47 -0.029745
16.48 -0.017012
16.49 -0.0042799
16.5 0.0084525
16.51 0.021185
16.52 0.033917
16.53 0.04665
16.54 0.059382
16.55 0.072114
16.56 0.084847
16.57 0.097579
16.58 0.11031
16.59 0.12304
16.6 0.13578
16.61 0.14851
16.62 0.16124
16.63 0.17397
16.64 0.18671
16.65 0.19944
16.66 0.21217
16.67 0.2249
16.68 0.23764
16.69 0.25037
16.7 0.2631
16.71 0.27583
16.72 0.28857
16.73 0.3013
16.74 0.31403
16.75 0.32676
16.76 0.33949
16.77 0.35223
16.78 0.36496
16.79 0.37769
16.8 0.39042
16.81 0.40316
16.82 0.41589
16.83 0.42862
16.84 0.44135
16.85 0.45409
16.86 0.46682
16.87 0.47955
16.88 0.49228
16.89 0.50502
16.9 0.51775
16.91 0.53048
16.92 0.54321
16.93 0.55595
16.94 0.56868
16.95 0.58141
16.96 0.59414
16.97 0.60688
16.98 0.61961
16.99 0.63234
17 0.64507
17.01 0.6578
17.02 0.67054
17.03 0.68327
17.04 0.696
17.05 0.70873
17.06 0.72147
17.07 0.7342
17.08 0.74693
17.09 0.75966
17.1 0.7724
17.11 0.78513
17.12 0.79786
17.13 0.81059
17.14 0.82333
17.15 0.83606
17.16 0.84879
17.17 0.86152
17.18 0.87426
17.19 0.88699
17.2 0.89972
17.21 0.91245
17.22 0.92518
17.23 0.93792
17.24 0.95065
17.25 0.96338
17.26 0.97611
17.27 0.98885
17.28 0.99842
17.29 0.98569
17.3 0.97296
17.31 0.96022
17.32 0.94749
17.33 0.93476
17.34 0.92203
17.35 0.90929
17.36 0.89656
17.37 0.88383
17.38 0.8711
17.39 0.85836
17.4 0.84563
17.41 0.8329
17.42 0.82017
17.43 0.80743
17.44 0.7947
17.45 0.78197
17.46 0.76924
17.47 0.75651
17.48 0.74377
17.49 0.73104
17.5 0.71831
17.51 0.70558
17.52 0.69284
17.53 0.68011
17.54 0.66738
17.55 0.65465
17.56 0.64191
17.57 0.62918
17.58 0.61645
17.59 0.60372
17.6 0.59098
17.61 0.57825
17.62 0.56552
17.63 0.55279
17.64 0.54005
17.65 0.52732
17.66 0.51459
17.67 0.50186
17.68 0.48912
17.69 0.47639
17.7 0.46366
17.71 0.45093
17.72 0.4382
17.73 0.42546
17.74 0.41273
17.75 0.4
17.76 0.38727
17.77 0.37453
17.78 0.3618
17.79 0.34907
17.8 0.33634
17.81 0.3236
17.82 0.31087
17.83 0.29814
17.84 0.28541
17.85 0.27267
17.86 0.25994
17.87 0.24721
17.88 0.23448
17.89 0.22174
17.9 0.20901
17.91 0.19628
17.92 0.18355
17.93 0.17081
17.94 0.15808
17.95 0.14535
17.96 0.13262
17.97 0.11989
17.98 0.10715
17.99 0.094421
18 0.081688
18.01 0.068956
18.02 0.056223
18.03 0.043491
18.04 0.030759
18.05 0.018026
18.06 0.0052938
18.07 -0.0074386
18.08 -0.020171
18.09 -0.032903
18.1 -0.045636
18.11 -0.058368
18.12 -0.071101
18.13 -0.083833
18.14 -0.096565
18.15 -0.1093
18.16 -0.12203
18.17 -0.13476
18.18 -0.14749
18.19 -0.16023
18.2 -0.17296
18.21 -0.18569
18.22 -0.19842
18.23 -0.21116
18.24 -0.22389
18.25 -0.23662
18.26 -0.24935
18.27 -0.26209
18.28 -0.27482
18.29 -0.28755
18.3 -0.30028
18.31 -0.31302
18.32 -0.32575
18.33 -0.33848
18.34 -0.35121
18.35 -0.36395
18.36 -0.37668
18.37 -0.38941
18.38 -0.40214
18.39 -0.41488
18.4 -0.42761
18.41 -0.44034
18.42 -0.45307
18.43 -0.4658
18.44 -0.47854
18.45 -0.49127
18.46 -0.504
18.47 -0.51673
18.48 -0.52947
18.49 -0.5422
18.5 -0.55493
18.51 -0.56766
18.52 -0.5804
18.53 -0.59313
18.54 -0.60586
18.55 -0.61859
18.56 -0.63133
18.57 -0.64406
18.58 -0.65679
18.59 -0.66952
18.6 -0.68226
18.61 -0.69499
18.62 -0.70772
18.63 -0.72045
18.64 -0.73319
18.65 -0.74592
18.66 -0.75865
18.67 -0.77138
18.68 -0.78411
18.69 -0.79685
18.7 -0.80958
18.71 -0.82231
18.72 -0.83504
18.73 -0.84778
18.74 -0.86051
18.75 -0.87324
18.76 -0.88597
18.77 -0.89871
18.78 -0.91144
18.79 -0.92417
18.8 -0.9369
18.81 -0.94964
18.82 -0.96237
18.83 -0.9751
18.84 -0.98783
18.85 -0.99943
18.86 -0.9867
18.87 -0.97397
18.88 -0.96124
18.89 -0.9485
18.9 -0.93577
18.91 -0.92304
18.92 -0.91031
18.93 -0.89758
18.94 -0.88484
18.95 -0.87211
18.96 -0.85938
18.97 -0.84665
18.98 -0.83391
18.99 -0.82118
19 -0.80845
19.01 -0.79572
19.02 -0.78298
19.03 -0.77025
19.04 -0.75752
19.05 -0.74479
19.06 -0.73205
19.07 -0.71932
19.08 -0.70659
19.09 -0.69386
19.1 -0.68112
19.11 -0.66839
19.12 -0.65566
19.13 -0.64293
19.14 -0.6302
19.15 -0.61746
19.16 -0.60473
19.17 -0.592
19.18 -0.57927
19.19 -0.56653
19.2 -0.5538
19.21 -0.54107
19.22 -0.52834
19.23 -0.5156
19.24 -0.50287
19.25 -0.49014
19.26 -0.47741
19.27 -0.46467
19.28 -0.45194
19.29 -0.43921
19.3 -0.42648
19.31 -0.41374
19.32 -0.40101
19.33 -0.38828
19.34 -0.37555
19.35 -0.36281
19.36 -0.35008
19.37 -0.33735
19.38 -0.32462
19.39 -0.31189
19.4 -0.29915
19.41 -0.28642
19.42 -0.27369
19.43 -0.26096
19.44 -0.24822
19.45 -0.23549
19.46 -0.22276
19.47 -0.21003
19.48 -0.19729
19.49 -0.18456
19.5 -0.17183
19.51 -0.1591
19.52 -0.14636
19.53 -0.13363
19.54 -0.1209
19.55 -0.10817
19.56 -0.095435
19.57 -0.082702
19.58 -0.06997
19.59 -0.057237
19.6 -0.044505
19.61 -0.031773
19.62 -0.01904
19.63 -0.0063077
19.64 0.0064247
19.65 0.019157
19.66 0.031889
19.67 0.044622
19.68 0.057354
19.69 0.070087
19.7 0.082819
19.71 0.095551
19.72 0.10828
19.73 0.12102
19.74 0.13375
19.75 0.14648
19.76 0.15921
19.77 0.17195
19.78 0.18468
19.79 0.19741
19.8 0.21014
19.81 0.22288
19.82 0.23561
19.83 0.24834
19.84 0.26107
19.85 0.2738
19.86 0.28654
19.87 0.29927
19.88 0.312
19.89 0.32473
19.9 0.33747
19.91 0.3502
19.92 0.36293
19.93 0.37566
19.94 0.3884
19.95 0.40113
19.96 0.41386
19.97 0.42659
19.98 0.43933
19.99 0.45206
20 0.46479
20.01 0.47752
20.02 0.49026
20.03 0.50299
20.04 0.51572
20.05 0.52845
20.06 0.54119
20.07 0.55392
20.08 0.56665
20.09 0.57938
20.1 0.59211
20.11 0.60485
20.12 0.61758
20.13 0.63031
20.14 0.64304
20.15 0.65578
20.16 0.66851
20.17 0.68124
20.18 0.69397
20.19 0.70671
20.2 0.71944
20.21 0.73217
20.22 0.7449
20.23 0.75764
20.24 0.77037
20.25 0.7831
20.26 0.79583
20.27 0.80857
20.28 0.8213
20.29 0.83403
20.3 0.84676
20.31 0.8595
20.32 0.87223
20.33 0.88496
20.34 0.89769
20.35 0.91042
20.36 0.92316
20.37 0.93589
20.38 0.94862
20.39 0.96135
20.4 0.97409
20.41 0.98682
20.42 0.99955
20.43 0.98772
20.44 0.97498
20.45 0.96225
20.46 0.94952
20.47 0.93679
20.48 0.92405
20.49 0.91132
20.5 0.89859
20.51 0.88586
20.52 0.87312
20.53 0.86039
20.54 0.84766
20.55 0.83493
20.56 0.82219
20.57 0.80946
20.58 0.79673
20.59 0.784
20.6 0.77127
20.61 0.75853
20.62 0.7458
20.63 0.73307
20.64 0.72034
20.65 0.7076
20.66 0.69487
20.67 0.68214
20.68 0.66941
20.69 0.65667
20.7 0.64394
20.71 0.63121
20.72 0.61848
20.73 0.60574
20.74 0.59301
20.75 0.58028
20.76 0.56755
20.77 0.55481
20.78 0.54208
20.79 0.52935
20.8 0.51662
20.81 0.50389
20.82 0.49115
20.83 0.47842
20.84 0.46569
20.85 0.45296
20.86 0.44022
20.87 0.42749
20.88 0.41476
20.89 0.40203
20.9 0.38929
20.91 0.37656
20.92 0.36383
20.93 0.3511
20.94 0.33836
20.95 0.32563
20.96 0.3129
20.97 0.30017
20.98 0.28743
20.99 0.2747
21 0.26197
21.01 0.24924
21.02 0.2365
21.03 0.22377
21.04 0.21104
21.05 0.19831
21.06 0.18558
21.07 0.17284
21.08 0.16011
21.09 0.14738
21.1 0.13465
21.11 0.12191
21.12 0.10918
21.13 0.096448
21.14 0.083716
21.15 0.070984
21.16 0.058251
21.17 0.045519
21.18 0.032786
21.19 0.020054
21.2 0.0073217
21.21 -0.0054107
21.22 -0.018143
21.23 -0.030876
21.24 -0.043608
21.25 -0.05634
21.26 -0.069073
21.27 -0.081805
21.28 -0.094538
21.29 -0.10727
21.3 -0.12
21.31 -0.13273
21.32 -0.14547
21.33 -0.1582
21.34 -0.17093
21.35 -0.18366
21.36 -0.1964
21.37 -0.20913
21.38 -0.22186
21.39 -0.23459
21.4 -0.24733
21.41 -0.26006
21.42 -0.27279
21.43 -0.28552
21.44 -0.29826
21.45 -0.31099
21.46 -0.32372
21.47 -0.33645
21.48 -0.34919
21.49 -0.36192
21.5 -0.37465
21.51 -0.38738
21.52 -0.40012
21.53 -0.41285
21.54 -0.42558
21.55 -0.43831
21.56 -0.45104
21.57 -0.46378
21.58 -0.47651
21.59 -0.48924
21.6 -0.50197
21.61 -0.51471
21.62 -0.52744
21.63 -0.54017
21.64 -0.5529
21.65 -0.56564
21.66 -0.57837
21.67 -0.5911
21.68 -0.60383
21.69 -0.61657
21.7 -0.6293
21.71 -0.64203
21.72 -0.65476
21.73 -0.6675
21.74 -0.68023
21.75 -0.69296
21.76 -0.70569
21.77 -0.71842
21.78 -0.73116
21.79 -0.74389
21.8 -0.75662
21.81 -0.76935
21.82 -0.78209
21.83 -0.79482
21.84 -0.80755
21.85 -0.82028
21.86 -0.83302
21.87 -0.84575
21.88 -0.85848
21.89 -0.87121
21.9 -0.88395
21.91 -0.89668
21.92 -0.90941
21.93 -0.92214
21.94 -0.93488
21.95 -0.94761
21.96 -0.96034
21.97 -0.97307
21.98 -0.98581
21.99 -0.99854
22 -0.98873
22.01 -0.976
22.02 -0.96327
22.03 -0.95053
22.04 -0.9378
22.05 -0.92507
22.06 -0.91234
22.07 -0.8996
22.08 -0.88687
22.09 -0.87414
22.1 -0.86141
22.11 -0.84867
22.12 -0.83594
22.13 -0.82321
22.14 -0.81048
22.15 -0.79774
22.16 -0.78501
22.17 -0.77228
22.18 -0.75955
22.19 -0.74681
22.2 -0.73408
22.21 -0.72135
22.22 -0.70862
22.23 -0.69588
22.24 -0.68315
22.25 -0.67042
22.26 -0.65769
22.27 -0.64496
22.28 -0.63222
22.29 -0.61949
22.3 -0.60676
22.31 -0.59403
22.32 -0.58129
22.33 -0.56856
22.34 -0.55583
22.35 -0.5431
22.36 -0.53036
22.37 -0.51763
22.38 -0.5049
22.39 -0.49217
22.4 -0.47943
22.41 -0.4667
22.42 -0.45397
22.43 -0.44124
22.44 -0.4285
22.45 -0.41577
22.46 -0.40304
22.47 -0.39031
22.48 -0.37758
22.49 -0.36484
22.5 -0.35211
22.51 -0.33938
22.52 -0.32665
22.53 -0.31391
22.54 -0.30118
22.55 -0.28845
22.56 -0.27572
22.57 -0.26298
22.58 -0.25025
22.59 -0.23752
22.6 -0.22479
22.61 -0.21205
22.62 -0.19932
22.63 -0.18659
22.64 -0.17386
22.65 -0.16112
22.66 -0.14839
22.67 -0.13566
22.68 -0.12293
22.69 -0.11019
22.7 -0.097462
22.71 -0.08473
22.72 -0.071998
22.73 -0.059265
22.74 -0.046533
22.75 -0.0338
22.76 -0.021068
22.77 -0.0083356
22.78 0.0043968
22.79 0.017129
22.8 0.029862
22.81 0.042594
22.82 0.055326
22.83 0.068059
22.84 0.080791
22.85 0.093524
22.86 0.10626
22.87 0.11899
22.88 0.13172
22.89 0.14445
22.9 0.15719
22.91 0.16992
22.92 0.18265
22.93 0.19538
22.94 0.20812
22.95 0.22085
22.96 0.23358
22.97 0.24631
22.98 0.25904
22.99 0.27178
23 0.28451
23.01 0.29724
23.02 0.30997
23.03 0.32271
23.04 0.33544
23.05 0.34817
23.06 0.3609
23.07 0.37364
23.08 0.38637
23.09 0.3991
23.1 0.41183
23.11 0.42457
23.12 0.4373
23.13 0.45003
23.14 0.46276
23.15 0.4755
23.16 0.48823
23.17 0.50096
23.18 0.51369
23.19 0.52643
23.2 0.53916
23.21 0.55189
23.22 0.56462
23.23 0.57735
23.24 0.59009
23.25 0.60282
23.26 0.61555
23.27 0.62828
23.28 0.64102
23.29 0.65375
23.3 0.66648
23.31 0.67921
23.32 0.69195
23.33 0.70468
23.34 0.71741
23.35 0.73014
23.36 0.74288
23.37 0.75561
23.38 0.76834
23.39 0.78107
23.4 0.79381
23.41 0.80654
23.42 0.81927
23.43 0.832
23.44 0.84473
23.45 0.85747
23.46 0.8702
23.47 0.88293
23.48 0.89566
23.49 0.9084
23.5 0.92113
23.51 0.93386
23.52 0.94659
23.53 0.95933
23.54 0.97206
23.55 0.98479
23.56 0.99752
23.57 0.98974
23.58 0.97701
23.59 0.96428
23.6 0.95155
23.61 0.93881
23.62 0.92608
23.63 0.91335
23.64 0.90062
23.65 0.88788
23.66 0.87515
23.67 0.86242
23.68 0.84969
23.69 0.83696
23.7 0.82422
23.71 0.81149
23.72 0.79876
23.73 0.78603
23.74 0.77329
23.75 0.76056
23.76 0.74783
23.77 0.7351
23.78 0.72236
23.79 0.70963
23.8 0.6969
23.81 0.68417
23.82 0.67143
23.83 0.6587
23.84 0.64597
23.85 0.63324
23.86 0.6205
23.87 0.60777
23.88 0.59504
23.89 0.58231
23.9 0.56957
23.91 0.55684
23.92 0.54411
23.93 0.53138
23.94 0.51865
23.95 0.50591
23.96 0.49318
23.97 0.48045
23.98 0.46772
23.99 0.45498
24 0.44225
24.01 0.42952
24.02 0.41679
24.03 0.40405
24.04 0.39132
24.05 0.37859
24.06 0.36586
24.07 0.35312
24.08 0.34039
24.09 0.32766
24.1 0.31493
24.11 0.30219
24.12 0.28946
24.13 0.27673
24.14 0.264
24.15 0.25126
24.16 0.23853
24.17 0.2258
24.18 0.21307
24.19 0.20034
24.2 0.1876
24.21 0.17487
24.22 0.16214
24.23 0.14941
24.24 0.13667
24.25 0.12394
24.26 0.11121
24.27 0.098476
24.28 0.085744
24.29 0.073011
24.3 0.060279
24.31 0.047547
24.32 0.034814
24.33 0.022082
24.34 0.0093495
24.35 -0.0033829
24.36 -0.016115
24.37 -0.028848
24.38 -0.04158
24.39 -0.054312
24.4 -0.067045
24.41 -0.079777
24.42 -0.09251
24.43 -0.10524
24.44 -0.11797
24.45 -0.13071
24.46 -0.14344
24.47 -0.15617
24.48 -0.1689
24.49 -0.18164
24.5 -0.19437
24.51 -0.2071
24.52 -0.21983
24.53 -0.23257
24.54 -0.2453
24.55 -0.25803
24.56 -0.27076
24.57 -0.2835
24.58 -0.29623
24.59 -0.30896
24.6 -0.32169
24.61 -0.33443
24.62 -0.34716
24.63 -0.35989
24.64 -0.37262
24.65 -0.38535
24.66 -0.39809
24.67 -0.41082
24.68 -0.42355
24.69 -0.43628
24.7 -0.44902
24.71 -0.46175
24.72 -0.47448
24.73 -0.48721
24.74 -0.49995
24.75 -0.51268
24.76 -0.52541
24.77 -0.53814
24.78 -0.55088
24.79 -0.56361
24.8 -0.57634
24.81 -0.58907
24.82 -0.60181
24.83 -0.61454
24.84 -0.62727
24.85 -0.64
24.86 -0.65274
24.87 -0.66547
24.88 -0.6782
24.89 -0.69093
24.9 -0.70366
24.91 -0.7164
24.92 -0.72913
24.93 -0.74186
24.94 -0.75459
24.95 -0.76733
24.96 -0.78006
24.97 -0.79279
24.98 -0.80552
24.99 -0.81826
25 -0.83099
25.01 -0.84372
25.02 -0.85645
25.03 -0.86919
25.04 -0.88192
25.05 -0.89465
25.06 -0.90738
25.07 -0.92012
25.08 -0.93285
25.09 -0.94558
25.1 -0.95831
25.11 -0.97104
25.12 -0.98378
25.13 -0.99651
25.14 -0.99076
25.15 -0.97803
25.16 -0.96529
25.17 -0.95256
25.18 -0.93983
25.19 -0.9271
25.2 -0.91436
25.21 -0.90163
25.22 -0.8889
25.23 -0.87617
25.24 -0.86343
25.25 -0.8507
25.26 -0.83797
25.27 -0.82524
25.28 -0.8125
25.29 -0.79977
25.3 -0.78704
25.31 -0.77431
25.32 -0.76157
25.33 -0.74884
25.34 -0.73611
25.35 -0.72338
25.36 -0.71065
25.37 -0.69791
25.38 -0.68518
25.39 -0.67245
25.4 -0.65972
25.41 -0.64698
25.42 -0.63425
25.43 -0.62152
25.44 -0.60879
25.45 -0.59605
25.46 -0.58332
25.47 -0.57059
25.48 -0.55786
25.49 -0.54512
25.5 -0.53239
25.51 -0.51966
25.52 -0.50693
25.53 -0.49419
25.54 -0.48146
25.55 -0.46873
25.56 -0.456
25.57 -0.44326
25.58 -0.43053
25.59 -0.4178
25.6 -0.40507
25.61 -0.39234
25.62 -0.3796
25.63 -0.36687
25.64 -0.35414
25.65 -0.34141
25.66 -0.32867
25.67 -0.31594
25.68 -0.30321
25.69 -0.29048
25.7 -0.27774
25.71 -0.26501
25.72 -0.25228
25.73 -0.23955
25.74 -0.22681
25.75 -0.21408
25.76 -0.20135
25.77 -0.18862
25.78 -0.17588
25.79 -0.16315
25.8 -0.15042
25.81 -0.13769
25.82 -0.12495
25.83 -0.11222
25.84 -0.09949
25.85 -0.086758
25.86 -0.074025
25.87 -0.061293
25.88 -0.048561
25.89 -0.035828
25.9 -0.023096
25.91 -0.010363
25.92 0.002369
25.93 0.015101
25.94 0.027834
25.95 0.040566
25.96 0.053299
25.97 0.066031
25.98 0.078763
25.99 0.091496
26 0.10423
26.01 0.11696
26.02 0.12969
26.03 0.14243
26.04 0.15516
26.05 0.16789
26.06 0.18062
26.07 0.19335
26.08 0.20609
26.09 0.21882
26.1 0.23155
26.11 0.24428
26.12 0.25702
26.13 0.26975
26.14 0.28248
26.15 0.29521
26.16 0.30795
26.17 0.32068
26.18 0.33341
26.19 0.34614
26.2 0.35888
26.21 0.37161
26.22 0.38434
26.23 0.39707
26.24 0.40981
26.25 0.42254
26.26 0.43527
26.27 0.448
26.28 0.46074
26.29 0.47347
26.3 0.4862
26.31 0.49893
26.32 0.51166
26.33 0.5244
26.34 0.53713
26.35 0.54986
26.36 0.56259
26.37 0.57533
26.38 0.58806
26.39 0.60079
26.4 0.61352
26.41 0.62626
26.42 0.63899
26.43 0.65172
26.44 0.66445
26.45 0.67719
26.46 0.68992
26.47 0.70265
26.48 0.71538
26.49 0.72812
26.5 0.74085
26.51 0.75358
26.52 0.76631
26.53 0.77905
26.54 0.79178
26.55 0.80451
26.56 0.81724
26.57 0.82997
26.58 0.84271
26.59 0.85544
26.6 0.86817
26.61 0.8809
26.62 0.89364
26.63 0.90637
26.64 0.9191
26.65 0.93183
26.66 0.94457
26.67 0.9573
26.68 0.97003
26.69 0.98276
26.7 0.9955
26.71 0.99177
26.72 0.97904
26.73 0.96631
26.74 0.95357
26.75 0.94084
26.76 0.92811
26.77 0.91538
26.78 0.90264
26.79 0.88991
26.8 0.87718
26.81 0.86445
26.82 0.85172
26.83 0.83898
26.84 0.82625
26.85 0.81352
26.86 0.80079
26.87 0.78805
26.88 0.77532
26.89 0.76259
26.9 0.74986
26.91 0.73712
26.92 0.72439
26.93 0.71166
26.94 0.69893
26.95 0.68619
26.96 0.67346
26.97 0.66073
26.98 0.648
26.99 0.63526
27 0.62253
27.01 0.6098
27.02 0.59707
27.03 0.58434
27.04 0.5716
27.05 0.55887
27.06 0.54614
27.07 0.53341
27.08 0.52067
27.09 0.50794
27.1 0.49521
27.11 0.48248
27.12 0.46974
27.13 0.45701
27.14 0.44428
27.15 0.43155
27.16 0.41881
27.17 0.40608
27.18 0.39335
27.19 0.38062
27.2 0.36788
27.21 0.35515
27.22 0.34242
27.23 0.32969
27.24 0.31695
27.25 0.30422
27.26 0.29149
27.27 0.27876
27.28 0.26603
27.29 0.25329
27.3 0.24056
27.31 0.22783
27.32 0.2151
27.33 0.20236
27.34 0.18963
27.35 0.1769
27.36 0.16417
27.37 0.15143
27.38 0.1387
27.39 0.12597
27.4 0.11324
27.41 0.1005
27.42 0.087772
27.43 0.075039
27.44 0.062307
27.45 0.049574
27.46 0.036842
27.47 0.02411
27.48 0.011377
27.49 -0.0013551
27.5 -0.014087
27.51 -0.02682
27.52 -0.039552
27.53 -0.052285
27.54 -0.065017
27.55 -0.077749
27.56 -0.090482
27.57 -0.10321
27.58 -0.11595
27.59 -0.12868
27.6 -0.14141
27.61 -0.15414
27.62 -0.16688
27.63 -0.17961
27.64 -0.19234
27.65 -0.20507
27.66 -0.21781
27.67 -0.23054
27.68 -0.24327
27.69 -0.256
27.7 -0.26874
27.71 -0.28147
27.72 -0.2942
27.73 -0.30693
27.74 -0.31966
27.75 -0.3324
27.76 -0.34513
27.77 -0.35786
27.78 -0.37059
27.79 -0.38333
27.8 -0.39606
27.81 -0.40879
27.82 -0.42152
27.83 -0.43426
27.84 -0.44699
27.85 -0.45972
27.86 -0.47245
27.87 -0.48519
27.88 -0.49792
27.89 -0.51065
27.9 -0.52338
27.91 -0.53612
27.92 -0.54885
27.93 -0.56158
27.94 -0.57431
27.95 -0.58705
27.96 -0.59978
27.97 -0.61251
27.98 -0.62524
27.99 -0.63797
28 -0.65071
28.01 -0.66344
28.02 -0.67617
28.03 -0.6889
28.04 -0.70164
28.05 -0.71437
28.06 -0.7271
28.07 -0.73983
28.08 -0.75257
28.09 -0.7653
28.1 -0.77803
28.11 -0.79076
28.12 -0.8035
28.13 -0.81623
28.14 -0.82896
28.15 -0.84169
28.16 -0.85443
28.17 -0.86716
28.18 -0.87989
28.19 -0.89262
28.2 -0.90536
28.21 -0.91809
28.22 -0.93082
28.23 -0.94355
28.24 -0.95628
28.25 -0.96902
28.26 -0.98175
28.27 -0.99448
28.28 -0.99279
28.29 -0.98005
28.3 -0.96732
28.31 -0.95459
28.32 -0.94186
28.33 -0.92912
28.34 -0.91639
28.35 -0.90366
28.36 -0.89093
28.37 -0.87819
28.38 -0.86546
28.39 -0.85273
28.4 -0.84
28.41 -0.82726
28.42 -0.81453
28.43 -0.8018
28.44 -0.78907
28.45 -0.77633
28.46 -0.7636
28.47 -0.75087
28.48 -0.73814
28.49 -0.72541
28.5 -0.71267
28.51 -0.69994
28.52 -0.68721
28.53 -0.67448
28.54 -0.66174
28.55 -0.64901
28.56 -0.63628
28.57 -0.62355
28.58 -0.61081
28.59 -0.59808
28.6 -0.58535
28.61 -0.57262
28.62 -0.55988
28.63 -0.54715
28.64 -0.53442
28.65 -0.52169
28.66 -0.50895
28.67 -0.49622
28.68 -0.48349
28.69 -0.47076
28.7 -0.45803
28.71 -0.44529
28.72 -0.43256
28.73 -0.41983
28.74 -0.4071
28.75 -0.39436
28.76 -0.38163
28.77 -0.3689
28.78 -0.35617
28.79 -0.34343
28.8 -0.3307
28.81 -0.31797
28.82 -0.30524
28.83 -0.2925
28.84 -0.27977
28.85 -0.26704
28.86 -0.25431
28.87 -0.24157
28.88 -0.22884
28.89 -0.21611
28.9 -0.20338
28.91 -0.19064
28.92 -0.17791
28.93 -0.16518
28.94 -0.15245
28.95 -0.13972
28.96 -0.12698
28.97 -0.11425
28.98 -0.10152
28.99 -0.088786
29 -0.076053
29.01 -0.063321
29.02 -0.050588
29.03 -0.037856
29.04 -0.025124
29.05 -0.012391
29.06 0.00034117
29.07 0.013074
29.08 0.025806
29.09 0.038538
29.1 0.051271
29.11 0.064003
29.12 0.076736
29.13 0.089468
29.14 0.1022
29.15 0.11493
29.16 0.12767
29.17 0.1404
29.18 0.15313
29.19 0.16586
29.2 0.17859
29.21 0.19133
29.22 0.20406
29.23 0.21679
29.24 0.22952
29.25 0.24226
29.26 0.25499
29.27 0.26772
29.28 0.28045
29.29 0.29319
29.3 0.30592
29.31 0.31865
29.32 0.33138
29.33 0.34412
29.34 0.35685
29.35 0.36958
29.36 0.38231
29.37 0.39505
29.38 0.40778
29.39 0.42051
29.4 0.43324
29.41 0.44598
29.42 0.45871
29.43 0.47144
29.44 0.48417
29.45 0.4969
29.46 0.50964
29.47 0.52237
29.48 0.5351
29.49 0.54783
29.5 0.56057
29.51 0.5733
29.52 0.58603
29.53 0.59876
29.54 0.6115
29.55 0.62423
29.56 0.63696
29.57 0.64969
29.58 0.66243
29.59 0.67516
29.6 0.68789
29.61 0.70062
29.62 0.71336
29.63 0.72609
29.64 0.73882
29.65 0.75155
29.66 0.76428
29.67 0.77702
29.68 0.78975
29.69 0.80248
29.7 0.81521
29.71 0.82795
29.72 0.84068
29.73 0.85341
29.74 0.86614
29.75 0.87888
29.76 0.89161
29.77 0.90434
29.78 0.91707
29.79 0.92981
29.8 0.94254
29.81 0.95527
29.82 0.968
29.83 0.98074
29.84 0.99347
29.85 0.9938
29.86 0.98107
29.87 0.96833
29.88 0.9556
29.89 0.94287
29.9 0.93014
29.91 0.91741
29.92 0.90467
29.93 0.89194
29.94 0.87921
29.95 0.86648
29.96 0.85374
29.97 0.84101
29.98 0.82828
29.99 0.81555
30 0.80281
