0 -1
0.01 -0.89814
0.02 -0.79628
0.03 -0.69442
0.04 -0.59256
0.05 -0.4907
0.06 -0.38885
0.07 -0.28699
0.08 -0.18513
0.09 -0.083268
0.1 0.018592
0.11 0.12045
0.12 0.22231
0.13 0.32417
0.14 0.42603
0.15 0.52789
0.16 0.62975
0.17 0.73161
0.18 0.83346
0.19 0.93532
0.2 0.96282
0.21 0.86096
0.22 0.7591
0.23 0.65724
0.24 0.55538
0.25 0.45352
0.26 0.35166
0.27 0.2498
0.28 0.14794
0.29 0.046084
0.3 -0.055775
0.31 -0.15763
0.32 -0.25949
0.33 -0.36135
0.34 -0.46321
0.35 -0.56507
0.36 -0.66693
0.37 -0.76879
0.38 -0.87065
0.39 -0.97251
0.4 -0.92563
0.41 -0.82377
0.42 -0.72192
0.43 -0.62006
0.44 -0.5182
0.45 -0.41634
0.46 -0.31448
0.47 -0.21262
0.48 -0.11076
0.49 -0.008901
0.5 0.092958
0.51 0.19482
0.52 0.29668
0.53 0.39854
0.54 0.50039
0.55 0.60225
0.56 0.70411
0.57 0.80597
0.58 0.90783
0.59 0.99031
0.6 0.88845
0.61 0.78659
0.62 0.68473
0.63 0.58287
0.64 0.48101
0.65 0.37915
0.66 0.2773
0.67 0.17544
0.68 0.073577
0.69 -0.028282
0.7 -0.13014
0.71 -0.232
0.72 -0.33386
0.73 -0.43572
0.74 -0.53758
0.75 -0.63944
0.76 -0.7413
0.77 -0.84316
0.78 -0.94501
0.79 -0.95313
0.8 -0.85127
0.81 -0.74941
0.82 -0.64755
0.83 -0.54569
0.84 -0.44383
0.85 -0.34197
0.86 -0.24011
0.87 -0.13825
0.88 -0.036394
0.89 0.065466
0.9 0.16732
0.91 0.26918
0.92 0.37104
0.93 0.4729
0.94 0.57476
0.95 0.67662
0.96 0.77848
0.97 0.88034
0.98 0.9822
0.99 0.91594
1 0.81408
1.01 0.71222
1.02 0.61037
1.03 0.50851
1.04 0.40665
1.05 0.30479
1.06 0.20293
1.07 0.10107
1.08 -0.00078967
1.09 -0.10265
1.1 -0.20451
1.11 -0.30637
1.12 -0.40823
1.13 -0.51009
1.14 -0.61194
1.15 -0.7138
1.16 -0.81566
1.17 -0.91752
1.18 -0.98062
1.19 -0.87876
1.2 -0.7769
1.21 -0.67504
1.22 -0.57318
1.23 -0.47132
1.24 -0.36946
1.25 -0.2676
1.26 -0.16575
1.27 -0.063886
1.28 0.037973
1.29 0.13983
1.3 0.24169
1.31 0.34355
1.32 0.44541
1.33 0.54727
1.34 0.64913
1.35 0.75099
1.36 0.85285
1.37 0.95471
1.38 0.94344
1.39 0.84158
1.4 0.73972
1.41 0.63786
1.42 0.536
1.43 0.43414
1.44 0.33228
1.45 0.23042
1.46 0.12856
1.47 0.026703
1.48 -0.075156
1.49 -0.17702
1.5 -0.27887
1.51 -0.38073
1.52 -0.48259
1.53 -0.58445
1.54 -0.68631
1.55 -0.78817
1.56 -0.89003
1.57 -0.99189
1.58 -0.90625
1.59 -0.80439
1.6 -0.70253
1.61 -0.60067
1.62 -0.49882
1.63 -0.39696
1.64 -0.2951
1.65 -0.19324
1.66 -0.091379
1.67 0.01048
1.68 0.11234
1.69 0.2142
1.7 0.31606
1.71 0.41792
1.72 0.51978
1.73 0.62164
1.74 0.72349
1.75 0.82535
1.76 0.92721
1.77 0.97093
1.78 0.86907
1.79 0.76721
1.8 0.66535
1.81 0.56349
1.82 0.46163
1.83 0.35977
1.84 0.25791
1.85 0.15605
1.86 0.054196
1.87 -0.047664
1.88 -0.14952
1.89 -0.25138
1.9 -0.35324
1.91 -0.4551
1.92 -0.55696
1.93 -0.65882
1.94 -0.76068
1.95 -0.86254
1.96 -0.9644
1.97 -0.93374
1.98 -0.83189
1.99 -0.73003
2 -0.62817
2.01 -0.52631
2.02 -0.42445
2.03 -0.32259
2.04 -0.22073
2.05 -0.11887
2.06 -0.017012
2.07 0.084847
2.08 0.18671
2.09 0.28857
2.1 0.39042
2.11 0.49228
2.12 0.59414
2.13 0.696
2.14 0.79786
2.15 0.89972
2.16 0.99842
2.17 0.89656
2.18 0.7947
2.19 0.69284
2.2 0.59098
2.21 0.48912
2.22 0.38727
2.23 0.28541
2.24 0.18355
2.25 0.081688
2.26 -0.020171
2.27 -0.12203
2.28 -0.22389
2.29 -0.32575
2.3 -0.42761
2.31 -0.52947
2.32 -0.63133
2.33 -0.73319
2.34 -0.83504
2.35 -0.9369
2.36 -0.96124
2.37 -0.85938
2.38 -0.75752
2.39 -0.65566
2.4 -0.5538
2.41 -0.45194
2.42 -0.35008
2.43 -0.24822
2.44 -0.14636
2.45 -0.044505
2.46 0.057354
2.47 0.15921
2.48 0.26107
2.49 0.36293
2.5 0.46479
2.51 0.56665
2.52 0.66851
2.53 0.77037
2.54 0.87223
2.55 0.97409
2.56 0.92405
2.57 0.82219
2.58 0.72034
2.59 0.61848
2.6 0.51662
2.61 0.41476
2.62 0.3129
2.63 0.21104
2.64 0.10918
2.65 0.0073217
2.66 -0.094538
2.67 -0.1964
2.68 -0.29826
2.69 -0.40012
2.7 -0.50197
2.71 -0.60383
2.72 -0.70569
2.73 -0.80755
2.74 -0.90941
2.75 -0.98873
2.76 -0.88687
2.77 -0.78501
2.78 -0.68315
2.79 -0.58129
2.8 -0.47943
2.81 -0.37758
2.82 -0.27572
2.83 -0.17386
2.84 -0.071998
2.85 0.029862
2.86 0.13172
2.87 0.23358
2.88 0.33544
2.89 0.4373
2.9 0.53916
2.91 0.64102
2.92 0.74288
2.93 0.84473
2.94 0.94659
2.95 0.95155
2.96 0.84969
2.97 0.74783
2.98 0.64597
2.99 0.54411
3 0.44225
3.01 0.34039
3.02 0.23853
3.03 0.13667
3.04 0.034814
3.05 -0.067045
3.06 -0.1689
3.07 -0.27076
3.08 -0.37262
3.09 -0.47448
3.1 -0.57634
3.11 -0.6782
3.12 -0.78006
3.13 -0.88192
3.14 -0.98378
3.15 -0.91436
3.16 -0.8125
3.17 -0.71065
3.18 -0.60879
3.19 -0.50693
3.2 -0.40507
3.21 -0.30321
3.22 -0.20135
3.23 -0.09949
3.24 0.002369
3.25 0.10423
3.26 0.20609
3.27 0.30795
3.28 0.40981
3.29 0.51166
3.3 0.61352
3.31 0.71538
3.32 0.81724
3.33 0.9191
3.34 0.97904
3.35 0.87718
3.36 0.77532
3.37 0.67346
3.38 0.5716
3.39 0.46974
3.4 0.36788
3.41 0.26603
3.42 0.16417
3.43 0.062307
3.44 -0.039552
3.45 -0.14141
3.46 -0.24327
3.47 -0.34513
3.48 -0.44699
3.49 -0.54885
3.5 -0.65071
3.51 -0.75257
3.52 -0.85443
3.53 -0.95628
3.54 -0.94186
3.55 -0.84
3.56 -0.73814
3.57 -0.63628
3.58 -0.53442
3.59 -0.43256
3.6 -0.3307
3.61 -0.22884
3.62 -0.12698
3.63 -0.025124
3.64 0.076736
3.65 0.17859
3.66 0.28045
3.67 0.38231
3.68 0.48417
3.69 0.58603
3.7 0.68789
3.71 0.78975
3.72 0.89161
3.73 0.99347
3.74 0.90467
3.75 0.80281
3.76 0.70095
3.77 0.5991
3.78 0.49724
3.79 0.39538
3.8 0.29352
3.81 0.19166
3.82 0.0898
3.83 -0.01206
3.84 -0.11392
3.85 -0.21578
3.86 -0.31764
3.87 -0.4195
3.88 -0.52136
3.89 -0.62321
3.9 -0.72507
3.91 -0.82693
3.92 -0.92879
3.93 -0.96935
3.94 -0.86749
3.95 -0.76563
3.96 -0.66377
3.97 -0.56191
3.98 -0.46005
3.99 -0.35819
4 -0.25633
4.01 -0.15448
4.02 -0.052616
4.03 0.049243
4.04 0.1511
4.05 0.25296
4.06 0.35482
4.07 0.45668
4.08 0.55854
4.09 0.6604
4.1 0.76226
4.11 0.86412
4.12 0.96598
4.13 0.93217
4.14 0.83031
4.15 0.72845
4.16 0.62659
4.17 0.52473
4.18 0.42287
4.19 0.32101
4.2 0.21915
4.21 0.11729
4.22 0.015433
4.23 -0.086426
4.24 -0.18829
4.25 -0.29014
4.26 -0.392
4.27 -0.49386
4.28 -0.59572
4.29 -0.69758
4.3 -0.79944
4.31 -0.9013
4.32 -0.99684
4.33 -0.89498
4.34 -0.79312
4.35 -0.69126
4.36 -0.5894
4.37 -0.48755
4.38 -0.38569
4.39 -0.28383
4.4 -0.18197
4.41 -0.080109
4.42 0.02175
4.43 0.12361
4.44 0.22547
4.45 0.32733
4.46 0.42919
4.47 0.53105
4.48 0.63291
4.49 0.73476
4.5 0.83662
4.51 0.93848
4.52 0.95966
4.53 0.8578
4.54 0.75594
4.55 0.65408
4.56 0.55222
4.57 0.45036
4.58 0.3485
4.59 0.24664
4.6 0.14478
4.61 0.042926
4.62 -0.058934
4.63 -0.16079
4.64 -0.26265
4.65 -0.36451
4.66 -0.46637
4.67 -0.56823
4.68 -0.67009
4.69 -0.77195
4.7 -0.87381
4.71 -0.97567
4.72 -0.92247
4.73 -0.82062
4.74 -0.71876
4.75 -0.6169
4.76 -0.51504
4.77 -0.41318
4.78 -0.31132
4.79 -0.20946
4.8 -0.1076
4.81 -0.0057423
4.82 0.096117
4.83 0.19798
4.84 0.29984
4.85 0.40169
4.86 0.50355
4.87 0.60541
4.88 0.70727
4.89 0.80913
4.9 0.91099
4.91 0.98715
4.92 0.88529
4.93 0.78343
4.94 0.68157
4.95 0.57971
4.96 0.47785
4.97 0.376
4.98 0.27414
4.99 0.17228
5 0.070418
5.01 -0.031441
5.02 -0.1333
5.03 -0.23516
5.04 -0.33702
5.05 -0.43888
5.06 -0.54074
5.07 -0.6426
5.08 -0.74446
5.09 -0.84631
5.1 -0.94817
5.11 -0.94997
5.12 -0.84811
5.13 -0.74625
5.14 -0.64439
5.15 -0.54253
5.16 -0.44067
5.17 -0.33881
5.18 -0.23695
5.19 -0.13509
5.2 -0.033235
5.21 0.068624
5.22 0.17048
5.23 0.27234
5.24 0.3742
5.25 0.47606
5.26 0.57792
5.27 0.67978
5.28 0.78164
5.29 0.8835
5.3 0.98536
5.31 0.91278
5.32 0.81092
5.33 0.70907
5.34 0.60721
5.35 0.50535
5.36 0.40349
5.37 0.30163
5.38 0.19977
5.39 0.097911
5.4 -0.0039483
5.41 -0.10581
5.42 -0.20767
5.43 -0.30953
5.44 -0.41138
5.45 -0.51324
5.46 -0.6151
5.47 -0.71696
5.48 -0.81882
5.49 -0.92068
5.5 -0.97746
5.51 -0.8756
5.52 -0.77374
5.53 -0.67188
5.54 -0.57002
5.55 -0.46816
5.56 -0.36631
5.57 -0.26445
5.58 -0.16259
5.59 -0.060728
5.6 0.041132
5.61 0.14299
5.62 0.24485
5.63 0.34671
5.64 0.44857
5.65 0.55043
5.66 0.65229
5.67 0.75415
5.68 0.856
5.69 0.95786
5.7 0.94028
5.71 0.83842
5.72 0.73656
5.73 0.6347
5.74 0.53284
5.75 0.43098
5.76 0.32912
5.77 0.22726
5.78 0.1254
5.79 0.023544
5.8 -0.078315
5.81 -0.18017
5.82 -0.28203
5.83 -0.38389
5.84 -0.48575
5.85 -0.58761
5.86 -0.68947
5.87 -0.79133
5.88 -0.89319
5.89 -0.99505
5.9 -0.90309
5.91 -0.80123
5.92 -0.69938
5.93 -0.59752
5.94 -0.49566
5.95 -0.3938
5.96 -0.29194
5.97 -0.19008
5.98 -0.08822
5.99 0.013639
6 0.1155
6.01 0.21736
6.02 0.31922
6.03 0.42108
6.04 0.52293
6.05 0.62479
6.06 0.72665
6.07 0.82851
6.08 0.93037
6.09 0.96777
6.1 0.86591
6.11 0.76405
6.12 0.66219
6.13 0.56033
6.14 0.45847
6.15 0.35661
6.16 0.25476
6.17 0.1529
6.18 0.051037
6.19 -0.050822
6.2 -0.15268
6.21 -0.25454
6.22 -0.3564
6.23 -0.45826
6.24 -0.56012
6.25 -0.66198
6.26 -0.76384
6.27 -0.8657
6.28 -0.96755
6.29 -0.93059
6.3 -0.82873
6.31 -0.72687
6.32 -0.62501
6.33 -0.52315
6.34 -0.42129
6.35 -0.31943
6.36 -0.21757
6.37 -0.11571
6.38 -0.013854
6.39 0.088006
6.4 0.18986
6.41 0.29172
6.42 0.39358
6.43 0.49544
6.44 0.5973
6.45 0.69916
6.46 0.80102
6.47 0.90288
6.48 0.99526
6.49 0.8934
6.5 0.79154
6.51 0.68968
6.52 0.58783
6.53 0.48597
6.54 0.38411
6.55 0.28225
6.56 0.18039
6.57 0.07853
6.58 -0.02333
6.59 -0.12519
6.6 -0.22705
6.61 -0.32891
6.62 -0.43077
6.63 -0.53263
6.64 -0.63448
6.65 -0.73634
6.66 -0.8382
6.67 -0.94006
6.68 -0.95808
6.69 -0.85622
6.7 -0.75436
6.71 -0.6525
6.72 -0.55064
6.73 -0.44878
6.74 -0.34692
6.75 -0.24506
6.76 -0.14321
6.77 -0.041346
6.78 0.060513
6.79 0.16237
6.8 0.26423
6.81 0.36609
6.82 0.46795
6.83 0.56981
6.84 0.67167
6.85 0.77353
6.86 0.87539
6.87 0.97725
6.88 0.9209
6.89 0.81904
6.9 0.71718
6.91 0.61532
6.92 0.51346
6.93 0.4116
6.94 0.30974
6.95 0.20788
6.96 0.10602
6.97 0.004163
6.98 -0.097696
6.99 -0.19956
7 -0.30141
7.01 -0.40327
7.02 -0.50513
7.03 -0.60699
7.04 -0.70885
7.05 -0.81071
7.06 -0.91257
7.07 -0.98557
7.08 -0.88371
7.09 -0.78185
7.1 -0.67999
7.11 -0.57813
7.12 -0.47628
7.13 -0.37442
7.14 -0.27256
7.15 -0.1707
7.16 -0.068839
7.17 0.03302
7.18 0.13488
7.19 0.23674
7.2 0.3386
7.21 0.44046
7.22 0.54232
7.23 0.64418
7.24 0.74603
7.25 0.84789
7.26 0.94975
7.27 0.94839
7.28 0.84653
7.29 0.74467
7.3 0.64281
7.31 0.54095
7.32 0.43909
7.33 0.33723
7.34 0.23537
7.35 0.13351
7.36 0.031656
7.37 -0.070204
7.38 -0.17206
7.39 -0.27392
7.4 -0.37578
7.41 -0.47764
7.42 -0.5795
7.43 -0.68136
7.44 -0.78322
7.45 -0.88508
7.46 -0.98694
7.47 -0.9112
7.48 -0.80935
7.49 -0.70749
7.5 -0.60563
7.51 -0.50377
7.52 -0.40191
7.53 -0.30005
7.54 -0.19819
7.55 -0.096331
7.56 0.0055277
7.57 0.10739
7.58 0.20925
7.59 0.31111
7.6 0.41296
7.61 0.51482
7.62 0.61668
7.63 0.71854
7.64 0.8204
7.65 0.92226
7.66 0.97588
7.67 0.87402
7.68 0.77216
7.69 0.6703
7.7 0.56844
7.71 0.46658
7.72 0.36473
7.73 0.26287
7.74 0.16101
7.75 0.059148
7.76 -0.042711
7.77 -0.14457
7.78 -0.24643
7.79 -0.34829
7.8 -0.45015
7.81 -0.55201
7.82 -0.65387
7.83 -0.75573
7.84 -0.85758
7.85 -0.95944
7.86 -0.9387
7.87 -0.83684
7.88 -0.73498
7.89 -0.63312
7.9 -0.53126
7.91 -0.4294
7.92 -0.32754
7.93 -0.22568
7.94 -0.12382
7.95 -0.021965
7.96 0.079894
7.97 0.18175
7.98 0.28361
7.99 0.38547
8 0.48733
8.01 0.58919
8.02 0.69105
8.03 0.79291
8.04 0.89477
8.05 0.99663
8.06 0.90151
8.07 0.79965
8.08 0.6978
8.09 0.59594
8.1 0.49408
8.11 0.39222
8.12 0.29036
8.13 0.1885
8.14 0.086641
8.15 -0.015218
8.16 -0.11708
8.17 -0.21894
8.18 -0.3208
8.19 -0.42265
8.2 -0.52451
8.21 -0.62637
8.22 -0.72823
8.23 -0.83009
8.24 -0.93195
8.25 -0.96619
8.26 -0.86433
8.27 -0.76247
8.28 -0.66061
8.29 -0.55875
8.3 -0.45689
8.31 -0.35504
8.32 -0.25318
8.33 -0.15132
8.34 -0.049458
8.35 0.052402
8.36 0.15426
8.37 0.25612
8.38 0.35798
8.39 0.45984
8.4 0.5617
8.41 0.66356
8.42 0.76542
8.43 0.86727
8.44 0.96913
8.45 0.92901
8.46 0.82715
8.47 0.72529
8.48 0.62343
8.49 0.52157
8.5 0.41971
8.51 0.31785
8.52 0.21599
8.53 0.11413
8.54 0.012274
8.55 -0.089585
8.56 -0.19144
8.57 -0.2933
8.58 -0.39516
8.59 -0.49702
8.6 -0.59888
8.61 -0.70074
8.62 -0.8026
8.63 -0.90446
8.64 -0.99368
8.65 -0.89182
8.66 -0.78996
8.67 -0.68811
8.68 -0.58625
8.69 -0.48439
8.7 -0.38253
8.71 -0.28067
8.72 -0.17881
8.73 -0.07695
8.74 0.024909
8.75 0.12677
8.76 0.22863
8.77 0.33049
8.78 0.43235
8.79 0.5342
8.8 0.63606
8.81 0.73792
8.82 0.83978
8.83 0.94164
8.84 0.9565
8.85 0.85464
8.86 0.75278
8.87 0.65092
8.88 0.54906
8.89 0.4472
8.9 0.34534
8.91 0.24349
8.92 0.14163
8.93 0.039767
8.94 -0.062092
8.95 -0.16395
8.96 -0.26581
8.97 -0.36767
8.98 -0.46953
8.99 -0.57139
9 -0.67325
9.01 -0.77511
9.02 -0.87697
9.03 -0.97882
9.04 -0.91932
9.05 -0.81746
9.06 -0.7156
9.07 -0.61374
9.08 -0.51188
9.09 -0.41002
9.1 -0.30816
9.11 -0.2063
9.12 -0.10444
9.13 -0.0025837
9.14 0.099276
9.15 0.20113
9.16 0.30299
9.17 0.40485
9.18 0.50671
9.19 0.60857
9.2 0.71043
9.21 0.81229
9.22 0.91415
9.23 0.98399
9.24 0.88213
9.25 0.78027
9.26 0.67841
9.27 0.57656
9.28 0.4747
9.29 0.37284
9.3 0.27098
9.31 0.16912
9.32 0.06726
9.33 -0.0346
9.34 -0.13646
9.35 -0.23832
9.36 -0.34018
9.37 -0.44204
9.38 -0.5439
9.39 -0.64575
9.4 -0.74761
9.41 -0.84947
9.42 -0.95133
9.43 -0.94681
9.44 -0.84495
9.45 -0.74309
9.46 -0.64123
9.47 -0.53937
9.48 -0.43751
9.49 -0.33565
9.5 -0.23379
9.51 -0.13194
9.52 -0.030076
9.53 0.071783
9.54 0.17364
9.55 0.2755
9.56 0.37736
9.57 0.47922
9.58 0.58108
9.59 0.68294
9.6 0.7848
9.61 0.88666
9.62 0.98852
9.63 0.90963
9.64 0.80777
9.65 0.70591
9.66 0.60405
9.67 0.50219
9.68 0.40033
9.69 0.29847
9.7 0.19661
9.71 0.094752
9.72 -0.007107
9.73 -0.10897
9.74 -0.21083
9.75 -0.31268
9.76 -0.41454
9.77 -0.5164
9.78 -0.61826
9.79 -0.72012
9.8 -0.82198
9.81 -0.92384
9.82 -0.9743
9.83 -0.87244
9.84 -0.77058
9.85 -0.66872
9.86 -0.56686
9.87 -0.46501
9.88 -0.36315
9.89 -0.26129
9.9 -0.15943
9.91 -0.057569
9.92 0.04429
9.93 0.14615
9.94 0.24801
9.95 0.34987
9.96 0.45173
9.97 0.55359
9.98 0.65545
9.99 0.7573
10 0.85916
10.01 0.96102
10.02 0.93712
10.03 0.83526
10.04 0.7334
10.05 0.63154
10.06 0.52968
10.07 0.42782
10.08 0.32596
10.09 0.2241
10.1 0.12224
10.11 0.020386
10.12 -0.081474
10.13 -0.18333
10.14 -0.28519
10.15 -0.38705
10.16 -0.48891
10.17 -0.59077
10.18 -0.69263
10.19 -0.79449
10.2 -0.89635
10.21 -0.99821
10.22 -0.89993
10.23 -0.79808
10.24 -0.69622
10.25 -0.59436
10.26 -0.4925
10.27 -0.39064
10.28 -0.28878
10.29 -0.18692
10.3 -0.085062
10.31 0.016798
10.32 0.11866
10.33 0.22052
10.34 0.32238
10.35 0.42423
10.36 0.52609
10.37 0.62795
10.38 0.72981
10.39 0.83167
10.4 0.93353
10.41 0.96461
10.42 0.86275
10.43 0.76089
10.44 0.65903
10.45 0.55717
10.46 0.45531
10.47 0.35346
10.48 0.2516
10.49 0.14974
10.5 0.047878
10.51 -0.053981
10.52 -0.15584
10.53 -0.2577
10.54 -0.35956
10.55 -0.46142
10.56 -0.56328
10.57 -0.66514
10.58 -0.767
10.59 -0.86885
10.6 -0.97071
10.61 -0.92743
10.62 -0.82557
10.63 -0.72371
10.64 -0.62185
10.65 -0.51999
10.66 -0.41813
10.67 -0.31627
10.68 -0.21441
10.69 -0.11255
10.7 -0.010695
10.71 0.091164
10.72 0.19302
10.73 0.29488
10.74 0.39674
10.75 0.4986
10.76 0.60046
10.77 0.70232
10.78 0.80418
10.79 0.90604
10.8 0.9921
10.81 0.89024
10.82 0.78839
10.83 0.68653
10.84 0.58467
10.85 0.48281
10.86 0.38095
10.87 0.27909
10.88 0.17723
10.89 0.075371
10.9 -0.026488
10.91 -0.12835
10.92 -0.23021
10.93 -0.33207
10.94 -0.43392
10.95 -0.53578
10.96 -0.63764
10.97 -0.7395
10.98 -0.84136
10.99 -0.94322
11 -0.95492
11.01 -0.85306
11.02 -0.7512
11.03 -0.64934
11.04 -0.54748
11.05 -0.44562
11.06 -0.34377
11.07 -0.24191
11.08 -0.14005
11.09 -0.038188
11.1 0.063672
11.11 0.16553
11.12 0.26739
11.13 0.36925
11.14 0.47111
11.15 0.57297
11.16 0.67483
11.17 0.77669
11.18 0.87854
11.19 0.9804
11.2 0.91774
11.21 0.81588
11.22 0.71402
11.23 0.61216
11.24 0.5103
11.25 0.40844
11.26 0.30658
11.27 0.20472
11.28 0.10286
11.29 0.0010043
11.3 -0.10085
11.31 -0.20271
11.32 -0.30457
11.33 -0.40643
11.34 -0.50829
11.35 -0.61015
11.36 -0.71201
11.37 -0.81387
11.38 -0.91573
11.39 -0.98241
11.4 -0.88055
11.41 -0.77869
11.42 -0.67684
11.43 -0.57498
11.44 -0.47312
11.45 -0.37126
11.46 -0.2694
11.47 -0.16754
11.48 -0.06568
11.49 0.036179
11.5 0.13804
11.51 0.2399
11.52 0.34176
11.53 0.44362
11.54 0.54547
11.55 0.64733
11.56 0.74919
11.57 0.85105
11.58 0.95291
11.59 0.94523
11.6 0.84337
11.61 0.74151
11.62 0.63965
11.63 0.53779
11.64 0.43593
11.65 0.33407
11.66 0.23222
11.67 0.13036
11.68 0.028497
11.69 -0.073362
11.7 -0.17522
11.71 -0.27708
11.72 -0.37894
11.73 -0.4808
11.74 -0.58266
11.75 -0.68452
11.76 -0.78638
11.77 -0.88824
11.78 -0.99009
11.79 -0.90805
11.8 -0.80619
11.81 -0.70433
11.82 -0.60247
11.83 -0.50061
11.84 -0.39875
11.85 -0.29689
11.86 -0.19503
11.87 -0.093173
11.88 0.0086863
11.89 0.11055
11.9 0.2124
11.91 0.31426
11.92 0.41612
11.93 0.51798
11.94 0.61984
11.95 0.7217
11.96 0.82356
11.97 0.92542
11.98 0.97272
11.99 0.87086
12 0.769
12.01 0.66714
12.02 0.56529
12.03 0.46343
12.04 0.36157
12.05 0.25971
12.06 0.15785
12.07 0.05599
12.08 -0.04587
12.09 -0.14773
12.1 -0.24959
12.11 -0.35145
12.12 -0.45331
12.13 -0.55517
12.14 -0.65702
12.15 -0.75888
12.16 -0.86074
12.17 -0.9626
12.18 -0.93554
12.19 -0.83368
12.2 -0.73182
12.21 -0.62996
12.22 -0.5281
12.23 -0.42624
12.24 -0.32438
12.25 -0.22252
12.26 -0.12067
12.27 -0.018806
12.28 0.083053
12.29 0.18491
12.3 0.28677
12.31 0.38863
12.32 0.49049
12.33 0.59235
12.34 0.69421
12.35 0.79607
12.36 0.89793
12.37 0.99979
12.38 0.89836
12.39 0.7965
12.4 0.69464
12.41 0.59278
12.42 0.49092
12.43 0.38906
12.44 0.2872
12.45 0.18534
12.46 0.083482
12.47 -0.018377
12.48 -0.12024
12.49 -0.2221
12.5 -0.32395
12.51 -0.42581
12.52 -0.52767
12.53 -0.62953
12.54 -0.73139
12.55 -0.83325
12.56 -0.93511
12.57 -0.96303
12.58 -0.86117
12.59 -0.75931
12.6 -0.65745
12.61 -0.55559
12.62 -0.45374
12.63 -0.35188
12.64 -0.25002
12.65 -0.14816
12.66 -0.046299
12.67 0.05556
12.68 0.15742
12.69 0.25928
12.7 0.36114
12.71 0.463
12.72 0.56486
12.73 0.66672
12.74 0.76857
12.75 0.87043
12.76 0.97229
12.77 0.92585
12.78 0.82399
12.79 0.72213
12.8 0.62027
12.81 0.51841
12.82 0.41655
12.83 0.31469
12.84 0.21283
12.85 0.11097
12.86 0.0091156
12.87 -0.092744
12.88 -0.1946
12.89 -0.29646
12.9 -0.39832
12.91 -0.50018
12.92 -0.60204
12.93 -0.7039
12.94 -0.80576
12.95 -0.90762
12.96 -0.99052
12.97 -0.88866
12.98 -0.78681
12.99 -0.68495
13 -0.58309
13.01 -0.48123
13.02 -0.37937
13.03 -0.27751
13.04 -0.17565
13.05 -0.073792
13.06 0.028068
13.07 0.12993
13.08 0.23179
13.09 0.33365
13.1 0.4355
13.11 0.53736
13.12 0.63922
13.13 0.74108
13.14 0.84294
13.15 0.9448
13.16 0.95334
13.17 0.85148
13.18 0.74962
13.19 0.64776
13.2 0.5459
13.21 0.44404
13.22 0.34219
13.23 0.24033
13.24 0.13847
13.25 0.036608
13.26 -0.065251
13.27 -0.16711
13.28 -0.26897
13.29 -0.37083
13.3 -0.47269
13.31 -0.57455
13.32 -0.67641
13.33 -0.77827
13.34 -0.88012
13.35 -0.98198
13.36 -0.91616
13.37 -0.8143
13.38 -0.71244
13.39 -0.61058
13.4 -0.50872
13.41 -0.40686
13.42 -0.305
13.43 -0.20314
13.44 -0.10128
13.45 0.00057501
13.46 0.10243
13.47 0.20429
13.48 0.30615
13.49 0.40801
13.5 0.50987
13.51 0.61173
13.52 0.71359
13.53 0.81545
13.54 0.91731
13.55 0.98083
13.56 0.87897
13.57 0.77712
13.58 0.67526
13.59 0.5734
13.6 0.47154
13.61 0.36968
13.62 0.26782
13.63 0.16596
13.64 0.064101
13.65 -0.037758
13.66 -0.13962
13.67 -0.24148
13.68 -0.34334
13.69 -0.44519
13.7 -0.54705
13.71 -0.64891
13.72 -0.75077
13.73 -0.85263
13.74 -0.95449
13.75 -0.94365
13.76 -0.84179
13.77 -0.73993
13.78 -0.63807
13.79 -0.53621
13.8 -0.43435
13.81 -0.3325
13.82 -0.23064
13.83 -0.12878
13.84 -0.026918
13.85 0.074942
13.86 0.1768
13.87 0.27866
13.88 0.38052
13.89 0.48238
13.9 0.58424
13.91 0.6861
13.92 0.78796
13.93 0.88981
13.94 0.99167
13.95 0.90647
13.96 0.80461
13.97 0.70275
13.98 0.60089
13.99 0.49903
14 0.39717
14.01 0.29531
14.02 0.19345
14.03 0.091593
14.04 -0.010266
14.05 -0.11212
14.06 -0.21398
14.07 -0.31584
14.08 -0.4177
14.09 -0.51956
14.1 -0.62142
14.11 -0.72328
14.12 -0.82514
14.13 -0.927
14.14 -0.97114
14.15 -0.86928
14.16 -0.76742
14.17 -0.66557
14.18 -0.56371
14.19 -0.46185
14.2 -0.35999
14.21 -0.25813
14.22 -0.15627
14.23 -0.05441
14.24 0.047449
14.25 0.14931
14.26 0.25117
14.27 0.35303
14.28 0.45489
14.29 0.55674
14.3 0.6586
14.31 0.76046
14.32 0.86232
14.33 0.96418
14.34 0.93396
14.35 0.8321
14.36 0.73024
14.37 0.62838
14.38 0.52652
14.39 0.42466
14.4 0.3228
14.41 0.22095
14.42 0.11909
14.43 0.017227
14.44 -0.084632
14.45 -0.18649
14.46 -0.28835
14.47 -0.39021
14.48 -0.49207
14.49 -0.59393
14.5 -0.69579
14.51 -0.79765
14.52 -0.89951
14.53 -0.99864
14.54 -0.89678
14.55 -0.79492
14.56 -0.69306
14.57 -0.5912
14.58 -0.48934
14.59 -0.38748
14.6 -0.28562
14.61 -0.18376
14.62 -0.081903
14.63 0.019956
14.64 0.12182
14.65 0.22367
14.66 0.32553
14.67 0.42739
14.68 0.52925
14.69 0.63111
14.7 0.73297
14.71 0.83483
14.72 0.93669
14.73 0.96145
14.74 0.85959
14.75 0.75773
14.76 0.65587
14.77 0.55402
14.78 0.45216
14.79 0.3503
14.8 0.24844
14.81 0.14658
14.82 0.04472
14.83 -0.05714
14.84 -0.159
14.85 -0.26086
14.86 -0.36272
14.87 -0.46458
14.88 -0.56644
14.89 -0.66829
14.9 -0.77015
14.91 -0.87201
14.92 -0.97387
14.93 -0.92427
14.94 -0.82241
14.95 -0.72055
14.96 -0.61869
14.97 -0.51683
14.98 -0.41497
14.99 -0.31311
15 -0.21125
15.01 -0.1094
15.02 -0.0075363
15.03 0.094323
15.04 0.19618
15.05 0.29804
15.06 0.3999
15.07 0.50176
15.08 0.60362
15.09 0.70548
15.1 0.80734
15.11 0.9092
15.12 0.98894
15.13 0.88709
15.14 0.78523
15.15 0.68337
15.16 0.58151
15.17 0.47965
15.18 0.37779
15.19 0.27593
15.2 0.17407
15.21 0.072212
15.22 -0.029647
15.23 -0.13151
15.24 -0.23337
15.25 -0.33522
15.26 -0.43708
15.27 -0.53894
15.28 -0.6408
15.29 -0.74266
15.3 -0.84452
15.31 -0.94638
15.32 -0.95176
15.33 -0.8499
15.34 -0.74804
15.35 -0.64618
15.36 -0.54432
15.37 -0.44247
15.38 -0.34061
15.39 -0.23875
15.4 -0.13689
15.41 -0.035029
15.42 0.06683
15.43 0.16869
15.44 0.27055
15.45 0.37241
15.46 0.47427
15.47 0.57613
15.48 0.67799
15.49 0.77984
15.5 0.8817
15.51 0.98356
15.52 0.91458
15.53 0.81272
15.54 0.71086
15.55 0.609
15.56 0.50714
15.57 0.40528
15.58 0.30342
15.59 0.20156
15.6 0.099705
15.61 -0.0021543
15.62 -0.10401
15.63 -0.20587
15.64 -0.30773
15.65 -0.40959
15.66 -0.51145
15.67 -0.61331
15.68 -0.71517
15.69 -0.81703
15.7 -0.91889
15.71 -0.97925
15.72 -0.87739
15.73 -0.77554
15.74 -0.67368
15.75 -0.57182
15.76 -0.46996
15.77 -0.3681
15.78 -0.26624
15.79 -0.16438
15.8 -0.062522
15.81 0.039338
15.82 0.1412
15.83 0.24306
15.84 0.34492
15.85 0.44677
15.86 0.54863
15.87 0.65049
15.88 0.75235
15.89 0.85421
15.9 0.95607
15.91 0.94207
15.92 0.84021
15.93 0.73835
15.94 0.63649
15.95 0.53463
15.96 0.43277
15.97 0.33092
15.98 0.22906
15.99 0.1272
16 0.025338
16.01 -0.076521
16.02 -0.17838
16.03 -0.28024
16.04 -0.3821
16.05 -0.48396
16.06 -0.58582
16.07 -0.68768
16.08 -0.78954
16.09 -0.89139
16.1 -0.99325
16.11 -0.90489
16.12 -0.80303
16.13 -0.70117
16.14 -0.59931
16.15 -0.49745
16.16 -0.39559
16.17 -0.29373
16.18 -0.19187
16.19 -0.090014
16.2 0.011845
16.21 0.1137
16.22 0.21556
16.23 0.31742
16.24 0.41928
16.25 0.52114
16.26 0.623
16.27 0.72486
16.28 0.82672
16.29 0.92858
16.3 0.96956
16.31 0.8677
16.32 0.76585
16.33 0.66399
16.34 0.56213
16.35 0.46027
16.36 0.35841
16.37 0.25655
16.38 0.15469
16.39 0.052831
16.4 -0.049028
16.41 -0.15089
16.42 -0.25275
16.43 -0.35461
16.44 -0.45646
16.45 -0.55832
16.46 -0.66018
16.47 -0.76204
16.48 -0.8639
16.49 -0.96576
16.5 -0.93238
16.51 -0.83052
16.52 -0.72866
16.53 -0.6268
16.54 -0.52494
16.55 -0.42308
16.56 -0.32123
16.57 -0.21937
16.58 -0.11751
16.59 -0.015648
16.6 0.086212
16.61 0.18807
16.62 0.28993
16.63 0.39179
16.64 0.49365
16.65 0.59551
16.66 0.69737
16.67 0.79923
16.68 0.90108
16.69 0.99706
16.7 0.8952
16.71 0.79334
16.72 0.69148
16.73 0.58962
16.74 0.48776
16.75 0.3859
16.76 0.28404
16.77 0.18218
16.78 0.080324
16.79 -0.021536
16.8 -0.12339
16.81 -0.22525
16.82 -0.32711
16.83 -0.42897
16.84 -0.53083
16.85 -0.63269
16.86 -0.73455
16.87 -0.83641
16.88 -0.93827
16.89 -0.95987
16.9 -0.85801
16.91 -0.75615
16.92 -0.6543
16.93 -0.55244
16.94 -0.45058
16.95 -0.34872
16.96 -0.24686
16.97 -0.145
16.98 -0.04314
16.99 0.058719
17 0.16058
17.01 0.26244
17.02 0.3643
17.03 0.46616
17.04 0.56801
17.05 0.66987
17.06 0.77173
17.07 0.87359
17.08 0.97545
17.09 0.92269
17.1 0.82083
17.11 0.71897
17.12 0.61711
17.13 0.51525
17.14 0.41339
17.15 0.31153
17.16 0.20968
17.17 0.10782
17.18 0.005957
17.19 -0.095902
17.2 -0.19776
17.21 -0.29962
17.22 -0.40148
17.23 -0.50334
17.24 -0.6052
17.25 -0.70706
17.26 -0.80892
17.27 -0.91078
17.28 -0.98737
17.29 -0.88551
17.3 -0.78365
17.31 -0.68179
17.32 -0.57993
17.33 -0.47807
17.34 -0.37621
17.35 -0.27435
17.36 -0.17249
17.37 -0.070633
17.38 0.031226
17.39 0.13309
17.4 0.23494
17.41 0.3368
17.42 0.43866
17.43 0.54052
17.44 0.64238
17.45 0.74424
17.46 0.8461
17.47 0.94796
17.48 0.95018
17.49 0.84832
17.5 0.74646
17.51 0.6446
17.52 0.54275
17.53 0.44089
17.54 0.33903
17.55 0.23717
17.56 0.13531
17.57 0.03345
17.58 -0.06841
17.59 -0.17027
17.6 -0.27213
17.61 -0.37399
17.62 -0.47585
17.63 -0.57771
17.64 -0.67956
17.65 -0.78142
17.66 -0.88328
17.67 -0.98514
17.68 -0.913
17.69 -0.81114
17.7 -0.70928
17.71 -0.60742
17.72 -0.50556
17.73 -0.4037
17.74 -0.30184
17.75 -0.19998
17.76 -0.098125
17.77 0.0037337
17.78 0.10559
17.79 0.20745
17.8 0.30931
17.81 0.41117
17.82 0.51303
17.83 0.61489
17.84 0.71675
17.85 0.81861
17.86 0.92047
17.87 0.97767
17.88 0.87582
17.89 0.77396
17.9 0.6721
17.91 0.57024
17.92 0.46838
17.93 0.36652
17.94 0.26466
17.95 0.1628
17.96 0.060942
17.97 -0.040917
17.98 -0.14278
17.99 -0.24464
18 -0.34649
18.01 -0.44835
18.02 -0.55021
18.03 -0.65207
18.04 -0.75393
18.05 -0.85579
18.06 -0.95765
18.07 -0.94049
18.08 -0.83863
18.09 -0.73677
18.1 -0.63491
18.11 -0.53305
18.12 -0.4312
18.13 -0.32934
18.14 -0.22748
18.15 -0.12562
18.16 -0.023759
18.17 0.0781
18.18 0.17996
18.19 0.28182
18.2 0.38368
18.21 0.48554
18.22 0.5874
18.23 0.68926
18.24 0.79111
18.25 0.89297
18.26 0.99483
18.27 0.90331
18.28 0.80145
18.29 0.69959
18.3 0.59773
18.31 0.49587
18.32 0.39401
18.33 0.29215
18.34 0.19029
18.35 0.088435
18.36 -0.013424
18.37 -0.11528
18.38 -0.21714
18.39 -0.319
18.4 -0.42086
18.41 -0.52272
18.42 -0.62458
18.43 -0.72644
18.44 -0.8283
18.45 -0.93016
18.46 -0.96798
18.47 -0.86612
18.48 -0.76427
18.49 -0.66241
18.5 -0.56055
18.51 -0.45869
18.52 -0.35683
18.53 -0.25497
18.54 -0.15311
18.55 -0.051252
18.56 0.050608
18.57 0.15247
18.58 0.25433
18.59 0.35619
18.6 0.45804
18.61 0.5599
18.62 0.66176
18.63 0.76362
18.64 0.86548
18.65 0.96734
18.66 0.9308
18.67 0.82894
18.68 0.72708
18.69 0.62522
18.7 0.52336
18.71 0.4215
18.72 0.31965
18.73 0.21779
18.74 0.11593
18.75 0.014068
18.76 -0.087791
18.77 -0.18965
18.78 -0.29151
18.79 -0.39337
18.8 -0.49523
18.81 -0.59709
18.82 -0.69895
18.83 -0.80081
18.84 -0.90266
18.85 -0.99548
18.86 -0.89362
18.87 -0.79176
18.88 -0.6899
18.89 -0.58804
18.9 -0.48618
18.91 -0.38432
18.92 -0.28246
18.93 -0.1806
18.94 -0.078744
18.95 0.023115
18.96 0.12497
18.97 0.22683
18.98 0.32869
18.99 0.43055
19 0.53241
19.01 0.63427
19.02 0.73613
19.03 0.83799
19.04 0.93985
19.05 0.95829
19.06 0.85643
19.07 0.75458
19.08 0.65272
19.09 0.55086
19.1 0.449
19.11 0.34714
19.12 0.24528
19.13 0.14342
19.14 0.041561
19.15 -0.060298
19.16 -0.16216
19.17 -0.26402
19.18 -0.36588
19.19 -0.46773
19.2 -0.56959
19.21 -0.67145
19.22 -0.77331
19.23 -0.87517
19.24 -0.97703
19.25 -0.92111
19.26 -0.81925
19.27 -0.71739
19.28 -0.61553
19.29 -0.51367
19.3 -0.41181
19.31 -0.30996
19.32 -0.2081
19.33 -0.10624
19.34 -0.0043776
19.35 0.097482
19.36 0.19934
19.37 0.3012
19.38 0.40306
19.39 0.50492
19.4 0.60678
19.41 0.70864
19.42 0.8105
19.43 0.91235
19.44 0.98579
19.45 0.88393
19.46 0.78207
19.47 0.68021
19.48 0.57835
19.49 0.47649
19.5 0.37463
19.51 0.27277
19.52 0.17091
19.53 0.069054
19.54 -0.032806
19.55 -0.13466
19.56 -0.23652
19.57 -0.33838
19.58 -0.44024
19.59 -0.5421
19.6 -0.64396
19.61 -0.74582
19.62 -0.84768
19.63 -0.94954
19.64 -0.9486
19.65 -0.84674
19.66 -0.74488
19.67 -0.64303
19.68 -0.54117
19.69 -0.43931
19.7 -0.33745
19.71 -0.23559
19.72 -0.13373
19.73 -0.03187
19.74 0.069989
19.75 0.17185
19.76 0.27371
19.77 0.37557
19.78 0.47743
19.79 0.57928
19.8 0.68114
19.81 0.783
19.82 0.88486
19.83 0.98672
19.84 0.91142
19.85 0.80956
19.86 0.7077
19.87 0.60584
19.88 0.50398
19.89 0.40212
19.9 0.30026
19.91 0.19841
19.92 0.096546
19.93 -0.005313
19.94 -0.10717
19.95 -0.20903
19.96 -0.31089
19.97 -0.41275
19.98 -0.51461
19.99 -0.61647
20 -0.71833
20.01 -0.82019
20.02 -0.92205
20.03 -0.9761
20.04 -0.87424
20.05 -0.77238
20.06 -0.67052
20.07 -0.56866
20.08 -0.4668
20.09 -0.36494
20.1 -0.26308
20.11 -0.16122
20.12 -0.059363
20.13 0.042496
20.14 0.14436
20.15 0.24621
20.16 0.34807
20.17 0.44993
20.18 0.55179
20.19 0.65365
20.2 0.75551
20.21 0.85737
20.22 0.95923
20.23 0.93891
20.24 0.83705
20.25 0.73519
20.26 0.63333
20.27 0.53148
20.28 0.42962
20.29 0.32776
20.3 0.2259
20.31 0.12404
20.32 0.02218
20.33 -0.07968
20.34 -0.18154
20.35 -0.2834
20.36 -0.38526
20.37 -0.48712
20.38 -0.58898
20.39 -0.69083
20.4 -0.79269
20.41 -0.89455
20.42 -0.99641
20.43 -0.90173
20.44 -0.79987
20.45 -0.69801
20.46 -0.59615
20.47 -0.49429
20.48 -0.39243
20.49 -0.29057
20.5 -0.18871
20.51 -0.086855
20.52 0.015004
20.53 0.11686
20.54 0.21872
20.55 0.32058
20.56 0.42244
20.57 0.5243
20.58 0.62616
20.59 0.72802
20.6 0.82988
20.61 0.93174
20.62 0.9664
20.63 0.86455
20.64 0.76269
20.65 0.66083
20.66 0.55897
20.67 0.45711
20.68 0.35525
20.69 0.25339
20.7 0.15153
20.71 0.049672
20.72 -0.052187
20.73 -0.15405
20.74 -0.25591
20.75 -0.35776
20.76 -0.45962
20.77 -0.56148
20.78 -0.66334
20.79 -0.7652
20.8 -0.86706
20.81 -0.96892
20.82 -0.92922
20.83 -0.82736
20.84 -0.7255
20.85 -0.62364
20.86 -0.52178
20.87 -0.41993
20.88 -0.31807
20.89 -0.21621
20.9 -0.11435
20.91 -0.012489
20.92 0.08937
20.93 0.19123
20.94 0.29309
20.95 0.39495
20.96 0.49681
20.97 0.59867
20.98 0.70053
20.99 0.80238
21 0.90424
21.01 0.9939
21.02 0.89204
21.03 0.79018
21.04 0.68832
21.05 0.58646
21.06 0.4846
21.07 0.38274
21.08 0.28088
21.09 0.17902
21.1 0.077165
21.11 -0.024694
21.12 -0.12655
21.13 -0.22841
21.14 -0.33027
21.15 -0.43213
21.16 -0.53399
21.17 -0.63585
21.18 -0.73771
21.19 -0.83957
21.2 -0.94143
21.21 -0.95671
21.22 -0.85485
21.23 -0.753
21.24 -0.65114
21.25 -0.54928
21.26 -0.44742
21.27 -0.34556
21.28 -0.2437
21.29 -0.14184
21.3 -0.039982
21.31 0.061878
21.32 0.16374
21.33 0.2656
21.34 0.36746
21.35 0.46931
21.36 0.57117
21.37 0.67303
21.38 0.77489
21.39 0.87675
21.4 0.97861
21.41 0.91953
21.42 0.81767
21.43 0.71581
21.44 0.61395
21.45 0.51209
21.46 0.41023
21.47 0.30838
21.48 0.20652
21.49 0.10466
21.5 0.0027983
21.51 -0.099061
21.52 -0.20092
21.53 -0.30278
21.54 -0.40464
21.55 -0.5065
21.56 -0.60836
21.57 -0.71022
21.58 -0.81208
21.59 -0.91393
21.6 -0.98421
21.61 -0.88235
21.62 -0.78049
21.63 -0.67863
21.64 -0.57677
21.65 -0.47491
21.66 -0.37305
21.67 -0.27119
21.68 -0.16933
21.69 -0.067474
21.7 0.034385
21.71 0.13624
21.72 0.2381
21.73 0.33996
21.74 0.44182
21.75 0.54368
21.76 0.64554
21.77 0.7474
21.78 0.84926
21.79 0.95112
21.8 0.94702
21.81 0.84516
21.82 0.74331
21.83 0.64145
21.84 0.53959
21.85 0.43773
21.86 0.33587
21.87 0.23401
21.88 0.13215
21.89 0.030291
21.9 -0.071568
21.91 -0.17343
21.92 -0.27529
21.93 -0.37715
21.94 -0.479
21.95 -0.58086
21.96 -0.68272
21.97 -0.78458
21.98 -0.88644
21.99 -0.9883
22 -0.90984
22.01 -0.80798
22.02 -0.70612
22.03 -0.60426
22.04 -0.5024
22.05 -0.40054
22.06 -0.29869
22.07 -0.19683
22.08 -0.094967
22.09 0.0068923
22.1 0.10875
22.11 0.21061
22.12 0.31247
22.13 0.41433
22.14 0.51619
22.15 0.61805
22.16 0.71991
22.17 0.82177
22.18 0.92362
22.19 0.97452
22.2 0.87266
22.21 0.7708
22.22 0.66894
22.23 0.56708
22.24 0.46522
22.25 0.36336
22.26 0.2615
22.27 0.15964
22.28 0.057784
22.29 -0.044076
22.3 -0.14593
22.31 -0.24779
22.32 -0.34965
22.33 -0.45151
22.34 -0.55337
22.35 -0.65523
22.36 -0.75709
22.37 -0.85895
22.38 -0.96081
22.39 -0.93733
22.4 -0.83547
22.41 -0.73361
22.42 -0.63176
22.43 -0.5299
22.44 -0.42804
22.45 -0.32618
22.46 -0.22432
22.47 -0.12246
22.48 -0.0206
22.49 0.081259
22.5 0.18312
22.51 0.28498
22.52 0.38684
22.53 0.4887
22.54 0.59055
22.55 0.69241
22.56 0.79427
22.57 0.89613
22.58 0.99799
22.59 0.90015
22.6 0.79829
22.61 0.69643
22.62 0.59457
22.63 0.49271
22.64 0.39085
22.65 0.28899
22.66 0.18714
22.67 0.085276
22.68 -0.016583
22.69 -0.11844
22.7 -0.2203
22.71 -0.32216
22.72 -0.42402
22.73 -0.52588
22.74 -0.62774
22.75 -0.7296
22.76 -0.83146
22.77 -0.93332
22.78 -0.96483
22.79 -0.86297
22.8 -0.76111
22.81 -0.65925
22.82 -0.55739
22.83 -0.45553
22.84 -0.35367
22.85 -0.25181
22.86 -0.14995
22.87 -0.048093
22.88 0.053766
22.89 0.15563
22.9 0.25748
22.91 0.35934
22.92 0.4612
22.93 0.56306
22.94 0.66492
22.95 0.76678
22.96 0.86864
22.97 0.9705
22.98 0.92764
22.99 0.82578
23 0.72392
23.01 0.62206
23.02 0.52021
23.03 0.41835
23.04 0.31649
23.05 0.21463
23.06 0.11277
23.07 0.01091
23.08 -0.09095
23.09 -0.19281
23.1 -0.29467
23.11 -0.39653
23.12 -0.49839
23.13 -0.60025
23.14 -0.7021
23.15 -0.80396
23.16 -0.90582
23.17 -0.99232
23.18 -0.89046
23.19 -0.7886
23.2 -0.68674
23.21 -0.58488
23.22 -0.48302
23.23 -0.38116
23.24 -0.2793
23.25 -0.17744
23.26 -0.075586
23.27 0.026274
23.28 0.12813
23.29 0.22999
23.3 0.33185
23.31 0.43371
23.32 0.53557
23.33 0.63743
23.34 0.73929
23.35 0.84115
23.36 0.94301
23.37 0.95513
23.38 0.85328
23.39 0.75142
23.4 0.64956
23.41 0.5477
23.42 0.44584
23.43 0.34398
23.44 0.24212
23.45 0.14026
23.46 0.038402
23.47 -0.063457
23.48 -0.16532
23.49 -0.26718
23.5 -0.36903
23.51 -0.47089
23.52 -0.57275
23.53 -0.67461
23.54 -0.77647
23.55 -0.87833
23.56 -0.98019
23.57 -0.91795
23.58 -0.81609
23.59 -0.71423
23.6 -0.61237
23.61 -0.51051
23.62 -0.40866
23.63 -0.3068
23.64 -0.20494
23.65 -0.10308
23.66 -0.001219
23.67 0.10064
23.68 0.2025
23.69 0.30436
23.7 0.40622
23.71 0.50808
23.72 0.60994
23.73 0.7118
23.74 0.81365
23.75 0.91551
23.76 0.98263
23.77 0.88077
23.78 0.77891
23.79 0.67705
23.8 0.57519
23.81 0.47333
23.82 0.37147
23.83 0.26961
23.84 0.16775
23.85 0.065895
23.86 -0.035964
23.87 -0.13782
23.88 -0.23968
23.89 -0.34154
23.9 -0.4434
23.91 -0.54526
23.92 -0.64712
23.93 -0.74898
23.94 -0.85084
23.95 -0.9527
23.96 -0.94544
23.97 -0.84358
23.98 -0.74173
23.99 -0.63987
24 -0.53801
24.01 -0.43615
24.02 -0.33429
24.03 -0.23243
24.04 -0.13057
24.05 -0.028712
24.06 0.073148
24.07 0.17501
24.08 0.27687
24.09 0.37873
24.1 0.48058
24.11 0.58244
24.12 0.6843
24.13 0.78616
24.14 0.88802
24.15 0.98988
24.16 0.90826
24.17 0.8064
24.18 0.70454
24.19 0.60268
24.2 0.50082
24.21 0.39896
24.22 0.29711
24.23 0.19525
24.24 0.093387
24.25 -0.0084717
24.26 -0.11033
24.27 -0.21219
24.28 -0.31405
24.29 -0.41591
24.3 -0.51777
24.31 -0.61963
24.32 -0.72149
24.33 -0.82334
24.34 -0.9252
24.35 -0.97294
24.36 -0.87108
24.37 -0.76922
24.38 -0.66736
24.39 -0.5655
24.4 -0.46364
24.41 -0.36178
24.42 -0.25992
24.43 -0.15806
24.44 -0.056204
24.45 0.045655
24.46 0.14751
24.47 0.24937
24.48 0.35123
24.49 0.45309
24.5 0.55495
24.51 0.65681
24.52 0.75867
24.53 0.86053
24.54 0.96239
24.55 0.93575
24.56 0.83389
24.57 0.73204
24.58 0.63018
24.59 0.52832
24.6 0.42646
24.61 0.3246
24.62 0.22274
24.63 0.12088
24.64 0.019021
24.65 -0.082838
24.66 -0.1847
24.67 -0.28656
24.68 -0.38842
24.69 -0.49027
24.7 -0.59213
24.71 -0.69399
24.72 -0.79585
24.73 -0.89771
24.74 -0.99957
24.75 -0.89857
24.76 -0.79671
24.77 -0.69485
24.78 -0.59299
24.79 -0.49113
24.8 -0.38927
24.81 -0.28742
24.82 -0.18556
24.83 -0.083697
24.84 0.018162
24.85 0.12002
24.86 0.22188
24.87 0.32374
24.88 0.4256
24.89 0.52746
24.9 0.62932
24.91 0.73118
24.92 0.83304
24.93 0.93489
24.94 0.96325
24.95 0.86139
24.96 0.75953
24.97 0.65767
24.98 0.55581
24.99 0.45395
25 0.35209
25.01 0.25023
25.02 0.14837
25.03 0.046514
25.04 -0.055346
25.05 -0.1572
25.06 -0.25906
25.07 -0.36092
25.08 -0.46278
25.09 -0.56464
25.1 -0.6665
25.11 -0.76836
25.12 -0.87022
25.13 -0.97208
25.14 -0.92606
25.15 -0.8242
25.16 -0.72234
25.17 -0.62049
25.18 -0.51863
25.19 -0.41677
25.2 -0.31491
25.21 -0.21305
25.22 -0.11119
25.23 -0.0093303
25.24 0.092529
25.25 0.19439
25.26 0.29625
25.27 0.39811
25.28 0.49997
25.29 0.60182
25.3 0.70368
25.31 0.80554
25.32 0.9074
25.33 0.99074
25.34 0.88888
25.35 0.78702
25.36 0.68516
25.37 0.5833
25.38 0.48144
25.39 0.37958
25.4 0.27772
25.41 0.17587
25.42 0.074006
25.43 -0.027853
25.44 -0.12971
25.45 -0.23157
25.46 -0.33343
25.47 -0.43529
25.48 -0.53715
25.49 -0.63901
25.5 -0.74087
25.51 -0.84273
25.52 -0.94459
25.53 -0.95356
25.54 -0.8517
25.55 -0.74984
25.56 -0.64798
25.57 -0.54612
25.58 -0.44426
25.59 -0.3424
25.6 -0.24054
25.61 -0.13868
25.62 -0.036823
25.63 0.065036
25.64 0.1669
25.65 0.26875
25.66 0.37061
25.67 0.47247
25.68 0.57433
25.69 0.67619
25.7 0.77805
25.71 0.87991
25.72 0.98177
25.73 0.91637
25.74 0.81451
25.75 0.71265
25.76 0.61079
25.77 0.50894
25.78 0.40708
25.79 0.30522
25.8 0.20336
25.81 0.1015
25.82 -0.00036036
25.83 -0.10222
25.84 -0.20408
25.85 -0.30594
25.86 -0.4078
25.87 -0.50966
25.88 -0.61152
25.89 -0.71337
25.9 -0.81523
25.91 -0.91709
25.92 -0.98105
25.93 -0.87919
25.94 -0.77733
25.95 -0.67547
25.96 -0.57361
25.97 -0.47175
25.98 -0.36989
25.99 -0.26803
26 -0.16617
26.01 -0.064316
26.02 0.037544
26.03 0.1394
26.04 0.24126
26.05 0.34312
26.06 0.44498
26.07 0.54684
26.08 0.6487
26.09 0.75056
26.1 0.85242
26.11 0.95428
26.12 0.94386
26.13 0.84201
26.14 0.74015
26.15 0.63829
26.16 0.53643
26.17 0.43457
26.18 0.33271
26.19 0.23085
26.2 0.12899
26.21 0.027132
26.22 -0.074727
26.23 -0.17659
26.24 -0.27845
26.25 -0.3803
26.26 -0.48216
26.27 -0.58402
26.28 -0.68588
26.29 -0.78774
26.3 -0.8896
26.31 -0.99146
26.32 -0.90668
26.33 -0.80482
26.34 -0.70296
26.35 -0.6011
26.36 -0.49924
26.37 -0.39739
26.38 -0.29553
26.39 -0.19367
26.4 -0.091808
26.41 0.010051
26.42 0.11191
26.43 0.21377
26.44 0.31563
26.45 0.41749
26.46 0.51935
26.47 0.62121
26.48 0.72307
26.49 0.82492
26.5 0.92678
26.51 0.97136
26.52 0.8695
26.53 0.76764
26.54 0.66578
26.55 0.56392
26.56 0.46206
26.57 0.3602
26.58 0.25834
26.59 0.15648
26.6 0.054625
26.61 -0.047234
26.62 -0.14909
26.63 -0.25095
26.64 -0.35281
26.65 -0.45467
26.66 -0.55653
26.67 -0.65839
26.68 -0.76025
26.69 -0.86211
26.7 -0.96397
26.71 -0.93417
26.72 -0.83231
26.73 -0.73046
26.74 -0.6286
26.75 -0.52674
26.76 -0.42488
26.77 -0.32302
26.78 -0.22116
26.79 -0.1193
26.8 -0.017442
26.81 0.084418
26.82 0.18628
26.83 0.28814
26.84 0.39
26.85 0.49185
26.86 0.59371
26.87 0.69557
26.88 0.79743
26.89 0.89929
26.9 0.99885
26.91 0.89699
26.92 0.79513
26.93 0.69327
26.94 0.59141
26.95 0.48955
26.96 0.38769
26.97 0.28584
26.98 0.18398
26.99 0.082118
27 -0.019742
27.01 -0.1216
27.02 -0.22346
27.03 -0.32532
27.04 -0.42718
27.05 -0.52904
27.06 -0.6309
27.07 -0.73276
27.08 -0.83461
27.09 -0.93647
27.1 -0.96167
27.11 -0.85981
27.12 -0.75795
27.13 -0.65609
27.14 -0.55423
27.15 -0.45237
27.16 -0.35051
27.17 -0.24865
27.18 -0.14679
27.19 -0.044934
27.2 0.056925
27.21 0.15878
27.22 0.26064
27.23 0.3625
27.24 0.46436
27.25 0.56622
27.26 0.66808
27.27 0.76994
27.28 0.8718
27.29 0.97366
27.3 0.92448
27.31 0.82262
27.32 0.72077
27.33 0.61891
27.34 0.51705
27.35 0.41519
27.36 0.31333
27.37 0.21147
27.38 0.10961
27.39 0.007751
27.4 -0.094108
27.41 -0.19597
27.42 -0.29783
27.43 -0.39969
27.44 -0.50154
27.45 -0.6034
27.46 -0.70526
27.47 -0.80712
27.48 -0.90898
27.49 -0.98916
27.5 -0.8873
27.51 -0.78544
27.52 -0.68358
27.53 -0.58172
27.54 -0.47986
27.55 -0.378
27.56 -0.27615
27.57 -0.17429
27.58 -0.072427
27.59 0.029432
27.6 0.13129
27.61 0.23315
27.62 0.33501
27.63 0.43687
27.64 0.53873
27.65 0.64059
27.66 0.74245
27.67 0.84431
27.68 0.94616
27.69 0.95198
27.7 0.85012
27.71 0.74826
27.72 0.6464
27.73 0.54454
27.74 0.44268
27.75 0.34082
27.76 0.23896
27.77 0.1371
27.78 0.035244
27.79 -0.066616
27.8 -0.16847
27.81 -0.27033
27.82 -0.37219
27.83 -0.47405
27.84 -0.57591
27.85 -0.67777
27.86 -0.77963
27.87 -0.88149
27.88 -0.98335
27.89 -0.91479
27.9 -0.81293
27.91 -0.71107
27.92 -0.60922
27.93 -0.50736
27.94 -0.4055
27.95 -0.30364
27.96 -0.20178
27.97 -0.099919
27.98 0.0019397
27.99 0.1038
28 0.20566
28.01 0.30752
28.02 0.40938
28.03 0.51124
28.04 0.61309
28.05 0.71495
28.06 0.81681
28.07 0.91867
28.08 0.97947
28.09 0.87761
28.1 0.77575
28.11 0.67389
28.12 0.57203
28.13 0.47017
28.14 0.36831
28.15 0.26645
28.16 0.1646
28.17 0.062736
28.18 -0.039123
28.19 -0.14098
28.2 -0.24284
28.21 -0.3447
28.22 -0.44656
28.23 -0.54842
28.24 -0.65028
28.25 -0.75214
28.26 -0.854
28.27 -0.95586
28.28 -0.94229
28.29 -0.84043
28.3 -0.73857
28.31 -0.63671
28.32 -0.53485
28.33 -0.43299
28.34 -0.33113
28.35 -0.22927
28.36 -0.12741
28.37 -0.025553
28.38 0.076306
28.39 0.17817
28.4 0.28002
28.41 0.38188
28.42 0.48374
28.43 0.5856
28.44 0.68746
28.45 0.78932
28.46 0.89118
28.47 0.99304
28.48 0.9051
28.49 0.80324
28.5 0.70138
28.51 0.59952
28.52 0.49767
28.53 0.39581
28.54 0.29395
28.55 0.19209
28.56 0.090229
28.57 -0.01163
28.58 -0.11349
28.59 -0.21535
28.6 -0.31721
28.61 -0.41907
28.62 -0.52093
28.63 -0.62279
28.64 -0.72464
28.65 -0.8265
28.66 -0.92836
28.67 -0.96978
28.68 -0.86792
28.69 -0.76606
28.7 -0.6642
28.71 -0.56234
28.72 -0.46048
28.73 -0.35862
28.74 -0.25676
28.75 -0.1549
28.76 -0.053046
28.77 0.048814
28.78 0.15067
28.79 0.25253
28.8 0.35439
28.81 0.45625
28.82 0.55811
28.83 0.65997
28.84 0.76183
28.85 0.86369
28.86 0.96555
28.87 0.93259
28.88 0.83074
28.89 0.72888
28.9 0.62702
28.91 0.52516
28.92 0.4233
28.93 0.32144
28.94 0.21958
28.95 0.11772
28.96 0.015862
28.97 -0.085997
28.98 -0.18786
28.99 -0.28972
29 -0.39157
29.01 -0.49343
29.02 -0.59529
29.03 -0.69715
29.04 -0.79901
29.05 -0.90087
29.06 -0.99727
29.07 -0.89541
29.08 -0.79355
29.09 -0.69169
29.1 -0.58983
29.11 -0.48797
29.12 -0.38612
29.13 -0.28426
29.14 -0.1824
29.15 -0.080538
29.16 0.021321
29.17 0.12318
29.18 0.22504
29.19 0.3269
29.2 0.42876
29.21 0.53062
29.22 0.63248
29.23 0.73434
29.24 0.83619
29.25 0.93805
29.26 0.96009
29.27 0.85823
29.28 0.75637
29.29 0.65451
29.3 0.55265
29.31 0.45079
29.32 0.34893
29.33 0.24707
29.34 0.14521
29.35 0.043355
29.36 -0.058504
29.37 -0.16036
29.38 -0.26222
29.39 -0.36408
29.4 -0.46594
29.41 -0.5678
29.42 -0.66966
29.43 -0.77152
29.44 -0.87338
29.45 -0.97524
29.46 -0.9229
29.47 -0.82104
29.48 -0.71919
29.49 -0.61733
29.5 -0.51547
29.51 -0.41361
29.52 -0.31175
29.53 -0.20989
29.54 -0.10803
29.55 -0.0061716
29.56 0.095688
29.57 0.19755
29.58 0.29941
29.59 0.40127
29.6 0.50312
29.61 0.60498
29.62 0.70684
29.63 0.8087
29.64 0.91056
29.65 0.98758
29.66 0.88572
29.67 0.78386
29.68 0.682
29.69 0.58014
29.7 0.47828
29.71 0.37643
29.72 0.27457
29.73 0.17271
29.74 0.070848
29.75 -0.031012
29.76 -0.13287
29.77 -0.23473
29.78 -0.33659
29.79 -0.43845
29.8 -0.54031
29.81 -0.64217
29.82 -0.74403
29.83 -0.84588
29.84 -0.94774
29.85 -0.9504
29.86 -0.84854
29.87 -0.74668
29.88 -0.64482
29.89 -0.54296
29.9 -0.4411
29.91 -0.33924
29.92 -0.23738
29.93 -0.13552
29.94 -0.033664
29.95 0.068195
29.96 0.17005
29.97 0.27191
29.98 0.37377
29.99 0.47563
30 0.57749
